13	2	0.96664
14	2	0.96295
15	2	0.96914
16	2	0.96232
17	2	0.96738
18	2	0.95469
19	2	0.98932
20	2	0.98791
21	2	0.97536
23	2	0.97495
25	2	0.97351
26	2	0.97669
27	2	0.98691
29	2	0.93784
32	2	0.97883
33	2	0.95424
38	2	0.98503
40	2	0.94427
44	2	0.95953
53	2	0.96882
55	2	0.93699
58	2	0.96651
61	2	0.98621
62	2	0.93818
63	2	0.97225
64	2	0.96889
65	2	0.97657
67	2	0.98502
68	2	0.97873
70	2	0.98772
71	2	0.97815
75	2	0.97131
77	2	0.96069
78	2	0.99061
81	2	0.97534
86	2	0.94616
88	2	0.94294
91	2	0.98666
92	2	0.96952
95	2	0.96045
98	2	0.97994
99	2	0.98063
104	2	0.95101
106	2	0.98748
108	2	0.96299
109	2	0.97766
110	2	0.96189
111	2	0.93973
112	2	0.9384
114	2	0.96043
117	2	0.98007
121	2	0.97243
123	2	0.98134
124	2	0.95672
126	2	0.94687
127	2	0.97222
130	2	0.95993
132	2	0.9797
133	2	0.961
135	2	0.95117
138	2	0.97097
141	2	0.98573
142	2	0.96213
143	2	0.98677
147	2	0.95862
4	3	0.90348
5	3	0.79869
7	3	0.82167
8	3	0.97742
10	3	0.85911
11	3	0.87988
22	3	0.83233
28	3	0.86085
33	3	0.78692
34	3	0.8432
36	3	0.88839
37	3	0.89369
40	3	0.77275
41	3	0.80247
42	3	0.86663
45	3	0.90866
46	3	0.82203
48	3	0.89797
49	3	0.84797
50	3	0.87941
52	3	0.83864
53	3	0.77743
55	3	0.82815
56	3	0.93026
57	3	0.88289
62	3	0.81496
73	3	0.87051
74	3	0.86804
76	3	0.88475
83	3	0.77784
84	3	0.81523
85	3	0.86771
87	3	0.80175
94	3	0.86984
96	3	0.90679
97	3	0.88648
100	3	0.87138
101	3	0.84112
102	3	0.80437
104	3	0.78722
113	3	0.8603
114	3	0.80067
116	3	0.77693
120	3	0.79082
124	3	0.78115
128	3	0.92266
133	3	0.79389
134	3	0.8942
140	3	0.81443
144	3	0.89763
3	4	0.90348
5	4	0.96951
7	4	0.97426
8	4	0.90708
9	4	0.89996
10	4	0.95914
11	4	0.94106
12	4	0.94831
14	4	0.93432
22	4	0.77969
25	4	0.92713
28	4	0.99095
29	4	0.93403
33	4	0.93821
34	4	0.92103
36	4	0.94762
37	4	0.93805
40	4	0.93402
41	4	0.9706
42	4	0.98345
45	4	0.96613
46	4	0.98059
48	4	0.96948
49	4	0.98118
50	4	0.77364
52	4	0.89524
53	4	0.91915
55	4	0.95579
56	4	0.95271
57	4	0.91717
62	4	0.94014
73	4	0.82482
74	4	0.96395
75	4	0.91954
76	4	0.96406
80	4	0.93944
83	4	0.95681
84	4	0.96518
85	4	0.97024
87	4	0.95501
93	4	0.93781
94	4	0.97914
96	4	0.97509
97	4	0.98574
100	4	0.97744
101	4	0.93536
102	4	0.91876
104	4	0.94348
113	4	0.98251
114	4	0.94076
116	4	0.95576
120	4	0.9674
124	4	0.93413
128	4	0.98132
133	4	0.93027
134	4	0.95416
140	4	0.9225
144	4	0.94761
3	5	0.79869
4	5	0.96951
7	5	0.98455
8	5	0.79316
9	5	0.94047
10	5	0.9305
11	5	0.91066
12	5	0.97294
14	5	0.94281
18	5	0.96635
22	5	0.74542
24	5	0.95607
25	5	0.93943
28	5	0.98725
29	5	0.96151
33	5	0.96036
34	5	0.93739
36	5	0.91684
37	5	0.91587
40	5	0.96726
41	5	0.99685
42	5	0.98416
45	5	0.93743
46	5	0.99455
48	5	0.94135
49	5	0.98931
52	5	0.88556
54	5	0.93867
55	5	0.94485
56	5	0.92334
57	5	0.88968
58	5	0.93923
62	5	0.9446
74	5	0.94616
75	5	0.95383
76	5	0.94015
80	5	0.97132
83	5	0.9857
84	5	0.98741
85	5	0.96464
87	5	0.95947
92	5	0.93716
93	5	0.96896
94	5	0.96647
96	5	0.95646
97	5	0.96822
100	5	0.97647
101	5	0.93801
102	5	0.95054
104	5	0.96444
113	5	0.98438
114	5	0.94596
116	5	0.99451
120	5	0.98728
128	5	0.94921
133	5	0.9373
134	5	0.93882
140	5	0.94383
144	5	0.91467
146	5	0.9739
148	5	0.94364
149	5	0.8996
13	6	0.98881
17	6	0.98279
26	6	0.96214
27	6	0.9674
30	6	0.9924
31	6	0.98735
32	6	0.96759
35	6	0.974
39	6	0.99955
43	6	0.97406
44	6	0.96407
47	6	0.98593
51	6	0.97258
59	6	0.98187
60	6	0.99292
61	6	0.96553
63	6	0.96712
65	6	0.97347
66	6	0.86986
67	6	0.97723
68	6	0.98324
69	6	0.96314
70	6	0.96855
71	6	0.97538
72	6	0.95021
79	6	0.98473
82	6	0.96155
86	6	0.95477
88	6	0.95835
89	6	0.98257
90	6	0.96962
95	6	0.99439
98	6	0.97445
103	6	0.9862
105	6	0.90707
106	6	0.96192
107	6	0.98533
108	6	0.99307
109	6	0.9739
110	6	0.9944
111	6	0.94636
115	6	0.98613
117	6	0.97058
118	6	0.91367
119	6	0.97277
121	6	0.96844
122	6	0.94186
123	6	0.97805
125	6	0.98659
127	6	0.98737
129	6	0.92826
130	6	0.97529
131	6	0.97829
136	6	0.99116
137	6	0.96754
138	6	0.96908
139	6	0.98784
141	6	0.96483
142	6	0.97668
145	6	0.99198
147	6	0.98648
149	6	0.92155
150	6	0.93718
3	7	0.82167
4	7	0.97426
5	7	0.98455
8	7	0.82627
9	7	0.89619
10	7	0.95815
11	7	0.89104
12	7	0.98025
14	7	0.97025
15	7	0.93201
18	7	0.98184
19	7	0.93963
20	7	0.93313
22	7	0.78701
24	7	0.96306
25	7	0.97246
28	7	0.97475
29	7	0.96722
33	7	0.97861
34	7	0.90189
36	7	0.94089
37	7	0.93072
40	7	0.97278
41	7	0.97856
42	7	0.96881
45	7	0.91216
46	7	0.99139
48	7	0.92419
49	7	0.9724
50	7	0.74285
52	7	0.88096
53	7	0.96845
55	7	0.97563
56	7	0.91488
57	7	0.89643
58	7	0.95346
62	7	0.98051
73	7	0.82203
74	7	0.93242
75	7	0.97119
76	7	0.96938
80	7	0.97388
83	7	0.99007
84	7	0.99023
85	7	0.96797
87	7	0.98236
92	7	0.95334
93	7	0.97853
94	7	0.95437
96	7	0.96345
97	7	0.98103
100	7	0.97461
101	7	0.88435
102	7	0.95475
104	7	0.9775
113	7	0.99177
114	7	0.97898
116	7	0.969
120	7	0.98534
124	7	0.96855
126	7	0.93162
128	7	0.94875
132	7	0.96476
133	7	0.97059
134	7	0.93059
140	7	0.914
144	7	0.93674
146	7	0.9652
148	7	0.95121
3	8	0.97742
4	8	0.90708
5	8	0.79316
7	8	0.82627
10	8	0.88978
11	8	0.88917
14	8	0.78554
22	8	0.81016
28	8	0.86538
29	8	0.79167
33	8	0.79937
34	8	0.82421
36	8	0.90282
37	8	0.89775
41	8	0.79364
42	8	0.85942
45	8	0.90327
46	8	0.82999
48	8	0.90943
49	8	0.83356
50	8	0.88525
52	8	0.8597
53	8	0.7957
55	8	0.85728
56	8	0.91556
57	8	0.84094
62	8	0.82581
73	8	0.88518
74	8	0.87494
76	8	0.88854
84	8	0.82067
85	8	0.87848
87	8	0.81855
93	8	0.788
94	8	0.88185
96	8	0.90341
97	8	0.89825
100	8	0.8733
101	8	0.82455
102	8	0.79365
104	8	0.79909
113	8	0.86005
114	8	0.81421
120	8	0.80256
124	8	0.81284
128	8	0.92621
133	8	0.80318
134	8	0.88589
140	8	0.79339
144	8	0.91242
4	9	0.89996
5	9	0.94047
7	9	0.89619
10	9	0.84218
11	9	0.94371
12	9	0.84708
18	9	0.85844
22	9	0.78296
24	9	0.86231
28	9	0.93212
29	9	0.85735
33	9	0.84474
34	9	0.93371
36	9	0.85669
37	9	0.89071
40	9	0.86108
41	9	0.92969
42	9	0.91801
45	9	0.94718
46	9	0.92272
48	9	0.92225
49	9	0.94611
52	9	0.84986
55	9	0.83184
56	9	0.93185
57	9	0.85253
62	9	0.83081
74	9	0.88683
75	9	0.81998
76	9	0.83017
80	9	0.84543
83	9	0.89144
84	9	0.91616
85	9	0.90418
87	9	0.82425
93	9	0.9146
94	9	0.90614
96	9	0.92875
97	9	0.89224
100	9	0.91773
101	9	0.94732
102	9	0.94794
104	9	0.85225
113	9	0.9036
116	9	0.94753
120	9	0.88277
128	9	0.91902
134	9	0.96197
140	9	0.98691
144	9	0.87631
146	9	0.85652
3	10	0.85911
4	10	0.95914
5	10	0.9305
7	10	0.95815
8	10	0.88978
9	10	0.84218
11	10	0.89921
12	10	0.95028
14	10	0.94666
15	10	0.936
18	10	0.92327
21	10	0.91104
22	10	0.75082
25	10	0.95173
28	10	0.95409
29	10	0.95024
33	10	0.95588
34	10	0.89879
36	10	0.95579
37	10	0.96607
38	10	0.91164
40	10	0.94568
41	10	0.91354
42	10	0.93482
45	10	0.90486
46	10	0.95971
48	10	0.93247
49	10	0.91128
50	10	0.7948
52	10	0.93387
53	10	0.95033
55	10	0.99002
56	10	0.90667
57	10	0.89464
58	10	0.93058
62	10	0.94976
73	10	0.89788
74	10	0.93078
75	10	0.94093
76	10	0.95052
80	10	0.9418
83	10	0.92229
84	10	0.96171
85	10	0.96398
87	10	0.9591
92	10	0.92032
93	10	0.95648
94	10	0.94788
96	10	0.9408
97	10	0.97285
100	10	0.97247
101	10	0.86901
102	10	0.90926
104	10	0.96668
113	10	0.95918
114	10	0.96374
120	10	0.95103
124	10	0.98105
128	10	0.94688
132	10	0.93497
133	10	0.95342
134	10	0.90707
140	10	0.84535
144	10	0.9807
3	11	0.87988
4	11	0.94106
5	11	0.91066
7	11	0.89104
8	11	0.88917
9	11	0.94371
10	11	0.89921
12	11	0.83815
22	11	0.76884
28	11	0.94444
29	11	0.83962
33	11	0.83049
34	11	0.90596
36	11	0.88621
37	11	0.91556
40	11	0.83127
41	11	0.90302
42	11	0.91697
45	11	0.97419
46	11	0.91646
48	11	0.95464
49	11	0.93276
52	11	0.86251
55	11	0.86246
56	11	0.94472
57	11	0.88323
62	11	0.82582
74	11	0.91121
76	11	0.8515
80	11	0.83553
83	11	0.86254
84	11	0.8952
85	11	0.91807
87	11	0.83145
93	11	0.88913
94	11	0.92607
96	11	0.93734
97	11	0.91526
100	11	0.92396
101	11	0.9433
102	11	0.89752
104	11	0.8416
113	11	0.90122
114	11	0.81619
116	11	0.9152
120	11	0.87596
124	11	0.82964
128	11	0.94819
134	11	0.96323
140	11	0.94398
144	11	0.92064
4	12	0.94831
5	12	0.97294
7	12	0.98025
9	12	0.84708
10	12	0.95028
11	12	0.83815
14	12	0.98898
15	12	0.94362
18	12	0.98048
19	12	0.96528
20	12	0.97029
24	12	0.9572
25	12	0.986
28	12	0.95842
29	12	0.97707
32	12	0.96305
33	12	0.98462
34	12	0.89693
36	12	0.9083
37	12	0.90353
38	12	0.9548
40	12	0.98477
41	12	0.96685
42	12	0.95902
44	12	0.96282
45	12	0.86872
46	12	0.97891
48	12	0.89309
49	12	0.94307
52	12	0.87933
53	12	0.97004
54	12	0.97085
55	12	0.97275
56	12	0.86338
57	12	0.86371
58	12	0.98679
62	12	0.96348
63	12	0.95977
66	12	0.87619
74	12	0.93038
75	12	0.98765
76	12	0.95105
80	12	0.9956
83	12	0.97499
84	12	0.97898
85	12	0.95056
87	12	0.98687
91	12	0.96816
92	12	0.9859
93	12	0.95665
94	12	0.94065
96	12	0.91438
97	12	0.95827
98	12	0.95354
99	12	0.95453
100	12	0.96492
101	12	0.8721
102	12	0.90581
104	12	0.99068
111	12	0.96901
112	12	0.97248
113	12	0.97463
114	12	0.98252
116	12	0.95519
120	12	0.99067
124	12	0.97353
126	12	0.91921
128	12	0.90881
130	12	0.95411
132	12	0.97692
133	12	0.98048
134	12	0.86618
140	12	0.84873
141	12	0.95992
144	12	0.90952
146	12	0.98341
148	12	0.97366
149	12	0.92851
2	13	0.96664
6	13	0.98881
16	13	0.94362
17	13	0.9867
19	13	0.97065
20	13	0.97967
23	13	0.93394
26	13	0.97633
27	13	0.98439
30	13	0.97677
31	13	0.97325
32	13	0.98624
35	13	0.95303
38	13	0.95452
39	13	0.99037
43	13	0.9776
44	13	0.9768
47	13	0.98278
51	13	0.94411
54	13	0.94646
59	13	0.97074
60	13	0.97946
61	13	0.99035
63	13	0.99012
65	13	0.99149
66	13	0.87294
67	13	0.99233
68	13	0.99672
69	13	0.93834
70	13	0.99177
71	13	0.99294
72	13	0.92909
77	13	0.96728
78	13	0.9862
79	13	0.96757
81	13	0.98277
82	13	0.96564
86	13	0.96796
88	13	0.96422
89	13	0.96945
90	13	0.95883
91	13	0.97784
95	13	0.99614
98	13	0.99085
99	13	0.97601
103	13	0.98331
105	13	0.86863
106	13	0.97752
107	13	0.97753
108	13	0.99519
109	13	0.98847
110	13	0.99573
111	13	0.95847
112	13	0.95052
115	13	0.95754
117	13	0.99373
118	13	0.87318
119	13	0.94709
121	13	0.98694
122	13	0.90436
123	13	0.99318
125	13	0.97434
127	13	0.99824
129	13	0.88865
130	13	0.98625
131	13	0.96003
135	13	0.96213
136	13	0.97505
137	13	0.96234
138	13	0.9825
139	13	0.98104
141	13	0.98937
142	13	0.99009
143	13	0.9591
145	13	0.98495
147	13	0.99131
148	13	0.96017
149	13	0.91579
150	13	0.90713
2	14	0.96295
4	14	0.93432
5	14	0.94281
7	14	0.97025
8	14	0.78554
10	14	0.94666
12	14	0.98898
15	14	0.96916
16	14	0.93437
18	14	0.9731
19	14	0.98267
20	14	0.97763
21	14	0.96293
23	14	0.94374
24	14	0.93883
25	14	0.99761
28	14	0.93276
29	14	0.9725
32	14	0.96945
33	14	0.98544
36	14	0.91075
38	14	0.98315
40	14	0.97804
41	14	0.93935
42	14	0.93802
44	14	0.96389
46	14	0.95863
49	14	0.91318
52	14	0.86712
53	14	0.98833
54	14	0.95932
55	14	0.978
58	14	0.99156
61	14	0.96178
62	14	0.97574
63	14	0.97094
64	14	0.94675
65	14	0.96139
70	14	0.96658
71	14	0.96428
73	14	0.80972
74	14	0.90682
75	14	0.98983
76	14	0.96418
78	14	0.96843
80	14	0.98133
81	14	0.95533
83	14	0.96483
84	14	0.96267
85	14	0.93754
87	14	0.99464
91	14	0.98497
92	14	0.9927
93	14	0.93865
94	14	0.9247
97	14	0.95398
98	14	0.96171
99	14	0.95712
100	14	0.94474
104	14	0.98465
109	14	0.95772
111	14	0.95544
112	14	0.96072
113	14	0.96513
114	14	0.99238
116	14	0.91668
117	14	0.96782
120	14	0.97774
124	14	0.9799
126	14	0.95633
130	14	0.95688
132	14	0.99275
133	14	0.99137
141	14	0.97268
143	14	0.96561
144	14	0.89671
146	14	0.9662
148	14	0.9683
149	14	0.90253
2	15	0.96914
7	15	0.93201
10	15	0.936
12	15	0.94362
14	15	0.96916
18	15	0.94986
19	15	0.96763
20	15	0.94907
21	15	0.99572
22	15	0.74913
23	15	0.97609
25	15	0.97641
27	15	0.93243
29	15	0.96468
32	15	0.92685
33	15	0.97907
36	15	0.92288
37	15	0.90041
38	15	0.98721
40	15	0.96718
50	15	0.78562
52	15	0.90029
53	15	0.98798
55	15	0.97023
58	15	0.95595
61	15	0.94442
62	15	0.9778
63	15	0.92705
64	15	0.99029
67	15	0.9287
70	15	0.94212
71	15	0.9279
73	15	0.8712
75	15	0.97425
76	15	0.95612
78	15	0.95207
81	15	0.93748
84	15	0.94141
87	15	0.96883
91	15	0.95974
92	15	0.95683
93	15	0.93009
97	15	0.93428
99	15	0.93027
104	15	0.96967
106	15	0.93373
113	15	0.93547
114	15	0.98326
117	15	0.93499
120	15	0.92931
124	15	0.96435
126	15	0.97991
132	15	0.97682
133	15	0.98306
141	15	0.94268
143	15	0.96386
144	15	0.90536
2	16	0.96232
13	16	0.94362
14	16	0.93437
17	16	0.94754
18	16	0.96839
19	16	0.97
20	16	0.96629
23	16	0.95087
24	16	0.97479
25	16	0.95115
26	16	0.9445
27	16	0.97384
32	16	0.96238
38	16	0.94073
44	16	0.93442
47	16	0.95208
53	16	0.94675
58	16	0.93244
61	16	0.97012
62	16	0.93323
63	16	0.95633
64	16	0.92481
65	16	0.96582
66	16	0.87181
67	16	0.95738
68	16	0.95995
70	16	0.96661
71	16	0.9461
75	16	0.94973
77	16	0.94317
78	16	0.97576
81	16	0.97741
91	16	0.95136
92	16	0.93926
93	16	0.92754
98	16	0.96056
99	16	0.98435
106	16	0.94098
109	16	0.96944
110	16	0.93972
114	16	0.93564
117	16	0.96076
123	16	0.94919
124	16	0.93436
126	16	0.92987
127	16	0.93853
130	16	0.94384
132	16	0.96197
138	16	0.93387
141	16	0.96478
143	16	0.94413
146	16	0.936
147	16	0.93779
148	16	0.96113
2	17	0.96738
6	17	0.98279
13	17	0.9867
16	17	0.94754
20	17	0.96794
26	17	0.98697
27	17	0.98404
30	17	0.97851
31	17	0.98027
32	17	0.97399
35	17	0.9717
39	17	0.98186
43	17	0.98524
44	17	0.95481
47	17	0.98522
51	17	0.95246
59	17	0.98094
60	17	0.98742
61	17	0.97696
63	17	0.97019
65	17	0.97471
66	17	0.86794
67	17	0.98191
68	17	0.98527
69	17	0.96074
70	17	0.97875
71	17	0.97509
72	17	0.94819
77	17	0.96946
78	17	0.97584
79	17	0.97553
81	17	0.97048
82	17	0.96764
86	17	0.9702
88	17	0.97471
89	17	0.97676
90	17	0.96597
95	17	0.98589
98	17	0.97964
99	17	0.97511
103	17	0.99362
105	17	0.89492
106	17	0.98213
107	17	0.98732
108	17	0.98993
109	17	0.98114
110	17	0.99407
111	17	0.93989
115	17	0.95904
117	17	0.97593
118	17	0.89753
119	17	0.95745
121	17	0.97871
122	17	0.92465
123	17	0.99055
125	17	0.97527
127	17	0.98736
129	17	0.91104
130	17	0.96872
131	17	0.97305
135	17	0.96723
136	17	0.98057
137	17	0.97669
138	17	0.98613
139	17	0.98906
141	17	0.9759
142	17	0.98725
143	17	0.95901
145	17	0.97181
147	17	0.97616
150	17	0.931
2	18	0.95469
5	18	0.96635
7	18	0.98184
9	18	0.85844
10	18	0.92327
12	18	0.98048
14	18	0.9731
15	18	0.94986
16	18	0.96839
19	18	0.97316
20	18	0.972
21	18	0.93486
22	18	0.73972
24	18	0.98672
25	18	0.97951
27	18	0.96037
28	18	0.93229
29	18	0.97294
32	18	0.96128
33	18	0.98457
34	18	0.8711
38	18	0.95556
40	18	0.98212
41	18	0.95631
42	18	0.93301
44	18	0.94758
46	18	0.96853
49	18	0.93141
53	18	0.97469
54	18	0.95331
55	18	0.95938
57	18	0.84302
58	18	0.96833
61	18	0.95757
62	18	0.97688
63	18	0.95889
64	18	0.92567
65	18	0.95857
66	18	0.88011
70	18	0.95378
75	18	0.98845
76	18	0.94171
78	18	0.96281
80	18	0.97639
81	18	0.96206
83	18	0.98344
84	18	0.97957
85	18	0.93735
87	18	0.97637
91	18	0.96125
92	18	0.97193
93	18	0.97451
96	18	0.91538
97	18	0.94479
98	18	0.95734
99	18	0.97544
100	18	0.94446
101	18	0.82682
102	18	0.94116
104	18	0.97979
109	18	0.9596
111	18	0.95362
112	18	0.95083
113	18	0.96702
114	18	0.97869
116	18	0.94946
117	18	0.95483
120	18	0.97436
124	18	0.96128
126	18	0.94071
132	18	0.97929
133	18	0.97398
134	18	0.87028
140	18	0.86706
141	18	0.96309
146	18	0.98026
148	18	0.98115
149	18	0.90417
2	19	0.98932
7	19	0.93963
12	19	0.96528
13	19	0.97065
14	19	0.98267
15	19	0.96763
16	19	0.97
18	19	0.97316
20	19	0.9944
21	19	0.96813
23	19	0.97268
24	19	0.95167
25	19	0.98772
27	19	0.98587
29	19	0.95832
32	19	0.98758
33	19	0.9698
38	19	0.98791
40	19	0.96148
44	19	0.97596
53	19	0.97811
54	19	0.95566
55	19	0.94954
58	19	0.98576
61	19	0.99212
62	19	0.95843
63	19	0.98557
64	19	0.96366
65	19	0.98882
66	19	0.87284
67	19	0.98739
68	19	0.98393
70	19	0.99283
71	19	0.98578
75	19	0.98688
77	19	0.94721
78	19	0.99435
80	19	0.96334
81	19	0.98373
83	19	0.94618
87	19	0.97301
91	19	0.9959
92	19	0.98957
98	19	0.98641
99	19	0.98513
104	19	0.9623
106	19	0.97377
109	19	0.98454
111	19	0.95897
112	19	0.96137
114	19	0.97345
117	19	0.98958
120	19	0.94921
121	19	0.96295
123	19	0.97323
124	19	0.96136
126	19	0.95433
127	19	0.97155
130	19	0.97406
132	19	0.98982
133	19	0.97078
141	19	0.99232
143	19	0.97328
146	19	0.96091
147	19	0.96904
148	19	0.97677
149	19	0.90729
2	20	0.98791
7	20	0.93313
12	20	0.97029
13	20	0.97967
14	20	0.97763
15	20	0.94907
16	20	0.96629
17	20	0.96794
18	20	0.972
19	20	0.9944
21	20	0.95129
23	20	0.94989
24	20	0.9564
25	20	0.98125
26	20	0.96673
27	20	0.99314
29	20	0.94899
32	20	0.9975
33	20	0.9617
38	20	0.97743
40	20	0.9575
44	20	0.98941
53	20	0.96512
54	20	0.97073
58	20	0.98534
61	20	0.99232
62	20	0.93963
63	20	0.99362
64	20	0.93784
65	20	0.99416
66	20	0.89267
67	20	0.99255
68	20	0.99068
70	20	0.99503
71	20	0.99385
75	20	0.98217
78	20	0.9938
80	20	0.97188
81	20	0.98276
83	20	0.93856
87	20	0.96178
91	20	0.99593
92	20	0.98928
95	20	0.97228
98	20	0.99647
99	20	0.99277
104	20	0.96077
106	20	0.98557
108	20	0.9686
109	20	0.99531
110	20	0.97501
111	20	0.97977
112	20	0.97814
114	20	0.96351
117	20	0.9941
120	20	0.94697
123	20	0.97759
124	20	0.95491
126	20	0.92894
127	20	0.97952
130	20	0.98933
132	20	0.98359
133	20	0.96397
141	20	0.99789
143	20	0.97505
145	20	0.96524
146	20	0.96788
147	20	0.98498
148	20	0.98464
149	20	0.93496
2	21	0.97536
10	21	0.91104
14	21	0.96293
15	21	0.99572
18	21	0.93486
19	21	0.96813
20	21	0.95129
23	21	0.98326
25	21	0.96983
26	21	0.93016
27	21	0.93914
29	21	0.94297
32	21	0.93193
33	21	0.9632
38	21	0.99222
40	21	0.94877
50	21	0.7619
52	21	0.86351
53	21	0.98207
55	21	0.95145
58	21	0.9485
61	21	0.95382
62	21	0.96242
63	21	0.93476
64	21	0.99272
65	21	0.93354
67	21	0.93987
68	21	0.9312
70	21	0.95172
71	21	0.93819
73	21	0.85672
75	21	0.96247
76	21	0.93713
77	21	0.9329
78	21	0.96008
81	21	0.94658
87	21	0.95437
91	21	0.96389
92	21	0.95163
98	21	0.93335
99	21	0.93216
104	21	0.95311
106	21	0.94468
114	21	0.97259
117	21	0.94486
121	21	0.94423
123	21	0.93869
124	21	0.95254
126	21	0.98015
132	21	0.97492
133	21	0.97612
138	21	0.92981
141	21	0.94982
143	21	0.97473
3	22	0.83233
4	22	0.77969
5	22	0.74542
7	22	0.78701
8	22	0.81016
9	22	0.78296
10	22	0.75082
11	22	0.76884
15	22	0.74913
18	22	0.73972
28	22	0.75251
29	22	0.73391
33	22	0.75981
34	22	0.77148
36	22	0.85041
37	22	0.84814
40	22	0.74225
41	22	0.7347
42	22	0.76534
45	22	0.79994
46	22	0.75657
48	22	0.78651
49	22	0.77914
50	22	0.89262
52	22	0.77463
53	22	0.75853
55	22	0.75744
56	22	0.88534
57	22	0.74263
62	22	0.8225
73	22	0.84045
74	22	0.74152
76	22	0.83294
83	22	0.75724
84	22	0.78906
85	22	0.80504
93	22	0.78703
94	22	0.7576
96	22	0.8844
97	22	0.81804
100	22	0.79222
102	22	0.8856
113	22	0.80877
114	22	0.75753
126	22	0.79328
128	22	0.84613
133	22	0.74907
134	22	0.88403
140	22	0.83898
144	22	0.83151
2	23	0.97495
13	23	0.93394
14	23	0.94374
15	23	0.97609
16	23	0.95087
19	23	0.97268
20	23	0.94989
21	23	0.98326
25	23	0.95709
26	23	0.94314
27	23	0.9504
32	23	0.93434
33	23	0.93864
38	23	0.98223
50	23	0.72069
53	23	0.96996
61	23	0.96673
62	23	0.95112
63	23	0.93733
64	23	0.99318
65	23	0.94513
67	23	0.94942
68	23	0.94492
70	23	0.96133
71	23	0.93852
73	23	0.80945
75	23	0.94773
77	23	0.9661
78	23	0.97145
81	23	0.96571
86	23	0.94439
87	23	0.93622
91	23	0.95833
92	23	0.93734
98	23	0.93735
99	23	0.94474
106	23	0.93871
109	23	0.93394
114	23	0.95162
117	23	0.95183
121	23	0.95884
123	23	0.95441
124	23	0.93412
126	23	0.98191
127	23	0.93795
132	23	0.96867
133	23	0.94945
135	23	0.95367
138	23	0.95191
141	23	0.95275
142	23	0.94293
143	23	0.96383
5	24	0.95607
7	24	0.96306
9	24	0.86231
12	24	0.9572
14	24	0.93883
16	24	0.97479
18	24	0.98672
19	24	0.95167
20	24	0.9564
25	24	0.94846
27	24	0.95178
29	24	0.94038
32	24	0.9521
33	24	0.94761
40	24	0.94684
41	24	0.94611
44	24	0.93947
46	24	0.9516
49	24	0.91765
53	24	0.93408
54	24	0.95052
58	24	0.94347
61	24	0.94042
62	24	0.93737
63	24	0.94437
65	24	0.94909
66	24	0.90109
70	24	0.93749
75	24	0.96129
78	24	0.94483
80	24	0.9648
81	24	0.94684
83	24	0.97316
84	24	0.95373
87	24	0.94322
91	24	0.93553
92	24	0.94719
93	24	0.96252
98	24	0.94661
99	24	0.97183
102	24	0.92098
104	24	0.94377
109	24	0.95561
111	24	0.95211
112	24	0.94634
114	24	0.93887
116	24	0.95084
117	24	0.93819
120	24	0.95514
130	24	0.94137
132	24	0.94837
140	24	0.86544
141	24	0.94645
146	24	0.97792
148	24	0.97828
149	24	0.91726
2	25	0.97351
4	25	0.92713
5	25	0.93943
7	25	0.97246
10	25	0.95173
12	25	0.986
14	25	0.99761
15	25	0.97641
16	25	0.95115
18	25	0.97951
19	25	0.98772
20	25	0.98125
21	25	0.96983
23	25	0.95709
24	25	0.94846
29	25	0.97363
32	25	0.9715
33	25	0.98784
36	25	0.91379
37	25	0.89137
38	25	0.98678
40	25	0.97818
41	25	0.93195
42	25	0.9271
44	25	0.96009
46	25	0.95731
50	25	0.71753
52	25	0.86722
53	25	0.99384
54	25	0.9507
55	25	0.98255
58	25	0.98899
61	25	0.96724
62	25	0.98104
63	25	0.97041
64	25	0.95886
65	25	0.96384
70	25	0.97115
71	25	0.96391
73	25	0.82209
75	25	0.9925
76	25	0.96043
78	25	0.97532
80	25	0.97935
81	25	0.96235
83	25	0.96434
84	25	0.96488
85	25	0.93711
87	25	0.99332
91	25	0.98567
92	25	0.98991
93	25	0.95022
94	25	0.91652
97	25	0.95233
98	25	0.96409
99	25	0.96597
100	25	0.94238
104	25	0.98589
109	25	0.96213
111	25	0.95062
112	25	0.95433
113	25	0.96244
114	25	0.99522
117	25	0.96947
120	25	0.97365
124	25	0.98732
126	25	0.96529
130	25	0.95472
132	25	0.9972
133	25	0.99251
141	25	0.97563
143	25	0.97345
144	25	0.90291
146	25	0.96346
148	25	0.96771
2	26	0.97669
6	26	0.96214
13	26	0.97633
16	26	0.9445
17	26	0.98697
20	26	0.96673
21	26	0.93016
23	26	0.94314
27	26	0.97978
30	26	0.95829
31	26	0.96456
32	26	0.96659
35	26	0.9497
39	26	0.96199
43	26	0.9777
44	26	0.94624
47	26	0.96915
51	26	0.92699
59	26	0.96956
60	26	0.96901
61	26	0.97634
63	26	0.96258
64	26	0.92113
65	26	0.96829
67	26	0.97852
68	26	0.97822
69	26	0.9401
70	26	0.97716
71	26	0.96997
72	26	0.93055
77	26	0.97155
78	26	0.97659
79	26	0.95603
81	26	0.96776
82	26	0.96633
86	26	0.96987
88	26	0.97143
89	26	0.95939
90	26	0.95345
91	26	0.96031
95	26	0.97426
98	26	0.97225
99	26	0.96861
103	26	0.97879
105	26	0.86971
106	26	0.98155
107	26	0.97373
108	26	0.97975
109	26	0.97145
110	26	0.97872
115	26	0.93052
117	26	0.97146
118	26	0.8716
119	26	0.93621
121	26	0.98048
122	26	0.89865
123	26	0.98746
125	26	0.9608
127	26	0.98006
129	26	0.8842
130	26	0.95493
131	26	0.95449
135	26	0.96986
136	26	0.9595
137	26	0.96433
138	26	0.98495
139	26	0.97296
141	26	0.97266
142	26	0.98118
143	26	0.96633
147	26	0.96147
150	26	0.91108
2	27	0.98691
6	27	0.9674
13	27	0.98439
15	27	0.93243
16	27	0.97384
17	27	0.98404
18	27	0.96037
19	27	0.98587
20	27	0.99314
21	27	0.93914
23	27	0.9504
24	27	0.95178
26	27	0.97978
32	27	0.99132
35	27	0.92435
38	27	0.96418
39	27	0.96848
43	27	0.96086
44	27	0.9773
47	27	0.9754
54	27	0.95134
58	27	0.96081
59	27	0.95048
60	27	0.95806
61	27	0.99457
63	27	0.98719
64	27	0.93
65	27	0.99384
66	27	0.89573
67	27	0.99205
68	27	0.9936
69	27	0.90884
70	27	0.99327
71	27	0.98878
75	27	0.96352
77	27	0.95557
78	27	0.99342
81	27	0.98774
86	27	0.94714
88	27	0.94627
91	27	0.9832
92	27	0.96757
95	27	0.97791
98	27	0.99516
99	27	0.99633
103	27	0.96713
105	27	0.81679
106	27	0.99139
107	27	0.95572
108	27	0.9781
109	27	0.99549
110	27	0.98365
111	27	0.9663
112	27	0.9596
117	27	0.99098
118	27	0.8227
121	27	0.97323
122	27	0.86004
123	27	0.98477
126	27	0.91545
127	27	0.98318
130	27	0.98278
131	27	0.93211
132	27	0.96711
135	27	0.94664
137	27	0.93489
138	27	0.97017
139	27	0.95864
141	27	0.99375
142	27	0.96972
143	27	0.96763
145	27	0.96891
146	27	0.94781
147	27	0.98317
148	27	0.97544
149	27	0.91972
3	28	0.86085
4	28	0.99095
5	28	0.98725
7	28	0.97475
8	28	0.86538
9	28	0.93212
10	28	0.95409
11	28	0.94444
12	28	0.95842
14	28	0.93276
18	28	0.93229
22	28	0.75251
29	28	0.9532
33	28	0.94705
34	28	0.94656
36	28	0.9411
37	28	0.93636
40	28	0.95141
41	28	0.98567
42	28	0.99191
45	28	0.97115
46	28	0.99255
48	28	0.9779
49	28	0.98792
50	28	0.72514
52	28	0.9148
55	28	0.95358
56	28	0.9501
57	28	0.90974
62	28	0.93434
74	28	0.9714
75	28	0.93342
76	28	0.94938
80	28	0.95469
83	28	0.96671
84	28	0.97895
85	28	0.9773
87	28	0.95551
93	28	0.95665
94	28	0.98976
96	28	0.9714
97	28	0.98357
100	28	0.98566
101	28	0.95993
102	28	0.93234
104	28	0.95462
113	28	0.98419
114	28	0.9376
116	28	0.9776
120	28	0.98103
124	28	0.93014
128	28	0.97858
134	28	0.9568
140	28	0.94036
144	28	0.94105
146	28	0.94356
2	29	0.93784
4	29	0.93403
5	29	0.96151
7	29	0.96722
8	29	0.79167
9	29	0.85735
10	29	0.95024
11	29	0.83962
12	29	0.97707
14	29	0.9725
15	29	0.96468
18	29	0.97294
19	29	0.95832
20	29	0.94899
21	29	0.94297
22	29	0.73391
24	29	0.94038
25	29	0.97363
28	29	0.9532
33	29	0.99197
34	29	0.91765
36	29	0.948
37	29	0.91988
38	29	0.95059
40	29	0.99428
41	29	0.95321
42	29	0.95808
45	29	0.8806
46	29	0.97454
48	29	0.91961
49	29	0.92916
50	29	0.73678
52	29	0.93482
53	29	0.96657
55	29	0.97635
56	29	0.88786
57	29	0.85132
58	29	0.97616
62	29	0.97268
64	29	0.93231
73	29	0.80696
74	29	0.93238
75	29	0.9893
76	29	0.95918
80	29	0.96896
83	29	0.96941
84	29	0.98531
85	29	0.97633
87	29	0.98404
91	29	0.95092
92	29	0.9729
93	29	0.9717
94	29	0.95879
96	29	0.93531
97	29	0.97043
100	29	0.96982
101	29	0.87379
102	29	0.92664
104	29	0.98936
112	29	0.93836
113	29	0.97513
114	29	0.97838
116	29	0.94018
120	29	0.98332
124	29	0.9602
126	29	0.92563
128	29	0.92926
132	29	0.96076
133	29	0.97164
134	29	0.88758
140	29	0.86334
144	29	0.92091
146	29	0.96673
148	29	0.94594
6	30	0.9924
13	30	0.97677
17	30	0.97851
26	30	0.95829
31	30	0.99775
35	30	0.99243
39	30	0.99014
43	30	0.9849
47	30	0.98101
51	30	0.99249
59	30	0.99193
60	30	0.99801
67	30	0.95869
68	30	0.965
69	30	0.98685
71	30	0.95223
72	30	0.98048
77	30	0.94945
79	30	0.99822
82	30	0.9787
86	30	0.96991
88	30	0.97523
89	30	0.99741
90	30	0.99073
95	30	0.98542
98	30	0.94881
103	30	0.99049
105	30	0.95052
107	30	0.99545
108	30	0.98859
110	30	0.984
115	30	0.99313
118	30	0.95459
119	30	0.99301
121	30	0.9693
122	30	0.97368
123	30	0.97292
125	30	0.99756
127	30	0.97797
129	30	0.96469
131	30	0.99499
135	30	0.95156
136	30	0.99964
137	30	0.98763
138	30	0.97458
139	30	0.99609
142	30	0.98043
145	30	0.97062
147	30	0.96205
150	30	0.97166
6	31	0.98735
13	31	0.97325
17	31	0.98027
26	31	0.96456
30	31	0.99775
35	31	0.99411
39	31	0.98429
43	31	0.99055
47	31	0.98249
51	31	0.99028
59	31	0.99626
60	31	0.99794
67	31	0.95943
68	31	0.96389
69	31	0.99113
71	31	0.94899
72	31	0.98438
77	31	0.9573
79	31	0.99873
82	31	0.98599
86	31	0.97798
88	31	0.98432
89	31	0.99805
90	31	0.99431
95	31	0.98265
103	31	0.99203
105	31	0.95441
106	31	0.95062
107	31	0.99816
108	31	0.98813
110	31	0.98082
115	31	0.98605
118	31	0.9582
119	31	0.99426
121	31	0.97441
122	31	0.97585
123	31	0.97587
125	31	0.99872
127	31	0.97643
129	31	0.96678
131	31	0.99783
135	31	0.95995
136	31	0.99794
137	31	0.99231
138	31	0.98098
139	31	0.99725
142	31	0.98218
145	31	0.9605
147	31	0.9551
150	31	0.97676
2	32	0.97883
6	32	0.96759
12	32	0.96305
13	32	0.98624
14	32	0.96945
15	32	0.92685
16	32	0.96238
17	32	0.97399
18	32	0.96128
19	32	0.98758
20	32	0.9975
21	32	0.93193
23	32	0.93434
24	32	0.9521
25	32	0.9715
26	32	0.96659
27	32	0.99132
38	32	0.96572
39	32	0.97166
44	32	0.99415
53	32	0.95019
54	32	0.97622
58	32	0.97893
61	32	0.99035
63	32	0.99663
65	32	0.99581
66	32	0.89827
67	32	0.9941
68	32	0.99394
70	32	0.9948
71	32	0.99623
75	32	0.96946
78	32	0.99101
80	32	0.96832
81	32	0.98095
87	32	0.94915
91	32	0.99223
92	32	0.98379
95	32	0.98081
98	32	0.99837
99	32	0.99142
104	32	0.94499
106	32	0.98186
108	32	0.97603
109	32	0.99837
110	32	0.98416
111	32	0.98578
112	32	0.98217
114	32	0.94835
117	32	0.99554
123	32	0.97993
124	32	0.94247
127	32	0.98501
130	32	0.9963
132	32	0.97475
133	32	0.94957
141	32	0.99762
143	32	0.96833
145	32	0.97892
146	32	0.96471
147	32	0.99327
148	32	0.98537
149	32	0.94662
2	33	0.95424
3	33	0.78692
4	33	0.93821
5	33	0.96036
7	33	0.97861
8	33	0.79937
9	33	0.84474
10	33	0.95588
11	33	0.83049
12	33	0.98462
14	33	0.98544
15	33	0.97907
18	33	0.98457
19	33	0.9698
20	33	0.9617
21	33	0.9632
22	33	0.75981
23	33	0.93864
24	33	0.94761
25	33	0.98784
28	33	0.94705
29	33	0.99197
34	33	0.90813
36	33	0.94048
37	33	0.92929
38	33	0.97119
40	33	0.99697
41	33	0.95109
42	33	0.95456
45	33	0.86834
46	33	0.97258
48	33	0.90162
49	33	0.92976
50	33	0.7488
52	33	0.91879
53	33	0.98701
55	33	0.98358
56	33	0.8878
57	33	0.85447
58	33	0.97811
62	33	0.98899
64	33	0.94965
73	33	0.83579
74	33	0.9232
75	33	0.99476
76	33	0.97361
78	33	0.94898
80	33	0.97251
83	33	0.973
84	33	0.98718
85	33	0.96601
87	33	0.99106
91	33	0.96309
92	33	0.97797
93	33	0.97058
94	33	0.94419
96	33	0.93672
97	33	0.9719
99	33	0.94754
100	33	0.971
101	33	0.85393
102	33	0.93497
104	33	0.99587
112	33	0.9389
113	33	0.98151
114	33	0.99398
116	33	0.93603
120	33	0.98098
124	33	0.97386
126	33	0.95528
128	33	0.92503
132	33	0.98161
133	33	0.99139
134	33	0.885
140	33	0.85551
141	33	0.95056
144	33	0.93033
146	33	0.96485
148	33	0.9566
3	34	0.8432
4	34	0.92103
5	34	0.93739
7	34	0.90189
8	34	0.82421
9	34	0.93371
10	34	0.89879
11	34	0.90596
12	34	0.89693
18	34	0.8711
22	34	0.77148
28	34	0.94656
29	34	0.91765
33	34	0.90813
36	34	0.91026
37	34	0.95045
40	34	0.92625
41	34	0.92724
42	34	0.9587
45	34	0.95064
46	34	0.93235
48	34	0.95042
49	34	0.93278
50	34	0.72744
52	34	0.95517
55	34	0.89089
56	34	0.96006
57	34	0.84936
62	34	0.87751
74	34	0.94306
75	34	0.87655
76	34	0.90317
80	34	0.87824
83	34	0.88781
84	34	0.94198
85	34	0.9468
87	34	0.88138
93	34	0.90675
94	34	0.94712
96	34	0.9394
97	34	0.93376
100	34	0.96884
101	34	0.96922
102	34	0.92543
104	34	0.91951
113	34	0.93838
114	34	0.87868
116	34	0.92249
120	34	0.91452
128	34	0.94938
133	34	0.87747
134	34	0.9377
140	34	0.91706
144	34	0.93218
146	34	0.86972
6	35	0.974
13	35	0.95303
17	35	0.9717
26	35	0.9497
27	35	0.92435
30	35	0.99243
31	35	0.99411
39	35	0.96908
43	35	0.98393
47	35	0.97022
51	35	0.99442
59	35	0.98714
60	35	0.99246
67	35	0.93096
68	35	0.93851
69	35	0.9972
72	35	0.99074
77	35	0.94224
79	35	0.99704
82	35	0.97407
86	35	0.96676
88	35	0.97618
89	35	0.99571
90	35	0.99115
95	35	0.96259
103	35	0.98521
105	35	0.97328
106	35	0.92909
107	35	0.99275
108	35	0.97074
110	35	0.966
115	35	0.98504
118	35	0.97508
119	35	0.99594
121	35	0.95439
122	35	0.98743
123	35	0.95583
125	35	0.99013
127	35	0.95493
129	35	0.982
131	35	0.99789
135	35	0.95103
136	35	0.99481
137	35	0.99272
138	35	0.9656
139	35	0.99257
142	35	0.96913
145	35	0.94282
147	35	0.93077
150	35	0.98646
3	36	0.88839
4	36	0.94762
5	36	0.91684
7	36	0.94089
8	36	0.90282
9	36	0.85669
10	36	0.95579
11	36	0.88621
12	36	0.9083
14	36	0.91075
15	36	0.92288
22	36	0.85041
25	36	0.91379
28	36	0.9411
29	36	0.948
33	36	0.94048
34	36	0.91026
37	36	0.95787
40	36	0.93253
41	36	0.9074
42	36	0.93877
45	36	0.92362
46	36	0.94286
48	36	0.94881
49	36	0.91592
50	36	0.89672
52	36	0.94488
53	36	0.92747
55	36	0.95796
56	36	0.94714
57	36	0.87831
62	36	0.95198
73	36	0.90308
74	36	0.93033
75	36	0.91389
76	36	0.96477
83	36	0.91858
84	36	0.95226
85	36	0.98486
87	36	0.93892
93	36	0.94029
94	36	0.95347
96	36	0.97396
97	36	0.9759
100	36	0.96077
101	36	0.87116
102	36	0.93
104	36	0.93748
113	36	0.95948
114	36	0.93968
120	36	0.9266
124	36	0.92604
126	36	0.90699
128	36	0.96913
133	36	0.92833
134	36	0.94024
140	36	0.88321
144	36	0.9619
3	37	0.89369
4	37	0.93805
5	37	0.91587
7	37	0.93072
8	37	0.89775
9	37	0.89071
10	37	0.96607
11	37	0.91556
12	37	0.90353
15	37	0.90041
22	37	0.84814
25	37	0.89137
28	37	0.93636
29	37	0.91988
33	37	0.92929
34	37	0.95045
36	37	0.95787
40	37	0.92541
41	37	0.89422
42	37	0.92955
45	37	0.92961
46	37	0.93385
48	37	0.93713
49	37	0.90833
50	37	0.8443
52	37	0.95844
53	37	0.90716
55	37	0.94847
56	37	0.95976
57	37	0.88196
62	37	0.92727
73	37	0.9193
74	37	0.92283
75	37	0.89332
76	37	0.93845
84	37	0.95052
85	37	0.95855
87	37	0.90837
93	37	0.93858
94	37	0.93039
96	37	0.96042
97	37	0.95821
100	37	0.97494
101	37	0.89645
102	37	0.94826
104	37	0.93859
113	37	0.94843
114	37	0.92528
120	37	0.90743
124	37	0.92206
128	37	0.95981
133	37	0.92036
134	37	0.94746
140	37	0.88781
144	37	0.99651
2	38	0.98503
10	38	0.91164
12	38	0.9548
13	38	0.95452
14	38	0.98315
15	38	0.98721
16	38	0.94073
18	38	0.95556
19	38	0.98791
20	38	0.97743
21	38	0.99222
23	38	0.98223
25	38	0.98678
27	38	0.96418
29	38	0.95059
32	38	0.96572
33	38	0.97119
40	38	0.95816
44	38	0.94897
50	38	0.71672
53	38	0.98883
55	38	0.95549
58	38	0.97255
61	38	0.97862
62	38	0.9671
63	38	0.96983
64	38	0.98213
65	38	0.96652
67	38	0.9683
68	38	0.96333
70	38	0.97867
71	38	0.96974
73	38	0.81874
75	38	0.97758
76	38	0.94094
77	38	0.94854
78	38	0.98306
81	38	0.97252
87	38	0.97094
91	38	0.98708
92	38	0.97702
98	38	0.96538
99	38	0.96076
104	38	0.96274
106	38	0.96212
109	38	0.9588
114	38	0.98136
117	38	0.97567
121	38	0.96196
123	38	0.963
124	38	0.96286
126	38	0.97802
127	38	0.95754
132	38	0.99147
133	38	0.98451
135	38	0.93984
141	38	0.97821
143	38	0.98542
6	39	0.99955
13	39	0.99037
17	39	0.98186
26	39	0.96199
27	39	0.96848
30	39	0.99014
31	39	0.98429
32	39	0.97166
35	39	0.96908
43	39	0.97092
44	39	0.96966
47	39	0.98261
51	39	0.96824
54	39	0.93666
59	39	0.98016
60	39	0.99069
61	39	0.96753
63	39	0.97127
65	39	0.97603
66	39	0.87357
67	39	0.98006
68	39	0.98523
69	39	0.95745
70	39	0.97161
71	39	0.97942
72	39	0.94554
79	39	0.98107
82	39	0.96007
86	39	0.95233
88	39	0.9551
89	39	0.97962
90	39	0.96639
95	39	0.99591
98	39	0.97744
103	39	0.98457
105	39	0.89893
106	39	0.96385
107	39	0.98304
108	39	0.99372
109	39	0.97641
110	39	0.99516
111	39	0.95217
112	39	0.94382
115	39	0.9842
117	39	0.97394
118	39	0.90551
119	39	0.96805
121	39	0.96881
122	39	0.93492
123	39	0.97917
125	39	0.98435
127	39	0.9894
129	39	0.92089
130	39	0.9795
131	39	0.97374
136	39	0.9884
137	39	0.96382
138	39	0.96867
139	39	0.98511
141	39	0.96856
142	39	0.97639
145	39	0.99382
147	39	0.98962
149	39	0.9277
150	39	0.93121
2	40	0.94427
3	40	0.77275
4	40	0.93402
5	40	0.96726
7	40	0.97278
9	40	0.86108
10	40	0.94568
11	40	0.83127
12	40	0.98477
14	40	0.97804
15	40	0.96718
18	40	0.98212
19	40	0.96148
20	40	0.9575
21	40	0.94877
22	40	0.74225
24	40	0.94684
25	40	0.97818
28	40	0.95141
29	40	0.99428
33	40	0.99697
34	40	0.92625
36	40	0.93253
37	40	0.92541
38	40	0.95816
41	40	0.95842
42	40	0.9614
45	40	0.87558
46	40	0.97452
48	40	0.9075
49	40	0.93486
50	40	0.722
52	40	0.92637
53	40	0.97332
54	40	0.943
55	40	0.97371
56	40	0.89043
57	40	0.8496
58	40	0.97689
62	40	0.97752
64	40	0.93092
73	40	0.80796
74	40	0.92943
75	40	0.99262
76	40	0.96381
80	40	0.974
83	40	0.97213
84	40	0.98868
85	40	0.96575
87	40	0.98475
91	40	0.95673
92	40	0.97616
93	40	0.96897
94	40	0.94952
96	40	0.9332
97	40	0.96737
100	40	0.97371
101	40	0.87492
102	40	0.93486
104	40	0.99531
112	40	0.94596
113	40	0.97982
114	40	0.98457
116	40	0.94509
120	40	0.98355
124	40	0.96078
126	40	0.93287
128	40	0.92438
132	40	0.96927
133	40	0.98256
134	40	0.88602
140	40	0.86465
141	40	0.94392
144	40	0.92255
146	40	0.97137
148	40	0.95718
149	40	0.89355
3	41	0.80247
4	41	0.9706
5	41	0.99685
7	41	0.97856
8	41	0.79364
9	41	0.92969
10	41	0.91354
11	41	0.90302
12	41	0.96685
14	41	0.93935
18	41	0.95631
22	41	0.7347
24	41	0.94611
25	41	0.93195
28	41	0.98567
29	41	0.95321
33	41	0.95109
34	41	0.92724
36	41	0.9074
37	41	0.89422
40	41	0.95842
42	41	0.98733
45	41	0.93764
46	41	0.9895
48	41	0.94051
49	41	0.9931
52	41	0.86851
54	41	0.94277
55	41	0.9319
56	41	0.91909
57	41	0.88429
58	41	0.93547
62	41	0.93714
74	41	0.94718
75	41	0.9455
76	41	0.93992
80	41	0.96504
83	41	0.9864
84	41	0.97761
85	41	0.95774
87	41	0.95653
92	41	0.93459
93	41	0.95173
94	41	0.96771
96	41	0.95215
97	41	0.96427
100	41	0.96672
101	41	0.93864
102	41	0.93343
104	41	0.95237
112	41	0.92895
113	41	0.98133
114	41	0.93673
116	41	0.99457
120	41	0.98546
128	41	0.94697
133	41	0.92824
134	41	0.93195
140	41	0.94104
144	41	0.89355
146	41	0.97267
148	41	0.94271
149	41	0.90455
3	42	0.86663
4	42	0.98345
5	42	0.98416
7	42	0.96881
8	42	0.85942
9	42	0.91801
10	42	0.93482
11	42	0.91697
12	42	0.95902
14	42	0.93802
18	42	0.93301
22	42	0.76534
25	42	0.9271
28	42	0.99191
29	42	0.95808
33	42	0.95456
34	42	0.9587
36	42	0.93877
37	42	0.92955
40	42	0.9614
41	42	0.98733
45	42	0.96342
46	42	0.98482
48	42	0.97084
49	42	0.98732
50	42	0.73658
52	42	0.91915
55	42	0.94415
56	42	0.95486
57	42	0.8935
58	42	0.92785
62	42	0.94091
74	42	0.97357
75	42	0.93806
76	42	0.96323
80	42	0.94812
83	42	0.96757
84	42	0.97723
85	42	0.97613
87	42	0.95844
93	42	0.94053
94	42	0.98827
96	42	0.97034
97	42	0.98214
100	42	0.98509
101	42	0.95952
102	42	0.92821
104	42	0.95705
113	42	0.98825
114	42	0.9413
116	42	0.97356
120	42	0.97958
128	42	0.97617
133	42	0.93518
134	42	0.94722
140	42	0.93188
144	42	0.92752
146	42	0.94471
6	43	0.97406
13	43	0.9776
17	43	0.98524
26	43	0.9777
27	43	0.96086
30	43	0.9849
31	43	0.99055
35	43	0.98393
39	43	0.97092
47	43	0.98395
51	43	0.96994
59	43	0.98614
60	43	0.98777
61	43	0.96388
65	43	0.95366
67	43	0.96359
68	43	0.96909
69	43	0.9781
70	43	0.96063
72	43	0.97217
77	43	0.98224
78	43	0.95819
79	43	0.98794
81	43	0.958
82	43	0.99033
86	43	0.99403
88	43	0.99497
89	43	0.98951
90	43	0.98829
95	43	0.97709
103	43	0.99082
105	43	0.93419
106	43	0.96107
107	43	0.99379
108	43	0.98546
110	43	0.9778
115	43	0.95992
117	43	0.95691
118	43	0.93556
119	43	0.97731
121	43	0.98937
122	43	0.95296
123	43	0.98505
125	43	0.98843
127	43	0.97911
129	43	0.94331
131	43	0.98816
135	43	0.98781
136	43	0.98617
137	43	0.99435
138	43	0.99233
139	43	0.99479
142	43	0.99375
150	43	0.9588
2	44	0.95953
6	44	0.96407
12	44	0.96282
13	44	0.9768
14	44	0.96389
16	44	0.93442
17	44	0.95481
18	44	0.94758
19	44	0.97596
20	44	0.98941
24	44	0.93947
25	44	0.96009
26	44	0.94624
27	44	0.9773
32	44	0.99415
38	44	0.94897
39	44	0.96966
54	44	0.98883
58	44	0.98157
61	44	0.97624
63	44	0.99056
65	44	0.98853
66	44	0.90109
67	44	0.98552
68	44	0.98477
70	44	0.98282
71	44	0.99271
75	44	0.96291
78	44	0.97403
80	44	0.97093
81	44	0.96048
91	44	0.98625
92	44	0.98495
95	44	0.97537
98	44	0.99191
99	44	0.97584
106	44	0.97088
108	44	0.96661
109	44	0.98982
110	44	0.97501
111	44	0.99347
112	44	0.99431
117	44	0.98635
120	44	0.94198
123	44	0.96273
127	44	0.97557
130	44	0.99725
132	44	0.95768
141	44	0.98787
145	44	0.98288
146	44	0.9711
147	44	0.99409
148	44	0.98349
149	44	0.9711
3	45	0.90866
4	45	0.96613
5	45	0.93743
7	45	0.91216
8	45	0.90327
9	45	0.94718
10	45	0.90486
11	45	0.97419
12	45	0.86872
22	45	0.79994
28	45	0.97115
29	45	0.8806
33	45	0.86834
34	45	0.95064
36	45	0.92362
37	45	0.92961
40	45	0.87558
41	45	0.93764
42	45	0.96342
46	45	0.94122
48	45	0.98951
49	45	0.96365
50	45	0.75909
52	45	0.90819
55	45	0.88462
56	45	0.98186
57	45	0.89365
62	45	0.86424
74	45	0.95641
76	45	0.90443
80	45	0.85748
83	45	0.89686
84	45	0.92493
85	45	0.94813
87	45	0.87301
93	45	0.89862
94	45	0.96916
96	45	0.96936
97	45	0.95042
100	45	0.95391
101	45	0.97748
102	45	0.91169
104	45	0.87582
113	45	0.93927
114	45	0.85252
116	45	0.93155
120	45	0.90987
128	45	0.98437
134	45	0.9813
140	45	0.95939
144	45	0.92804
146	45	0.84514
3	46	0.82203
4	46	0.98059
5	46	0.99455
7	46	0.99139
8	46	0.82999
9	46	0.92272
10	46	0.95971
11	46	0.91646
12	46	0.97891
14	46	0.95863
18	46	0.96853
22	46	0.75657
24	46	0.9516
25	46	0.95731
28	46	0.99255
29	46	0.97454
33	46	0.97258
34	46	0.93235
36	46	0.94286
37	46	0.93385
40	46	0.97452
41	46	0.9895
42	46	0.98482
45	46	0.94122
48	46	0.95508
49	46	0.98235
50	46	0.71776
52	46	0.90914
53	46	0.94496
55	46	0.9707
56	46	0.92895
57	46	0.90083
58	46	0.95308
62	46	0.96131
73	46	0.79271
74	46	0.95683
75	46	0.96552
76	46	0.95796
80	46	0.97631
83	46	0.98668
84	46	0.99372
85	46	0.97906
87	46	0.97616
92	46	0.94881
93	46	0.97994
94	46	0.97911
96	46	0.9667
97	46	0.98514
100	46	0.98542
101	46	0.92836
102	46	0.94929
104	46	0.97626
113	46	0.9916
114	46	0.96397
116	46	0.98266
120	46	0.99354
124	46	0.95576
128	46	0.96325
132	46	0.94071
133	46	0.95289
134	46	0.9427
140	46	0.93072
144	46	0.9384
146	46	0.96999
148	46	0.93912
6	47	0.98593
13	47	0.98278
16	47	0.95208
17	47	0.98522
26	47	0.96915
27	47	0.9754
30	47	0.98101
31	47	0.98249
35	47	0.97022
39	47	0.98261
43	47	0.98395
51	47	0.9584
59	47	0.97348
60	47	0.98397
61	47	0.97365
63	47	0.96055
65	47	0.9735
66	47	0.86753
67	47	0.97246
68	47	0.98112
69	47	0.96274
70	47	0.96999
71	47	0.96331
72	47	0.94442
77	47	0.9659
78	47	0.96709
79	47	0.97942
81	47	0.97109
82	47	0.96193
86	47	0.97035
88	47	0.97342
89	47	0.97614
90	47	0.96633
95	47	0.98068
98	47	0.96904
99	47	0.96667
103	47	0.98391
105	47	0.90172
106	47	0.9577
107	47	0.9808
108	47	0.98371
109	47	0.97225
110	47	0.985
115	47	0.95904
117	47	0.9685
118	47	0.90798
119	47	0.96468
121	47	0.97228
122	47	0.93401
123	47	0.97938
125	47	0.97881
127	47	0.97877
129	47	0.91896
130	47	0.95856
131	47	0.97763
135	47	0.95843
136	47	0.982
137	47	0.97142
138	47	0.97588
139	47	0.98786
141	47	0.96316
142	47	0.98033
145	47	0.96944
147	47	0.9688
150	47	0.93089
3	48	0.89797
4	48	0.96948
5	48	0.94135
7	48	0.92419
8	48	0.90943
9	48	0.92225
10	48	0.93247
11	48	0.95464
