13	2	0.98472
25	2	0.98768
27	2	0.97677
31	2	0.97149
33	2	0.97186
37	2	0.96742
38	2	0.97748
43	2	0.98471
49	2	0.64194
54	2	0.96837
56	2	0.97224
59	2	0.981
61	2	0.97541
62	2	0.98088
64	2	0.96938
65	2	0.94963
68	2	0.98785
75	2	0.9671
79	2	0.97568
81	2	0.99815
82	2	0.97075
86	2	0.97008
88	2	0.97598
89	2	0.97274
90	2	0.97295
92	2	0.97222
95	2	0.97653
98	2	0.96665
99	2	0.98401
102	2	0.96688
103	2	0.98342
106	2	0.99568
107	2	0.9827
109	2	0.98937
113	2	0.97662
115	2	0.98362
117	2	0.99558
118	2	0.97901
119	2	0.973
121	2	0.95495
122	2	0.98408
123	2	0.97732
125	2	0.97552
127	2	0.97108
129	2	0.77774
131	2	0.97256
132	2	0.97655
133	2	0.97213
136	2	0.98702
137	2	0.98898
145	2	0.97225
146	2	0.99302
147	2	0.97697
148	2	0.99786
149	2	0.79333
4	3	0.98655
5	3	0.9846
6	3	0.98246
8	3	0.993
9	3	0.9851
10	3	0.98543
11	3	0.99331
12	3	0.98393
14	3	0.98869
20	3	0.97805
22	3	0.97906
24	3	0.98634
28	3	0.99166
30	3	0.98579
34	3	0.98595
36	3	0.97866
41	3	0.98059
45	3	0.99596
46	3	0.98441
48	3	0.99137
49	3	0.54726
50	3	0.99596
51	3	0.98222
52	3	0.9845
53	3	0.9847
57	3	0.99474
70	3	0.98315
71	3	0.97817
72	3	0.99041
73	3	0.99419
74	3	0.99131
76	3	0.98295
77	3	0.98211
80	3	0.98548
85	3	0.98277
94	3	0.98579
96	3	0.98909
97	3	0.98542
101	3	0.98365
105	3	0.98216
110	3	0.98337
111	3	0.99245
112	3	0.9783
116	3	0.99159
124	3	0.98065
128	3	0.98211
135	3	0.98343
139	3	0.98672
140	3	0.98404
143	3	0.98722
150	3	0.98341
3	4	0.98655
5	4	0.99834
6	4	0.99861
7	4	0.99621
8	4	0.97853
9	4	0.99336
10	4	0.99564
11	4	0.98598
12	4	0.99836
14	4	0.98942
16	4	0.9929
19	4	0.99609
20	4	0.99856
22	4	0.99883
23	4	0.99556
24	4	0.99942
28	4	0.9958
30	4	0.9976
32	4	0.98764
34	4	0.99148
35	4	0.9972
36	4	0.9856
39	4	0.9959
41	4	0.9957
45	4	0.99503
46	4	0.99018
48	4	0.99887
50	4	0.98695
51	4	0.99933
52	4	0.99269
53	4	0.9997
54	4	0.99479
55	4	0.98541
56	4	0.97753
57	4	0.99263
58	4	0.99773
63	4	0.9947
66	4	0.99783
67	4	0.99707
70	4	0.99904
71	4	0.99765
72	4	0.99893
73	4	0.98637
74	4	0.9968
76	4	0.99575
77	4	0.99901
80	4	0.9991
83	4	0.99863
84	4	0.9933
85	4	0.99902
87	4	0.99718
91	4	0.99822
94	4	0.9984
95	4	0.98991
96	4	0.99686
97	4	0.99576
98	4	0.99115
101	4	0.99672
102	4	0.99025
105	4	0.99784
108	4	0.99697
110	4	0.99944
111	4	0.99816
112	4	0.9985
113	4	0.99159
114	4	0.90749
116	4	0.99884
120	4	0.99751
124	4	0.99654
128	4	0.99934
130	4	0.99407
131	4	0.99483
132	4	0.98506
134	4	0.99465
135	4	0.99762
139	4	0.99534
140	4	0.99234
142	4	0.99729
143	4	0.99444
150	4	0.999
3	5	0.9846
4	5	0.99834
6	5	0.99936
7	5	0.99356
8	5	0.97443
9	5	0.99597
10	5	0.9911
11	5	0.98357
12	5	0.99887
14	5	0.99054
15	5	0.96642
16	5	0.9938
17	5	0.57821
19	5	0.99642
20	5	0.9979
21	5	0.96393
22	5	0.99739
23	5	0.99561
24	5	0.99882
28	5	0.99704
29	5	0.90329
30	5	0.99652
34	5	0.99513
35	5	0.99575
36	5	0.98921
39	5	0.99862
40	5	0.97001
41	5	0.99489
44	5	0.98694
45	5	0.99412
46	5	0.99487
47	5	0.96512
48	5	0.99699
50	5	0.98805
51	5	0.99787
52	5	0.99562
53	5	0.99859
55	5	0.98423
56	5	0.97993
57	5	0.99178
58	5	0.99602
60	5	0.97934
66	5	0.99436
67	5	0.99421
70	5	0.99924
71	5	0.99592
72	5	0.9986
73	5	0.98351
74	5	0.99811
76	5	0.99623
77	5	0.9955
80	5	0.99663
83	5	0.99664
84	5	0.99602
85	5	0.99628
87	5	0.99775
91	5	0.99593
93	5	0.73313
94	5	0.99746
95	5	0.99184
96	5	0.99619
97	5	0.99853
98	5	0.99499
100	5	0.98106
101	5	0.9987
102	5	0.99388
105	5	0.99371
108	5	0.99583
110	5	0.99739
111	5	0.99632
112	5	0.99616
113	5	0.99255
114	5	0.90161
116	5	0.99815
120	5	0.99673
124	5	0.99243
126	5	0.93583
128	5	0.99645
132	5	0.9853
135	5	0.99383
139	5	0.99736
140	5	0.99214
141	5	0.96069
142	5	0.99423
143	5	0.99425
150	5	0.99838
3	6	0.98246
4	6	0.99861
5	6	0.99936
7	6	0.99527
8	6	0.97031
9	6	0.99647
10	6	0.99011
11	6	0.97908
12	6	0.99782
14	6	0.99109
15	6	0.96664
16	6	0.99439
17	6	0.56738
18	6	0.9889
19	6	0.99646
20	6	0.99918
21	6	0.96431
22	6	0.99894
23	6	0.99602
24	6	0.99805
28	6	0.99431
29	6	0.89745
30	6	0.99798
31	6	0.99556
32	6	0.9843
34	6	0.99493
35	6	0.99793
36	6	0.98479
39	6	0.99913
40	6	0.96772
41	6	0.99726
42	6	0.99215
43	6	0.9904
44	6	0.98707
45	6	0.99223
46	6	0.99447
47	6	0.96402
48	6	0.996
49	6	0.53906
50	6	0.98415
51	6	0.99798
52	6	0.9959
53	6	0.99847
54	6	0.99503
55	6	0.98666
56	6	0.9836
57	6	0.98838
58	6	0.99828
60	6	0.97813
63	6	0.99362
66	6	0.99585
67	6	0.99673
70	6	0.99908
71	6	0.99818
72	6	0.99746
73	6	0.97954
74	6	0.99712
76	6	0.99792
77	6	0.99622
80	6	0.99613
83	6	0.99809
84	6	0.99354
85	6	0.99632
87	6	0.99748
91	6	0.99751
93	6	0.72682
94	6	0.99869
95	6	0.9951
96	6	0.99373
97	6	0.99654
98	6	0.99659
99	6	0.98353
100	6	0.98231
101	6	0.99728
102	6	0.99574
105	6	0.99371
108	6	0.99808
110	6	0.99868
111	6	0.99618
112	6	0.99764
113	6	0.99579
114	6	0.90086
116	6	0.99725
120	6	0.99876
124	6	0.99264
126	6	0.9326
128	6	0.99761
130	6	0.99427
131	6	0.99636
132	6	0.98889
134	6	0.99359
135	6	0.99328
139	6	0.99769
140	6	0.99413
141	6	0.95773
142	6	0.99673
143	6	0.99544
149	6	0.68988
150	6	0.99781
4	7	0.99621
5	7	0.99356
6	7	0.99527
10	7	0.99236
12	7	0.99426
16	7	0.99531
18	7	0.99371
19	7	0.99732
20	7	0.99835
22	7	0.99834
23	7	0.99663
24	7	0.99508
27	7	0.99255
31	7	0.99719
32	7	0.9906
35	7	0.99869
37	7	0.98451
41	7	0.99277
42	7	0.99801
51	7	0.99707
53	7	0.99628
54	7	0.99871
55	7	0.98525
58	7	0.99796
59	7	0.99268
63	7	0.99949
66	7	0.9993
67	7	0.99797
69	7	0.99307
70	7	0.99537
71	7	0.99736
75	7	0.9959
77	7	0.99788
78	7	0.99199
79	7	0.98395
80	7	0.99554
82	7	0.99188
83	7	0.99903
84	7	0.99014
85	7	0.99725
87	7	0.99621
88	7	0.98591
90	7	0.987
91	7	0.99944
92	7	0.99483
94	7	0.99406
95	7	0.98989
96	7	0.99001
103	7	0.98568
104	7	0.99562
105	7	0.9961
107	7	0.99163
108	7	0.9985
109	7	0.98732
110	7	0.99725
112	7	0.99914
113	7	0.99227
115	7	0.99026
120	7	0.99797
122	7	0.99132
124	7	0.9949
125	7	0.99506
127	7	0.99522
128	7	0.99824
130	7	0.99934
131	7	0.99675
133	7	0.97975
134	7	0.99954
135	7	0.99492
136	7	0.98946
138	7	0.87099
142	7	0.99888
145	7	0.98081
147	7	0.99602
150	7	0.99587
3	8	0.993
4	8	0.97853
5	8	0.97443
6	8	0.97031
10	8	0.98769
11	8	0.99684
12	8	0.97916
14	8	0.96691
19	8	0.96767
20	8	0.96739
22	8	0.96858
23	8	0.96657
24	8	0.9808
28	8	0.98724
30	8	0.96991
34	8	0.96656
36	8	0.98148
45	8	0.98763
48	8	0.98581
50	8	0.9889
51	8	0.97698
53	8	0.97848
57	8	0.99159
66	8	0.9702
70	8	0.97582
72	8	0.98249
73	8	0.99637
74	8	0.97846
77	8	0.97731
80	8	0.9823
83	8	0.96909
84	8	0.97435
85	8	0.97933
87	8	0.97157
91	8	0.96791
94	8	0.97123
96	8	0.98712
97	8	0.97867
101	8	0.97779
105	8	0.98093
110	8	0.97253
111	8	0.98148
112	8	0.96864
116	8	0.98376
124	8	0.9766
128	8	0.97371
135	8	0.98307
139	8	0.96946
143	8	0.96796
150	8	0.97743
3	9	0.9851
4	9	0.99336
5	9	0.99597
6	9	0.99647
12	9	0.99099
14	9	0.99793
15	9	0.97592
17	9	0.56255
20	9	0.99321
22	9	0.99287
24	9	0.99193
28	9	0.991
29	9	0.88678
30	9	0.99755
34	9	0.99937
35	9	0.99205
39	9	0.99577
40	9	0.96542
41	9	0.99716
43	9	0.9907
44	9	0.98739
45	9	0.99226
46	9	0.99895
47	9	0.95986
48	9	0.99148
49	9	0.60227
50	9	0.98671
51	9	0.99006
52	9	0.99992
53	9	0.99187
56	9	0.99298
57	9	0.98638
58	9	0.99319
62	9	0.97497
67	9	0.99166
70	9	0.99297
71	9	0.99404
72	9	0.99431
73	9	0.97587
74	9	0.99784
76	9	0.99886
83	9	0.99033
93	9	0.71764
94	9	0.99732
95	9	0.99465
97	9	0.99259
98	9	0.99713
99	9	0.98941
101	9	0.99168
102	9	0.99801
106	9	0.96957
108	9	0.99179
110	9	0.99397
111	9	0.99514
112	9	0.99104
113	9	0.99453
116	9	0.99417
120	9	0.99301
126	9	0.92897
128	9	0.99113
131	9	0.99199
132	9	0.99418
139	9	0.99962
140	9	0.99815
143	9	0.99858
149	9	0.73977
150	9	0.9912
3	10	0.98543
4	10	0.99564
5	10	0.9911
6	10	0.99011
7	10	0.99236
8	10	0.98769
11	10	0.99175
12	10	0.99498
19	10	0.99235
20	10	0.99155
22	10	0.99223
23	10	0.99163
24	10	0.99626
28	10	0.99339
32	10	0.9859
35	10	0.98933
36	10	0.98567
45	10	0.99128
48	10	0.99664
50	10	0.98369
51	10	0.99623
53	10	0.99602
57	10	0.99294
58	10	0.9896
63	10	0.99064
66	10	0.99522
67	10	0.98969
70	10	0.99378
71	10	0.98908
72	10	0.9946
73	10	0.99083
77	10	0.99742
80	10	0.99825
83	10	0.99356
84	10	0.991
85	10	0.99801
87	10	0.99312
91	10	0.99346
94	10	0.98957
96	10	0.9968
97	10	0.99005
101	10	0.99165
105	10	0.9989
110	10	0.99325
111	10	0.99267
112	10	0.99325
114	10	0.90829
116	10	0.99445
120	10	0.9891
124	10	0.99589
128	10	0.99517
130	10	0.98883
134	10	0.99231
135	10	0.99922
142	10	0.99103
150	10	0.9954
3	11	0.99331
4	11	0.98598
5	11	0.98357
6	11	0.97908
8	11	0.99684
10	11	0.99175
12	11	0.98673
14	11	0.97535
19	11	0.97662
20	11	0.97647
22	11	0.977
23	11	0.97492
24	11	0.98838
28	11	0.99374
30	11	0.97847
34	11	0.97566
36	11	0.98713
45	11	0.99408
48	11	0.99244
50	11	0.9947
51	11	0.98447
53	11	0.98607
57	11	0.99793
66	11	0.97798
70	11	0.98371
72	11	0.99052
73	11	0.9993
74	11	0.98691
77	11	0.98426
80	11	0.98921
83	11	0.97737
84	11	0.98339
85	11	0.98627
87	11	0.97999
91	11	0.97638
94	11	0.97974
96	11	0.99454
97	11	0.98667
101	11	0.98544
105	11	0.98728
110	11	0.98068
111	11	0.98875
112	11	0.97762
114	11	0.9041
116	11	0.9907
124	11	0.98448
128	11	0.9817
135	11	0.9894
139	11	0.97825
143	11	0.97686
150	11	0.98602
3	12	0.98393
4	12	0.99836
5	12	0.99887
6	12	0.99782
7	12	0.99426
8	12	0.97916
9	12	0.99099
10	12	0.99498
11	12	0.98673
15	12	0.95725
16	12	0.9958
17	12	0.57875
18	12	0.98981
19	12	0.998
20	12	0.99714
21	12	0.96363
22	12	0.9968
23	12	0.99756
24	12	0.99962
28	12	0.99763
29	12	0.90584
30	12	0.99344
32	12	0.98411
34	12	0.99015
35	12	0.99443
36	12	0.99279
39	12	0.99676
40	12	0.9671
44	12	0.98258
45	12	0.99319
46	12	0.98985
47	12	0.96263
48	12	0.99764
50	12	0.98702
51	12	0.99915
52	12	0.99034
53	12	0.99933
57	12	0.99247
58	12	0.99451
60	12	0.98035
66	12	0.99578
70	12	0.99959
71	12	0.99396
72	12	0.99816
73	12	0.98642
74	12	0.9956
76	12	0.99209
77	12	0.99701
80	12	0.99851
83	12	0.99696
84	12	0.99816
85	12	0.9982
87	12	0.99915
91	12	0.99633
93	12	0.73334
94	12	0.9949
96	12	0.99788
97	12	0.9986
98	12	0.99017
100	12	0.97923
101	12	0.99937
105	12	0.99655
108	12	0.99469
110	12	0.99648
111	12	0.9948
112	12	0.99576
114	12	0.90445
116	12	0.99792
120	12	0.9955
124	12	0.99402
126	12	0.93381
128	12	0.99653
134	12	0.99406
135	12	0.99687
139	12	0.99347
141	12	0.96191
142	12	0.9936
150	12	0.99904
2	13	0.98472
17	13	0.57301
18	13	0.98648
21	13	0.97272
25	13	0.99529
26	13	0.89756
27	13	0.99705
29	13	0.88784
31	13	0.99003
33	13	0.99101
35	13	0.98294
37	13	0.99374
38	13	0.99844
42	13	0.98667
43	13	0.98956
47	13	0.95962
49	13	0.53201
54	13	0.98553
59	13	0.99429
61	13	0.98654
62	13	0.9727
64	13	0.98675
65	13	0.95484
68	13	0.99481
69	13	0.99161
75	13	0.98849
78	13	0.99333
79	13	0.99259
81	13	0.98264
82	13	0.9903
86	13	0.97015
88	13	0.99879
89	13	0.9752
90	13	0.99149
92	13	0.99443
93	13	0.74711
95	13	0.98704
100	13	0.9851
103	13	0.99658
104	13	0.98756
106	13	0.97808
107	13	0.99655
108	13	0.98424
109	13	0.99574
113	13	0.98699
115	13	0.99461
117	13	0.97677
118	13	0.99068
119	13	0.98518
120	13	0.98298
121	13	0.9657
122	13	0.99385
123	13	0.98621
125	13	0.9949
126	13	0.92481
127	13	0.99153
129	13	0.76381
130	13	0.98629
131	13	0.98539
133	13	0.99279
136	13	0.99588
137	13	0.99512
138	13	0.8758
144	13	0.98435
145	13	0.99066
146	13	0.99483
147	13	0.99366
148	13	0.99342
149	13	0.70022
3	14	0.98869
4	14	0.98942
5	14	0.99054
6	14	0.99109
8	14	0.96691
9	14	0.99793
11	14	0.97535
15	14	0.96808
20	14	0.98688
22	14	0.98716
24	14	0.98691
28	14	0.98741
30	14	0.99574
34	14	0.99768
35	14	0.98588
39	14	0.98875
41	14	0.99464
45	14	0.99307
46	14	0.99616
48	14	0.98926
49	14	0.62697
50	14	0.98878
52	14	0.99802
53	14	0.98671
56	14	0.99337
57	14	0.98623
58	14	0.98797
62	14	0.9725
67	14	0.98732
70	14	0.98693
71	14	0.98951
72	14	0.99145
73	14	0.97748
74	14	0.99613
76	14	0.99638
94	14	0.99482
95	14	0.98852
97	14	0.98685
98	14	0.99079
99	14	0.98824
101	14	0.98518
102	14	0.99316
106	14	0.966
108	14	0.98506
110	14	0.99009
111	14	0.9948
112	14	0.98566
113	14	0.98869
116	14	0.99182
120	14	0.98656
128	14	0.98679
131	14	0.98651
132	14	0.99346
139	14	0.99734
140	14	0.99841
143	14	0.99863
149	14	0.75619
150	14	0.98572
5	15	0.96642
6	15	0.96664
9	15	0.97592
12	15	0.95725
14	15	0.96808
17	15	0.7006
20	15	0.95843
21	15	0.97034
22	15	0.9561
26	15	0.89044
28	15	0.95584
29	15	0.9349
30	15	0.96099
31	15	0.95729
34	15	0.97934
38	15	0.96365
39	15	0.97469
40	15	0.98642
41	15	0.96334
43	15	0.97117
44	15	0.99267
46	15	0.98248
47	15	0.98441
49	15	0.65343
52	15	0.97621
56	15	0.97452
58	15	0.95631
60	15	0.97211
70	15	0.96035
71	15	0.95667
74	15	0.96573
76	15	0.96934
84	15	0.95639
87	15	0.95707
92	15	0.95903
93	15	0.82605
94	15	0.96098
95	15	0.97469
97	15	0.96672
98	15	0.9808
99	15	0.96508
100	15	0.9787
101	15	0.96434
102	15	0.98176
108	15	0.95736
113	15	0.96986
116	15	0.95588
120	15	0.95997
126	15	0.97222
131	15	0.95662
132	15	0.96491
139	15	0.97417
140	15	0.96583
141	15	0.96796
143	15	0.96419
149	15	0.7776
4	16	0.9929
5	16	0.9938
6	16	0.99439
7	16	0.99531
12	16	0.9958
17	16	0.60136
18	16	0.99851
19	16	0.99919
20	16	0.99586
21	16	0.97819
22	16	0.99518
23	16	0.99963
24	16	0.9941
26	16	0.86121
27	16	0.99129
29	16	0.91866
31	16	0.99455
32	16	0.98449
35	16	0.99416
36	16	0.98569
37	16	0.98383
38	16	0.98529
39	16	0.99512
40	16	0.97213
42	16	0.99763
44	16	0.98393
47	16	0.97123
51	16	0.99608
53	16	0.99494
54	16	0.99288
58	16	0.99321
60	16	0.98844
63	16	0.99438
66	16	0.99509
69	16	0.9918
70	16	0.99613
71	16	0.99177
75	16	0.99017
77	16	0.99341
78	16	0.99363
80	16	0.993
83	16	0.99609
84	16	0.99571
85	16	0.99438
87	16	0.99867
88	16	0.98843
91	16	0.99587
92	16	0.9952
93	16	0.75982
97	16	0.99224
100	16	0.9892
101	16	0.99476
104	16	0.99016
105	16	0.99213
108	16	0.99524
110	16	0.99231
112	16	0.99368
120	16	0.99539
125	16	0.99258
126	16	0.94314
127	16	0.99041
128	16	0.99284
130	16	0.99611
131	16	0.99082
134	16	0.99667
135	16	0.99153
141	16	0.9713
142	16	0.99289
144	16	0.96273
147	16	0.9919
150	16	0.99452
5	17	0.57821
6	17	0.56738
9	17	0.56255
12	17	0.57875
13	17	0.57301
15	17	0.7006
16	17	0.60136
18	17	0.60083
19	17	0.58186
21	17	0.73755
23	17	0.58652
24	17	0.55736
26	17	0.82724
27	17	0.5571
28	17	0.5745
29	17	0.86712
33	17	0.62763
34	17	0.57981
36	17	0.63789
38	17	0.61425
39	17	0.59949
40	17	0.75226
42	17	0.55521
44	17	0.67813
46	17	0.59463
47	17	0.75942
51	17	0.55325
52	17	0.5628
53	17	0.55282
60	17	0.71461
70	17	0.57324
74	17	0.55682
78	17	0.57091
84	17	0.61375
87	17	0.58611
88	17	0.58781
92	17	0.57388
93	17	0.97159
95	17	0.56508
96	17	0.55115
97	17	0.60495
98	17	0.59041
100	17	0.68411
101	17	0.60114
102	17	0.58233
126	17	0.82473
139	17	0.56594
141	17	0.77358
144	17	0.68621
150	17	0.55557
6	18	0.9889
7	18	0.99371
12	18	0.98981
13	18	0.98648
16	18	0.99851
17	18	0.60083
19	18	0.99663
20	18	0.99211
21	18	0.98029
22	18	0.99116
23	18	0.99708
25	18	0.97573
26	18	0.87503
27	18	0.99447
29	18	0.91712
31	18	0.99352
33	18	0.96689
35	18	0.99132
37	18	0.99104
38	18	0.98937
39	18	0.99002
40	18	0.96876
42	18	0.99809
44	18	0.97904
47	18	0.96927
51	18	0.99098
53	18	0.9891
54	18	0.99141
58	18	0.98957
59	18	0.98912
60	18	0.9872
61	18	0.96373
63	18	0.99338
64	18	0.96819
65	18	0.91585
66	18	0.992
69	18	0.99605
70	18	0.99043
75	18	0.99266
77	18	0.9886
78	18	0.99761
79	18	0.98472
82	18	0.98987
83	18	0.99257
84	18	0.99069
85	18	0.9893
87	18	0.99479
88	18	0.99304
90	18	0.9869
91	18	0.99279
92	18	0.99612
93	18	0.7633
100	18	0.98965
103	18	0.98582
104	18	0.99287
107	18	0.99026
108	18	0.99257
112	18	0.99008
118	18	0.97257
119	18	0.96446
120	18	0.99213
121	18	0.93193
123	18	0.96187
125	18	0.99446
126	18	0.94017
127	18	0.99318
128	18	0.98808
129	18	0.68289
130	18	0.99566
131	18	0.98824
133	18	0.98449
134	18	0.99587
141	18	0.96977
142	18	0.98988
144	18	0.97236
145	18	0.98275
147	18	0.99306
150	18	0.98889
4	19	0.99609
5	19	0.99642
6	19	0.99646
7	19	0.99732
8	19	0.96767
10	19	0.99235
11	19	0.97662
12	19	0.998
16	19	0.99919
17	19	0.58186
18	19	0.99663
20	19	0.99777
21	19	0.97132
22	19	0.99718
23	19	0.99971
24	19	0.9971
28	19	0.9916
29	19	0.909
31	19	0.99481
32	19	0.98651
35	19	0.99612
36	19	0.9872
39	19	0.99593
40	19	0.96818
42	19	0.99717
44	19	0.98205
47	19	0.96553
48	19	0.99278
51	19	0.99824
53	19	0.99754
54	19	0.99434
55	19	0.98346
58	19	0.99532
60	19	0.98409
63	19	0.99574
66	19	0.9972
67	19	0.99351
69	19	0.99005
70	19	0.99801
71	19	0.99428
72	19	0.99366
73	19	0.97554
75	19	0.99009
77	19	0.99639
78	19	0.99106
80	19	0.99625
83	19	0.99791
84	19	0.99717
85	19	0.99725
87	19	0.99966
91	19	0.99777
92	19	0.99393
93	19	0.74188
96	19	0.99315
97	19	0.99443
100	19	0.98497
101	19	0.99641
104	19	0.98999
105	19	0.99535
108	19	0.99664
110	19	0.99533
112	19	0.99649
116	19	0.99281
120	19	0.99679
124	19	0.99274
126	19	0.93547
128	19	0.99596
130	19	0.99681
134	19	0.99805
135	19	0.99498
141	19	0.96525
142	19	0.99513
150	19	0.9974
3	20	0.97805
4	20	0.99856
5	20	0.9979
6	20	0.99918
7	20	0.99835
8	20	0.96739
9	20	0.99321
10	20	0.99155
11	20	0.97647
12	20	0.99714
14	20	0.98688
15	20	0.95843
16	20	0.99586
18	20	0.99211
19	20	0.99777
21	20	0.96305
22	20	0.99988
23	20	0.9973
24	20	0.99762
27	20	0.99065
28	20	0.99162
29	20	0.89029
30	20	0.99709
31	20	0.99775
32	20	0.98807
34	20	0.99042
35	20	0.99953
36	20	0.98125
39	20	0.99757
40	20	0.96226
41	20	0.99679
42	20	0.99586
43	20	0.99067
44	20	0.98261
45	20	0.98914
46	20	0.98976
47	20	0.95921
48	20	0.99498
51	20	0.99853
52	20	0.99249
53	20	0.99846
54	20	0.99796
55	20	0.98753
56	20	0.98019
57	20	0.98572
58	20	0.99945
60	20	0.97617
62	20	0.97133
63	20	0.99731
66	20	0.99834
67	20	0.99853
69	20	0.98816
70	20	0.99851
71	20	0.99915
72	20	0.99603
73	20	0.97644
74	20	0.99414
75	20	0.99114
76	20	0.99634
77	20	0.99783
78	20	0.98853
80	20	0.99664
83	20	0.99962
84	20	0.99274
85	20	0.99754
87	20	0.99788
91	20	0.99945
92	20	0.99497
94	20	0.99794
95	20	0.99462
96	20	0.99266
97	20	0.99378
98	20	0.99475
99	20	0.98269
100	20	0.98139
101	20	0.99535
102	20	0.9933
104	20	0.99044
105	20	0.99545
107	20	0.99073
108	20	0.99958
110	20	0.99921
111	20	0.99468
112	20	0.99938
113	20	0.99595
114	20	0.90119
116	20	0.99547
120	20	0.99974
124	20	0.9944
125	20	0.99347
126	20	0.92505
127	20	0.99114
128	20	0.99891
130	20	0.99767
131	20	0.99801
132	20	0.98781
134	20	0.9971
135	20	0.99463
139	20	0.99458
140	20	0.99195
141	20	0.95377
142	20	0.99889
143	20	0.99326
147	20	0.99475
150	20	0.99785
5	21	0.96393
6	21	0.96431
12	21	0.96363
13	21	0.97272
15	21	0.97034
16	21	0.97819
17	21	0.73755
18	21	0.98029
19	21	0.97132
20	21	0.96305
22	21	0.96017
23	21	0.97294
26	21	0.94345
27	21	0.97139
29	21	0.96999
31	21	0.96667
33	21	0.97302
36	21	0.96131
37	21	0.96447
38	21	0.98368
39	21	0.97351
40	21	0.99241
42	21	0.96866
43	21	0.96157
44	21	0.98606
47	21	0.99578
60	21	0.99622
69	21	0.96628
70	21	0.96446
78	21	0.97434
83	21	0.95999
84	21	0.97078
87	21	0.9705
88	21	0.97876
92	21	0.9756
93	21	0.87097
95	21	0.96637
97	21	0.96536
98	21	0.97045
100	21	0.99604
101	21	0.96755
102	21	0.96562
107	21	0.96566
108	21	0.96321
113	21	0.96329
120	21	0.96409
125	21	0.96787
126	21	0.98518
130	21	0.96303
134	21	0.9611
141	21	0.99452
144	21	0.98703
147	21	0.96442
3	22	0.97906
4	22	0.99883
5	22	0.99739
6	22	0.99894
7	22	0.99834
8	22	0.96858
9	22	0.99287
10	22	0.99223
11	22	0.977
12	22	0.9968
14	22	0.98716
15	22	0.9561
16	22	0.99518
18	22	0.99116
19	22	0.99718
20	22	0.99988
21	22	0.96017
23	22	0.99688
24	22	0.99756
28	22	0.99129
30	22	0.99743
31	22	0.99768
32	22	0.98887
34	22	0.99001
35	22	0.99954
36	22	0.9804
39	22	0.99694
40	22	0.95899
41	22	0.99704
42	22	0.99569
43	22	0.99028
44	22	0.9808
45	22	0.98959
46	22	0.98906
47	22	0.95611
48	22	0.9954
50	22	0.97889
51	22	0.99863
52	22	0.99205
53	22	0.99855
54	22	0.99827
55	22	0.98766
56	22	0.98021
57	22	0.98588
58	22	0.99966
60	22	0.97384
62	22	0.97152
63	22	0.99765
66	22	0.99873
67	22	0.99893
70	22	0.99834
71	22	0.99938
72	22	0.99603
73	22	0.97731
74	22	0.99399
75	22	0.99145
76	22	0.99641
77	22	0.99834
78	22	0.98791
80	22	0.99698
83	22	0.99978
84	22	0.99165
85	22	0.99785
87	22	0.9974
91	22	0.99961
92	22	0.9944
94	22	0.9982
95	22	0.9942
96	22	0.99257
97	22	0.99316
98	22	0.99388
99	22	0.98294
100	22	0.97927
101	22	0.99486
102	22	0.99265
104	22	0.99074
105	22	0.99607
107	22	0.99054
108	22	0.99955
110	22	0.99955
111	22	0.99523
112	22	0.99954
113	22	0.99566
114	22	0.90254
116	22	0.99572
120	22	0.99971
124	22	0.99496
125	22	0.99325
127	22	0.99129
128	22	0.99932
130	22	0.99766
131	22	0.9982
132	22	0.98791
134	22	0.99693
135	22	0.99517
139	22	0.99441
140	22	0.99234
141	22	0.95048
142	22	0.9993
143	22	0.99356
147	22	0.99458
150	22	0.9977
4	23	0.99556
5	23	0.99561
6	23	0.99602
7	23	0.99663
8	23	0.96657
10	23	0.99163
11	23	0.97492
12	23	0.99756
16	23	0.99963
17	23	0.58652
18	23	0.99708
19	23	0.99971
20	23	0.9973
21	23	0.97294
22	23	0.99688
24	23	0.99648
28	23	0.99046
29	23	0.91135
31	23	0.99485
32	23	0.98667
35	23	0.99557
36	23	0.98728
37	23	0.98124
39	23	0.99585
40	23	0.96848
42	23	0.99753
44	23	0.98249
47	23	0.96682
48	23	0.99208
51	23	0.99808
53	23	0.99719
54	23	0.99414
55	23	0.98355
58	23	0.99494
60	23	0.98522
63	23	0.99562
66	23	0.997
67	23	0.99283
69	23	0.99047
70	23	0.99785
71	23	0.99374
72	23	0.9926
75	23	0.99028
77	23	0.99602
78	23	0.99178
80	23	0.99582
83	23	0.99772
84	23	0.99651
85	23	0.99684
87	23	0.99954
88	23	0.98568
91	23	0.99748
92	23	0.99426
93	23	0.74607
96	23	0.99196
97	23	0.99403
100	23	0.98585
101	23	0.9963
104	23	0.99023
105	23	0.99505
108	23	0.99637
110	23	0.9948
112	23	0.99572
114	23	0.89989
116	23	0.99222
120	23	0.9966
124	23	0.99198
125	23	0.9919
126	23	0.93731
128	23	0.99538
130	23	0.99668
131	23	0.99219
134	23	0.99751
135	23	0.99459
141	23	0.96669
142	23	0.99478
150	23	0.9967
3	24	0.98634
4	24	0.99942
5	24	0.99882
6	24	0.99805
7	24	0.99508
8	24	0.9808
9	24	0.99193
10	24	0.99626
11	24	0.98838
12	24	0.99962
14	24	0.98691
16	24	0.9941
17	24	0.55736
19	24	0.9971
20	24	0.99762
22	24	0.99756
23	24	0.99648
28	24	0.9977
29	24	0.89415
30	24	0.99532
32	24	0.98589
34	24	0.99069
35	24	0.99536
36	24	0.99041
39	24	0.99598
40	24	0.96094
41	24	0.99277
44	24	0.97937
45	24	0.99508
46	24	0.98983
47	24	0.95599
48	24	0.99897
50	24	0.98845
51	24	0.99947
52	24	0.99134
53	24	0.99981
55	24	0.98341
57	24	0.99407
58	24	0.99566
60	24	0.97493
66	24	0.99677
67	24	0.99446
70	24	0.99947
71	24	0.99537
72	24	0.99918
73	24	0.98826
74	24	0.99662
76	24	0.99346
77	24	0.99827
80	24	0.99938
83	24	0.99762
84	24	0.99644
85	24	0.99902
87	24	0.9983
91	24	0.9971
94	24	0.9965
96	24	0.9985
97	24	0.99771
101	24	0.99843
105	24	0.99776
108	24	0.9953
110	24	0.99789
111	24	0.99693
112	24	0.99703
114	24	0.90727
116	24	0.99892
120	24	0.99601
124	24	0.99587
126	24	0.92467
128	24	0.99799
134	24	0.99427
135	24	0.99797
139	24	0.99425
140	24	0.98902
141	24	0.95433
142	24	0.99504
143	24	0.99183
150	24	0.99947
2	25	0.98768
13	25	0.99529
18	25	0.97573
26	25	0.86842
27	25	0.99226
31	25	0.98261
33	25	0.98411
37	25	0.99369
38	25	0.9884
42	25	0.97985
43	25	0.98064
54	25	0.9807
59	25	0.99405
61	25	0.99617
63	25	0.97841
64	25	0.99461
65	25	0.97347
68	25	0.99996
69	25	0.98911
75	25	0.98835
78	25	0.98797
79	25	0.99707
81	25	0.98786
82	25	0.99262
86	25	0.98595
88	25	0.99216
89	25	0.98986
90	25	0.99539
92	25	0.98607
103	25	0.99827
104	25	0.98759
106	25	0.97527
107	25	0.99274
109	25	0.99594
113	25	0.97708
115	25	0.99576
117	25	0.9831
118	25	0.99848
119	25	0.99564
121	25	0.98011
122	25	0.99459
123	25	0.99636
125	25	0.99032
127	25	0.99061
129	25	0.80309
130	25	0.98043
131	25	0.97878
133	25	0.9966
136	25	0.99532
137	25	0.99874
138	25	0.88219
144	25	0.97086
145	25	0.99636
146	25	0.99862
147	25	0.9893
148	25	0.99503
149	25	0.68925
13	26	0.89756
15	26	0.89044
16	26	0.86121
17	26	0.82724
18	26	0.87503
21	26	0.94345
25	26	0.86842
27	26	0.87397
29	26	0.93643
33	26	0.94203
37	26	0.87744
38	26	0.91109
40	26	0.92059
43	26	0.85506
44	26	0.89267
47	26	0.93369
60	26	0.91318
61	26	0.86993
64	26	0.8791
65	26	0.85883
68	26	0.86432
69	26	0.86272
78	26	0.87713
79	26	0.85506
81	26	0.86165
86	26	0.85936
88	26	0.89728
89	26	0.85907
92	26	0.87188
93	26	0.93238
95	26	0.85372
98	26	0.85569
100	26	0.91991
103	26	0.86362
107	26	0.86426
109	26	0.85355
117	26	0.86275
118	26	0.86421
119	26	0.86325
121	26	0.87661
123	26	0.86732
125	26	0.86165
126	26	0.94071
129	26	0.73857
133	26	0.86933
136	26	0.85429
137	26	0.85376
141	26	0.92775
144	26	0.95829
145	26	0.85491
146	26	0.85632
148	26	0.86623
2	27	0.97677
7	27	0.99255
13	27	0.99705
16	27	0.99129
17	27	0.5571
18	27	0.99447
20	27	0.99065
21	27	0.97139
25	27	0.99226
26	27	0.87397
29	27	0.88834
31	27	0.99686
33	27	0.97947
35	27	0.99278
37	27	0.99606
38	27	0.99583
42	27	0.99607
43	27	0.99114
47	27	0.95887
54	27	0.99477
58	27	0.99124
59	27	0.99825
60	27	0.97424
61	27	0.98144
62	27	0.97245
63	27	0.99384
64	27	0.98244
65	27	0.94212
67	27	0.99011
68	27	0.99218
69	27	0.99771
75	27	0.99655
78	27	0.99825
79	27	0.99486
81	27	0.97116
82	27	0.99633
83	27	0.99041
86	27	0.9591
88	27	0.99866
89	27	0.96612
90	27	0.99539
91	27	0.99104
92	27	0.99895
93	27	0.73172
95	27	0.99101
100	27	0.98571
103	27	0.99735
104	27	0.99601
106	27	0.97236
107	27	0.99894
108	27	0.99361
109	27	0.99663
113	27	0.99202
115	27	0.99755
117	27	0.96263
118	27	0.98818
119	27	0.98134
120	27	0.99253
121	27	0.95424
122	27	0.99728
123	27	0.98075
125	27	0.99956
127	27	0.99804
129	27	0.73056
130	27	0.99592
131	27	0.99333
133	27	0.99366
134	27	0.99258
136	27	0.99764
137	27	0.99486
138	27	0.87871
141	27	0.95137
142	27	0.99151
144	27	0.97536
145	27	0.99277
146	27	0.99254
147	27	0.99889
148	27	0.98741
3	28	0.99166
4	28	0.9958
5	28	0.99704
6	28	0.99431
8	28	0.98724
9	28	0.991
10	28	0.99339
11	28	0.99374
12	28	0.99763
14	28	0.98741
15	28	0.95584
17	28	0.5745
19	28	0.9916
20	28	0.99162
22	28	0.99129
23	28	0.99046
24	28	0.9977
29	28	0.89944
30	28	0.99133
34	28	0.99153
36	28	0.99448
39	28	0.99263
40	28	0.9624
45	28	0.9973
46	28	0.99111
48	28	0.99788
50	28	0.99518
51	28	0.99513
52	28	0.99069
53	28	0.99633
57	28	0.9977
60	28	0.9721
70	28	0.99631
72	28	0.99844
73	28	0.99334
74	28	0.99717
77	28	0.99267
80	28	0.99606
83	28	0.99086
84	28	0.99555
85	28	0.99443
87	28	0.99404
91	28	0.98983
93	28	0.72216
94	28	0.99254
96	28	0.99888
97	28	0.99846
101	28	0.99775
105	28	0.99287
110	28	0.99256
111	28	0.99558
112	28	0.99026
114	28	0.90433
116	28	0.9983
124	28	0.99068
126	28	0.92805
128	28	0.99214
135	28	0.99405
139	28	0.99324
141	28	0.95457
150	28	0.99631
5	29	0.90329
6	29	0.89745
9	29	0.88678
12	29	0.90584
13	29	0.88784
15	29	0.9349
16	29	0.91866
17	29	0.86712
18	29	0.91712
19	29	0.909
20	29	0.89029
21	29	0.96999
23	29	0.91135
24	29	0.89415
26	29	0.93643
27	29	0.88834
28	29	0.89944
33	29	0.89769
34	29	0.89415
36	29	0.93094
38	29	0.9113
39	29	0.91335
40	29	0.97409
42	29	0.89371
44	29	0.94359
46	29	0.90178
47	29	0.9763
51	29	0.893
53	29	0.89203
60	29	0.96682
70	29	0.90251
74	29	0.88738
78	29	0.8979
84	29	0.924
87	29	0.91081
88	29	0.90102
92	29	0.89948
93	29	0.95007
95	29	0.88925
96	29	0.88917
97	29	0.91642
98	29	0.90335
100	29	0.95005
101	29	0.91601
102	29	0.89688
120	29	0.88879
126	29	0.99164
139	29	0.89057
141	29	0.98567
144	29	0.93242
150	29	0.89338
3	30	0.98579
4	30	0.9976
5	30	0.99652
6	30	0.99798
8	30	0.96991
9	30	0.99755
11	30	0.97847
12	30	0.99344
14	30	0.99574
15	30	0.96099
20	30	0.99709
22	30	0.99743
24	30	0.99532
28	30	0.99133
34	30	0.99537
35	30	0.99689
39	30	0.99524
41	30	0.99945
43	30	0.99106
44	30	0.97959
45	30	0.99369
46	30	0.99387
48	30	0.99543
49	30	0.57104
50	30	0.98502
51	30	0.9949
52	30	0.99712
53	30	0.99595
54	30	0.99429
55	30	0.98581
56	30	0.98935
57	30	0.9884
58	30	0.99789
62	30	0.97614
66	30	0.99384
67	30	0.99763
70	30	0.99558
71	30	0.99851
72	30	0.99656
73	30	0.97962
74	30	0.99729
76	30	0.99941
77	30	0.99485
80	30	0.99393
83	30	0.99595
85	30	0.99391
91	30	0.99546
94	30	0.9999
95	30	0.99459
96	30	0.99106
97	30	0.99177
98	30	0.99476
99	30	0.98934
101	30	0.99214
102	30	0.99523
105	30	0.99172
106	30	0.96929
108	30	0.99636
110	30	0.99867
111	30	0.99818
112	30	0.99688
113	30	0.99575
114	30	0.90157
116	30	0.9965
120	30	0.99696
124	30	0.99211
128	30	0.99722
131	30	0.99671
132	30	0.99428
139	30	0.99806
140	30	0.99843
142	30	0.99649
143	30	0.99907
149	30	0.7162
150	30	0.99498
2	31	0.97149
6	31	0.99556
7	31	0.99719
13	31	0.99003
15	31	0.95729
16	31	0.99455
18	31	0.99352
19	31	0.99481
20	31	0.99775
21	31	0.96667
22	31	0.99768
23	31	0.99485
25	31	0.98261
27	31	0.99686
32	31	0.98637
33	31	0.9639
35	31	0.99875
37	31	0.98748
38	31	0.99015
39	31	0.99464
40	31	0.95998
41	31	0.99496
42	31	0.99721
43	31	0.99467
44	31	0.9813
47	31	0.95937
51	31	0.99373
54	31	0.99902
55	31	0.98677
56	31	0.98029
58	31	0.99833
59	31	0.996
60	31	0.97503
61	31	0.96584
62	31	0.97672
63	31	0.99763
64	31	0.96607
65	31	0.91617
66	31	0.99592
67	31	0.9974
68	31	0.98293
69	31	0.99356
71	31	0.99777
75	31	0.99545
76	31	0.99345
77	31	0.9934
78	31	0.99399
79	31	0.98716
81	31	0.96135
82	31	0.99247
83	31	0.99738
86	31	0.93807
87	31	0.99385
88	31	0.99282
89	31	0.94695
90	31	0.98903
91	31	0.99751
92	31	0.99878
93	31	0.71873
94	31	0.99399
95	31	0.99633
98	31	0.99396
99	31	0.98583
100	31	0.98428
102	31	0.99224
103	31	0.9912
104	31	0.99465
106	31	0.97362
107	31	0.99723
108	31	0.99916
109	31	0.9938
110	31	0.99572
112	31	0.9969
113	31	0.99739
115	31	0.99459
117	31	0.95103
118	31	0.97573
119	31	0.96598
120	31	0.99881
121	31	0.9299
122	31	0.99536
123	31	0.96517
125	31	0.99846
126	31	0.92334
127	31	0.99627
128	31	0.99524
130	31	0.99865
131	31	0.99893
132	31	0.98792
133	31	0.98353
134	31	0.99604
136	31	0.99525
137	31	0.9889
138	31	0.87401
140	31	0.98844
141	31	0.95143
142	31	0.99802
144	31	0.96039
145	31	0.98371
146	31	0.9861
147	31	0.99899
148	31	0.98115
149	31	0.6893
4	32	0.98764
6	32	0.9843
7	32	0.9906
10	32	0.9859
12	32	0.98411
16	32	0.98449
19	32	0.98651
20	32	0.98807
22	32	0.98887
23	32	0.98667
24	32	0.98589
31	32	0.98637
35	32	0.9885
42	32	0.98872
51	32	0.98852
53	32	0.98741
54	32	0.98969
55	32	0.99448
58	32	0.98839
59	32	0.98437
63	32	0.99132
66	32	0.9918
67	32	0.98947
70	32	0.9856
71	32	0.988
75	32	0.98775
77	32	0.99055
80	32	0.98798
83	32	0.99016
85	32	0.98941
87	32	0.98579
91	32	0.99062
94	32	0.9844
104	32	0.98774
105	32	0.98978
108	32	0.98847
110	32	0.98859
112	32	0.98989
114	32	0.94789
120	32	0.98782
124	32	0.99564
125	32	0.98447
127	32	0.98632
128	32	0.99007
130	32	0.98977
131	32	0.98651
134	32	0.99002
135	32	0.98853
138	32	0.92287
142	32	0.99028
147	32	0.98512
150	32	0.98992
2	33	0.97186
13	33	0.99101
17	33	0.62763
18	33	0.96689
21	33	0.97302
25	33	0.98411
26	33	0.94203
27	33	0.97947
29	33	0.89769
31	33	0.9639
37	33	0.98094
38	33	0.99083
42	33	0.96114
43	33	0.96665
47	33	0.95687
59	33	0.9721
61	33	0.98171
64	33	0.98342
65	33	0.96343
68	33	0.98261
69	33	0.97219
75	33	0.96255
78	33	0.97657
79	33	0.97591
81	33	0.97661
82	33	0.96763
86	33	0.97252
88	33	0.98783
89	33	0.97461
90	33	0.97247
92	33	0.9743
93	33	0.79307
95	33	0.96203
100	33	0.97672
103	33	0.98039
104	33	0.96164
107	33	0.97687
109	33	0.97596
115	33	0.97327
117	33	0.97426
118	33	0.98104
119	33	0.97873
121	33	0.97377
122	33	0.97104
123	33	0.98118
125	33	0.9736
126	33	0.92921
127	33	0.96783
129	33	0.80865
133	33	0.98054
136	33	0.97549
137	33	0.97797
144	33	0.99534
145	33	0.97519
146	33	0.97942
147	33	0.97021
148	33	0.98152
3	34	0.98595
4	34	0.99148
5	34	0.99513
6	34	0.99493
8	34	0.96656
9	34	0.99937
11	34	0.97566
12	34	0.99015
14	34	0.99768
15	34	0.97934
17	34	0.57981
20	34	0.99042
22	34	0.99001
24	34	0.99069
28	34	0.99153
29	34	0.89415
30	34	0.99537
35	34	0.98835
36	34	0.97976
39	34	0.99498
40	34	0.96853
41	34	0.99436
44	34	0.98885
45	34	0.99262
46	34	0.99966
47	34	0.96278
48	34	0.9906
49	34	0.60442
50	34	0.9891
51	34	0.98819
52	34	0.99938
53	34	0.99028
56	34	0.99101
57	34	0.98669
58	34	0.98981
67	34	0.98759
70	34	0.99187
71	34	0.99066
72	34	0.9935
73	34	0.97731
74	34	0.99774
76	34	0.99705
93	34	0.72894
94	34	0.9952
95	34	0.99183
97	34	0.99342
98	34	0.99556
99	34	0.98544
101	34	0.99197
102	34	0.99673
108	34	0.98832
110	34	0.99129
111	34	0.99389
112	34	0.98741
113	34	0.9912
116	34	0.99376
120	34	0.99
126	34	0.9349
128	34	0.98803
131	34	0.98782
132	34	0.99064
139	34	0.99932
140	34	0.99629
141	34	0.95152
143	34	0.99694
149	34	0.73848
150	34	0.98962
4	35	0.9972
5	35	0.99575
6	35	0.99793
7	35	0.99869
9	35	0.99205
10	35	0.98933
12	35	0.99443
13	35	0.98294
14	35	0.98588
16	35	0.99416
18	35	0.99132
19	35	0.99612
20	35	0.99953
22	35	0.99954
23	35	0.99557
24	35	0.99536
27	35	0.99278
30	35	0.99689
31	35	0.99875
32	35	0.9885
34	35	0.98835
37	35	0.98123
38	35	0.98338
39	35	0.99583
41	35	0.99736
42	35	0.9961
43	35	0.9928
44	35	0.97974
46	35	0.98746
48	35	0.9926
51	35	0.99683
52	35	0.99129
53	35	0.99664
54	35	0.99927
55	35	0.98776
56	35	0.98172
58	35	0.99983
59	35	0.99283
60	35	0.97189
62	35	0.97512
63	35	0.99819
66	35	0.9981
67	35	0.99945
69	35	0.98996
70	35	0.99641
71	35	0.99963
72	35	0.9937
74	35	0.99183
75	35	0.99349
76	35	0.99614
77	35	0.99695
78	35	0.98975
79	35	0.98141
80	35	0.99465
82	35	0.9891
83	35	0.99921
84	35	0.98895
85	35	0.99604
87	35	0.99575
88	35	0.98666
90	35	0.98412
91	35	0.99927
92	35	0.99596
94	35	0.99751
95	35	0.99553
98	35	0.99432
99	35	0.98572
100	35	0.97955
101	35	0.99196
102	35	0.99298
103	35	0.98551
104	35	0.99268
105	35	0.99396
106	35	0.96939
107	35	0.99345
108	35	0.99989
109	35	0.98954
110	35	0.99882
111	35	0.99322
112	35	0.99945
113	35	0.99708
115	35	0.99069
120	35	0.99973
122	35	0.99211
124	35	0.99347
125	35	0.99542
127	35	0.99359
128	35	0.99854
130	35	0.99838
131	35	0.99932
132	35	0.9899
133	35	0.97653
134	35	0.99707
135	35	0.99269
136	35	0.99126
137	35	0.98347
138	35	0.87059
139	35	0.99302
140	35	0.99223
142	35	0.99959
143	35	0.99299
145	35	0.97739
146	35	0.98003
147	35	0.99682
150	35	0.99592
3	36	0.97866
4	36	0.9856
5	36	0.98921
6	36	0.98479
8	36	0.98148
10	36	0.98567
11	36	0.98713
12	36	0.99279
16	36	0.98569
17	36	0.63789
19	36	0.9872
20	36	0.98125
21	36	0.96131
22	36	0.9804
23	36	0.98728
24	36	0.99041
28	36	0.99448
29	36	0.93094
34	36	0.97976
39	36	0.98595
40	36	0.97094
45	36	0.9861
46	36	0.9804
47	36	0.96534
48	36	0.98858
50	36	0.98668
51	36	0.98803
53	36	0.98855
57	36	0.98851
60	36	0.98129
66	36	0.97916
70	36	0.99001
72	36	0.98882
73	36	0.98689
74	36	0.98603
77	36	0.9826
80	36	0.98832
83	36	0.98095
84	36	0.99552
85	36	0.98623
87	36	0.9901
91	36	0.97944
93	36	0.7714
94	36	0.97826
96	36	0.99259
97	36	0.99535
101	36	0.99488
105	36	0.98457
110	36	0.97998
111	36	0.98184
116	36	0.98928
124	36	0.97961
126	36	0.94751
128	36	0.98003
135	36	0.98658
139	36	0.98118
141	36	0.97124
150	36	0.98864
2	37	0.96742
7	37	0.98451
13	37	0.99374
16	37	0.98383
18	37	0.99104
21	37	0.96447
23	37	0.98124
25	37	0.99369
26	37	0.87744
27	37	0.99606
31	37	0.98748
33	37	0.98094
35	37	0.98123
38	37	0.99042
42	37	0.99153
54	37	0.98581
59	37	0.9943
61	37	0.99041
63	37	0.98714
64	37	0.99267
65	37	0.9607
68	37	0.99345
69	37	0.99815
75	37	0.99473
78	37	0.99771
79	37	0.99806
81	37	0.9657
82	37	0.99691
86	37	0.97139
88	37	0.99597
89	37	0.97745
90	37	0.99803
91	37	0.9809
92	37	0.99188
93	37	0.72382
103	37	0.9968
104	37	0.99494
107	37	0.99279
108	37	0.98239
109	37	0.99112
115	37	0.9942
117	37	0.95791
118	37	0.99434
119	37	0.99097
121	37	0.97106
122	37	0.99268
123	37	0.98926
125	37	0.9944
127	37	0.99582
129	37	0.77094
130	37	0.98926
131	37	0.98118
133	37	0.99899
134	37	0.98646
136	37	0.99225
137	37	0.99304
138	37	0.87904
142	37	0.98076
144	37	0.97766
145	37	0.99798
146	37	0.98972
147	37	0.99226
148	37	0.9813
2	38	0.97748
13	38	0.99844
15	38	0.96365
16	38	0.98529
17	38	0.61425
18	38	0.98937
21	38	0.98368
25	38	0.9884
26	38	0.91109
27	38	0.99583
29	38	0.9113
31	38	0.99015
33	38	0.99083
35	38	0.98338
37	38	0.99042
39	38	0.98292
40	38	0.97038
42	38	0.98711
43	38	0.98966
44	38	0.98242
47	38	0.97381
49	38	0.53177
54	38	0.98425
59	38	0.99034
60	38	0.98062
61	38	0.97732
64	38	0.97879
65	38	0.94072
68	38	0.98766
69	38	0.98966
75	38	0.98498
78	38	0.99298
79	38	0.98638
81	38	0.97422
82	38	0.98538
86	38	0.95714
88	38	0.99869
89	38	0.96291
90	38	0.98569
92	38	0.99522
93	38	0.77911
95	38	0.98884
98	38	0.98578
100	38	0.99298
102	38	0.98264
103	38	0.99159
104	38	0.98404
106	38	0.97378
107	38	0.9945
108	38	0.9851
109	38	0.99115
113	38	0.98795
115	38	0.9898
117	38	0.96762
118	38	0.98242
119	38	0.9756
120	38	0.98446
121	38	0.95405
122	38	0.98917
123	38	0.97659
125	38	0.99356
126	38	0.94454
127	38	0.98835
129	38	0.73871
130	38	0.98591
131	38	0.98478
133	38	0.98713
136	38	0.99182
137	38	0.98871
141	38	0.96376
144	38	0.98856
145	38	0.98391
146	38	0.98808
147	38	0.99204
148	38	0.98748
149	38	0.69724
4	39	0.9959
5	39	0.99862
6	39	0.99913
9	39	0.99577
12	39	0.99676
14	39	0.98875
15	39	0.97469
16	39	0.99512
17	39	0.59949
18	39	0.99002
19	39	0.99593
20	39	0.99757
21	39	0.97351
22	39	0.99694
23	39	0.99585
24	39	0.99598
28	39	0.99263
29	39	0.91335
30	39	0.99524
31	39	0.99464
34	39	0.99498
35	39	0.99583
36	39	0.98595
38	39	0.98292
40	39	0.97697
41	39	0.99493
43	39	0.99065
44	39	0.99271
45	39	0.9886
46	39	0.99526
47	39	0.97415
48	39	0.99265
49	39	0.54222
50	39	0.9812
51	39	0.99593
52	39	0.9952
53	39	0.99636
55	39	0.98533
56	39	0.98287
58	39	0.99604
60	39	0.98497
67	39	0.99342
70	39	0.99808
71	39	0.9957
72	39	0.99486
74	39	0.99533
76	39	0.99638
83	39	0.99588
84	39	0.99392
85	39	0.99319
87	39	0.99706
91	39	0.99507
92	39	0.99296
93	39	0.75387
94	39	0.99614
95	39	0.99551
96	39	0.9908
97	39	0.99675
98	39	0.99774
99	39	0.98195
100	39	0.98851
101	39	0.99738
102	39	0.99665
108	39	0.9965
110	39	0.99582
112	39	0.9946
113	39	0.99536
116	39	0.99477
120	39	0.99741
126	39	0.94647
128	39	0.99422
131	39	0.99422
132	39	0.98654
139	39	0.99697
140	39	0.99157
141	39	0.9678
142	39	0.99369
143	39	0.99266
149	39	0.69275
150	39	0.99574
5	40	0.97001
6	40	0.96772
9	40	0.96542
12	40	0.9671
15	40	0.98642
16	40	0.97213
17	40	0.75226
18	40	0.96876
19	40	0.96818
20	40	0.96226
21	40	0.99241
22	40	0.95899
23	40	0.96848
24	40	0.96094
26	40	0.92059
28	40	0.9624
29	40	0.97409
31	40	0.95998
34	40	0.96853
36	40	0.97094
38	40	0.97038
39	40	0.97697
43	40	0.96003
44	40	0.99306
46	40	0.97313
47	40	0.99882
51	40	0.95952
52	40	0.96529
53	40	0.95997
60	40	0.99408
70	40	0.96692
72	40	0.95774
74	40	0.96166
76	40	0.96002
84	40	0.97416
87	40	0.96962
88	40	0.96231
92	40	0.96591
93	40	0.87309
95	40	0.96688
97	40	0.97389
98	40	0.97532
100	40	0.99139
101	40	0.97313
102	40	0.97219
108	40	0.95992
113	40	0.96302
120	40	0.96199
126	40	0.99243
139	40	0.96609
141	40	0.99526
144	40	0.96453
150	40	0.96064
3	41	0.98059
4	41	0.9957
5	41	0.99489
6	41	0.99726
7	41	0.99277
9	41	0.99716
14	41	0.99464
15	41	0.96334
20	41	0.99679
22	41	0.99704
24	41	0.99277
30	41	0.99945
31	41	0.99496
34	41	0.99436
35	41	0.99736
39	41	0.99493
43	41	0.99477
44	41	0.98071
45	41	0.98951
46	41	0.99307
49	41	0.58342
50	41	0.97927
51	41	0.99294
52	41	0.99668
53	41	0.99384
54	41	0.99536
55	41	0.98631
56	41	0.99201
58	41	0.99819
62	41	0.98093
66	41	0.99286
67	41	0.99794
70	41	0.99379
71	41	0.9988
72	41	0.99369
74	41	0.99494
76	41	0.99955
77	41	0.99294
83	41	0.99534
91	41	0.99498
94	41	0.9992
95	41	0.99702
98	41	0.99615
99	41	0.99314
102	41	0.99662
106	41	0.97666
108	41	0.99692
110	41	0.99777
111	41	0.99565
112	41	0.99639
113	41	0.99796
116	41	0.99348
120	41	0.9973
128	41	0.99602
131	41	0.99812
132	41	0.99662
139	41	0.99715
140	41	0.99858
142	41	0.99667
143	41	0.99849
149	41	0.72954
6	42	0.99215
7	42	0.99801
13	42	0.98667
16	42	0.99763
17	42	0.55521
18	42	0.99809
19	42	0.99717
20	42	0.99586
21	42	0.96866
22	42	0.99569
23	42	0.99753
25	42	0.97985
27	42	0.99607
29	42	0.89371
31	42	0.99721
32	42	0.98872
33	42	0.96114
35	42	0.9961
37	42	0.99153
38	42	0.98711
47	42	0.95742
51	42	0.99447
53	42	0.99285
54	42	0.99707
55	42	0.98349
58	42	0.99498
59	42	0.99408
60	42	0.97799
61	42	0.96678
63	42	0.99847
64	42	0.96927
65	42	0.91826
66	42	0.99703
67	42	0.99391
68	42	0.98007
69	42	0.99744
70	42	0.99292
71	42	0.99366
75	42	0.99743
77	42	0.99416
78	42	0.99743
79	42	0.9888
82	42	0.9946
83	42	0.99689
84	42	0.98897
85	42	0.99379
86	42	0.93656
87	42	0.99555
88	42	0.9922
89	42	0.94601
90	42	0.99123
91	42	0.99727
92	42	0.99737
93	42	0.72546
100	42	0.98305
103	42	0.98978
104	42	0.99743
105	42	0.99225
107	42	0.99383
108	42	0.99676
109	42	0.98865
110	42	0.99289
112	42	0.99547
115	42	0.99204
118	42	0.97628
119	42	0.96788
120	42	0.99613
121	42	0.93267
122	42	0.99214
123	42	0.96536
125	42	0.99737
127	42	0.99737
128	42	0.99402
129	42	0.68315
130	42	0.99929
131	42	0.99412
133	42	0.98659
134	42	0.99884
136	42	0.99093
137	42	0.98516
138	42	0.87397
141	42	0.95557
142	42	0.99596
144	42	0.96215
145	42	0.98658
146	42	0.98036
147	42	0.99687
150	42	0.99215
2	43	0.98471
6	43	0.9904
9	43	0.9907
13	43	0.98956
15	43	0.97117
20	43	0.99067
21	43	0.96157
22	43	0.99028
25	43	0.98064
26	43	0.85506
27	43	0.99114
30	43	0.99106
