7	2	0.94101
9	2	0.90496
12	2	0.9818
20	2	0.94239
24	2	0.94291
25	2	0.97588
28	2	0.92305
30	2	0.97038
32	2	0.96917
34	2	0.96743
37	2	0.93828
41	2	0.95632
43	2	0.93549
45	2	0.90864
52	2	0.98866
53	2	0.9792
61	2	0.93655
62	2	0.98752
63	2	0.96425
69	2	0.96366
72	2	0.98012
75	2	0.97961
76	2	0.95522
78	2	0.93796
79	2	0.99362
80	2	0.98011
81	2	0.96232
84	2	0.97063
87	2	0.98826
95	2	0.94233
97	2	0.94261
98	2	0.97085
99	2	0.96143
100	2	0.9627
101	2	0.99316
102	2	0.98223
103	2	0.7408
106	2	0.95952
107	2	0.99217
108	2	0.9717
110	2	0.99401
111	2	0.96848
112	2	0.93147
113	2	0.95739
114	2	0.96192
116	2	0.93452
123	2	0.96121
126	2	0.92047
128	2	0.9339
132	2	0.9749
134	2	0.98581
135	2	0.88558
137	2	0.95503
138	2	0.95622
144	2	0.82932
147	2	0.95141
148	2	0.97541
150	2	0.97194
4	3	0.47792
5	3	0.33203
6	3	0.25915
8	3	0.87348
9	3	0.42782
10	3	0.83181
11	3	0.28933
14	3	0.33857
16	3	0.24615
17	3	0.58097
20	3	0.28175
27	3	0.24717
32	3	0.32309
34	3	0.25806
36	3	0.31372
42	3	0.25931
45	3	0.43019
46	3	0.24835
48	3	0.39913
50	3	0.60617
53	3	0.26545
57	3	0.42768
58	3	0.26488
59	3	0.29212
66	3	0.38337
67	3	0.28857
71	3	0.27869
73	3	0.73516
84	3	0.25989
85	3	0.39548
88	3	0.35981
89	3	0.24577
91	3	0.28627
93	3	0.33995
94	3	0.28771
100	3	0.34089
103	3	0.69293
105	3	0.6132
106	3	0.28886
115	3	0.24291
116	3	0.32513
118	3	0.3389
119	3	0.24306
124	3	0.23951
127	3	0.25188
130	3	0.24516
141	3	0.26019
143	3	0.48603
144	3	0.55733
145	3	0.2529
3	4	0.47792
6	4	0.95183
8	4	0.71911
10	4	0.81571
11	4	0.90167
14	4	0.93675
17	4	0.91981
39	4	0.8728
43	4	0.86955
44	4	0.88346
45	4	0.8887
47	4	0.87234
48	4	0.97098
49	4	0.91849
50	4	0.81829
51	4	0.88715
55	4	0.87006
57	4	0.9404
58	4	0.93394
59	4	0.95872
60	4	0.9025
61	4	0.88208
65	4	0.92584
66	4	0.9066
67	4	0.95752
70	4	0.90923
73	4	0.70102
77	4	0.90456
83	4	0.89054
85	4	0.93312
86	4	0.94588
88	4	0.90338
89	4	0.93934
90	4	0.92191
91	4	0.96938
92	4	0.92239
94	4	0.95439
103	4	0.74129
105	4	0.81822
115	4	0.9257
116	4	0.90504
117	4	0.90946
118	4	0.95651
119	4	0.92003
120	4	0.90045
121	4	0.90938
124	4	0.83939
125	4	0.90413
127	4	0.96053
130	4	0.94847
131	4	0.90915
133	4	0.89221
139	4	0.92483
140	4	0.89516
141	4	0.92406
142	4	0.90186
143	4	0.88525
145	4	0.95437
3	5	0.33203
8	5	0.58337
9	5	0.96214
10	5	0.68086
13	5	0.95929
15	5	0.95848
16	5	0.90802
18	5	0.95644
19	5	0.9622
20	5	0.96696
21	5	0.92926
22	5	0.92596
23	5	0.90783
24	5	0.95316
25	5	0.91937
26	5	0.94776
27	5	0.98969
28	5	0.95889
29	5	0.96494
31	5	0.95887
33	5	0.93474
35	5	0.89624
36	5	0.98244
37	5	0.96622
38	5	0.94638
40	5	0.94011
42	5	0.96514
43	5	0.91591
44	5	0.90926
46	5	0.9612
48	5	0.9054
50	5	0.84726
51	5	0.94914
54	5	0.94226
55	5	0.92846
56	5	0.92888
58	5	0.88803
60	5	0.91395
63	5	0.91516
73	5	0.70021
74	5	0.96411
78	5	0.89151
85	5	0.92385
92	5	0.90227
93	5	0.91895
95	5	0.89835
96	5	0.97794
104	5	0.90822
105	5	0.89091
108	5	0.88909
116	5	0.91847
120	5	0.89195
121	5	0.93099
140	5	0.94534
143	5	0.9631
144	5	0.75918
3	6	0.25915
4	6	0.95183
8	6	0.54504
14	6	0.98213
16	6	0.83267
18	6	0.8685
23	6	0.88418
27	6	0.87695
35	6	0.90815
38	6	0.84277
39	6	0.8989
42	6	0.86378
43	6	0.89639
44	6	0.95393
47	6	0.94365
48	6	0.93741
49	6	0.98093
50	6	0.77809
51	6	0.92829
54	6	0.91777
55	6	0.88729
56	6	0.78939
58	6	0.91554
59	6	0.95302
60	6	0.90993
65	6	0.94404
67	6	0.95177
68	6	0.88191
70	6	0.92084
77	6	0.94736
82	6	0.90399
83	6	0.93081
85	6	0.9526
86	6	0.93444
88	6	0.91192
89	6	0.91402
90	6	0.93034
91	6	0.95019
92	6	0.95184
94	6	0.92199
104	6	0.89623
109	6	0.88566
115	6	0.88675
117	6	0.9663
118	6	0.92351
119	6	0.93156
120	6	0.94645
121	6	0.93529
125	6	0.91961
127	6	0.9789
130	6	0.96047
131	6	0.98708
133	6	0.94006
139	6	0.93609
140	6	0.91819
141	6	0.89569
142	6	0.90949
145	6	0.95307
2	7	0.94101
12	7	0.95696
25	7	0.86454
30	7	0.97729
32	7	0.90969
34	7	0.87232
41	7	0.90142
52	7	0.91392
53	7	0.87934
61	7	0.85289
62	7	0.92222
63	7	0.84585
64	7	0.84611
69	7	0.92729
71	7	0.86004
72	7	0.96471
75	7	0.90866
76	7	0.99629
79	7	0.95193
80	7	0.98684
81	7	0.9879
84	7	0.88807
87	7	0.93049
97	7	0.99836
98	7	0.9404
99	7	0.88874
100	7	0.90085
101	7	0.92005
102	7	0.96827
106	7	0.92422
107	7	0.92567
108	7	0.87042
110	7	0.94941
111	7	0.98955
112	7	0.97579
113	7	0.97553
114	7	0.99656
123	7	0.95792
126	7	0.9975
128	7	0.89195
132	7	0.97054
134	7	0.92329
135	7	0.98926
136	7	0.87613
137	7	0.95573
138	7	0.93943
146	7	0.86064
147	7	0.92945
148	7	0.88114
150	7	0.90247
3	8	0.87348
4	8	0.71911
5	8	0.58337
6	8	0.54504
9	8	0.57401
10	8	0.88692
11	8	0.48305
14	8	0.56917
16	8	0.49815
17	8	0.68842
20	8	0.51453
27	8	0.52214
36	8	0.60468
42	8	0.55911
44	8	0.48826
45	8	0.63368
46	8	0.5067
48	8	0.66852
50	8	0.80032
51	8	0.54498
57	8	0.61486
58	8	0.55292
59	8	0.5103
60	8	0.47985
66	8	0.52375
67	8	0.53893
71	8	0.48989
73	8	0.92189
84	8	0.49352
85	8	0.67703
86	8	0.4829
88	8	0.51292
89	8	0.47714
91	8	0.54077
92	8	0.47563
94	8	0.51822
96	8	0.50876
103	8	0.64148
105	8	0.69893
115	8	0.55619
116	8	0.58593
118	8	0.5839
121	8	0.50397
127	8	0.50986
130	8	0.50067
140	8	0.51826
141	8	0.48923
143	8	0.71051
144	8	0.5471
145	8	0.52974
2	9	0.90496
3	9	0.42782
5	9	0.96214
8	9	0.57401
10	9	0.7675
13	9	0.93405
15	9	0.93319
16	9	0.8266
18	9	0.86259
19	9	0.91043
20	9	0.97044
21	9	0.86411
22	9	0.85074
23	9	0.91157
24	9	0.9562
25	9	0.94297
26	9	0.88974
27	9	0.94629
28	9	0.95769
29	9	0.91722
31	9	0.93546
32	9	0.91274
33	9	0.91838
34	9	0.91497
35	9	0.90484
36	9	0.91651
37	9	0.95094
38	9	0.87303
40	9	0.89466
42	9	0.87415
43	9	0.91443
46	9	0.89044
50	9	0.80562
52	9	0.90988
53	9	0.92912
54	9	0.90519
55	9	0.94504
56	9	0.82854
57	9	0.89936
60	9	0.91436
62	9	0.89714
63	9	0.91429
73	9	0.69032
74	9	0.952
79	9	0.89175
87	9	0.89284
88	9	0.92629
92	9	0.89177
93	9	0.95524
95	9	0.90493
96	9	0.91976
100	9	0.90231
101	9	0.89737
103	9	0.85096
105	9	0.95563
106	9	0.89181
107	9	0.90907
108	9	0.91
116	9	0.92291
121	9	0.89821
125	9	0.90302
140	9	0.9107
143	9	0.96457
144	9	0.89115
148	9	0.94534
150	9	0.89871
3	10	0.83181
4	10	0.81571
5	10	0.68086
8	10	0.88692
9	10	0.7675
11	10	0.73072
17	10	0.88477
20	10	0.71015
32	10	0.73854
34	10	0.68313
36	10	0.67025
45	10	0.84653
48	10	0.79872
50	10	0.79875
53	10	0.72417
55	10	0.67648
57	10	0.83837
58	10	0.72118
59	10	0.69966
60	10	0.68513
61	10	0.67695
66	10	0.73954
71	10	0.73318
73	10	0.88987
75	10	0.66208
84	10	0.71744
85	10	0.72201
86	10	0.67874
88	10	0.72528
89	10	0.67684
91	10	0.7031
93	10	0.67435
94	10	0.72103
100	10	0.74097
103	10	0.89725
105	10	0.88386
106	10	0.6917
115	10	0.69804
116	10	0.76704
118	10	0.76588
125	10	0.67228
130	10	0.68487
138	10	0.6637
140	10	0.67227
141	10	0.71406
143	10	0.83906
144	10	0.82484
145	10	0.6753
146	10	0.67658
148	10	0.6649
3	11	0.28933
4	11	0.90167
8	11	0.48305
10	11	0.73072
12	11	0.90258
17	11	0.91434
30	11	0.92935
32	11	0.93947
35	11	0.93806
39	11	0.9768
41	11	0.9708
43	11	0.95835
45	11	0.9536
47	11	0.9082
48	11	0.93533
55	11	0.9498
57	11	0.97648
58	11	0.96638
59	11	0.96088
60	11	0.96438
61	11	0.99518
62	11	0.94779
63	11	0.95647
64	11	0.9759
65	11	0.95862
66	11	0.93551
67	11	0.8729
68	11	0.96968
70	11	0.98418
71	11	0.9839
73	11	0.575
75	11	0.97115
82	11	0.94978
83	11	0.92415
84	11	0.93669
86	11	0.96663
88	11	0.93952
89	11	0.9571
90	11	0.98173
91	11	0.94257
92	11	0.95081
94	11	0.97087
95	11	0.95076
98	11	0.94897
99	11	0.96846
103	11	0.79521
106	11	0.9087
107	11	0.94727
108	11	0.97494
109	11	0.96403
110	11	0.94602
111	11	0.89777
112	11	0.89434
113	11	0.91366
115	11	0.94577
116	11	0.95976
117	11	0.93444
118	11	0.97472
119	11	0.84219
122	11	0.9672
123	11	0.94722
124	11	0.90171
125	11	0.97645
127	11	0.94023
128	11	0.97652
129	11	0.954
130	11	0.96245
132	11	0.87814
133	11	0.92047
134	11	0.95252
136	11	0.95953
137	11	0.94356
138	11	0.9607
139	11	0.96905
141	11	0.99499
142	11	0.9638
144	11	0.7442
145	11	0.95971
146	11	0.97573
147	11	0.95977
148	11	0.94762
149	11	0.91563
2	12	0.9818
7	12	0.95696
11	12	0.90258
25	12	0.9222
30	12	0.97541
32	12	0.95914
34	12	0.95719
41	12	0.92021
45	12	0.91609
52	12	0.96881
53	12	0.95672
61	12	0.91298
62	12	0.94924
63	12	0.9233
69	12	0.91525
71	12	0.93394
72	12	0.95879
73	12	0.58167
75	12	0.968
76	12	0.95657
79	12	0.96864
80	12	0.9793
81	12	0.96158
84	12	0.97516
87	12	0.94727
97	12	0.94874
98	12	0.94507
99	12	0.91514
100	12	0.96919
101	12	0.97622
102	12	0.99448
103	12	0.73304
106	12	0.95132
107	12	0.95821
108	12	0.9343
110	12	0.97288
111	12	0.97754
112	12	0.96445
113	12	0.94806
114	12	0.97661
123	12	0.95374
126	12	0.93561
128	12	0.9053
129	12	0.90655
132	12	0.99509
134	12	0.95836
135	12	0.90671
137	12	0.96239
138	12	0.95954
144	12	0.82627
147	12	0.9254
148	12	0.92633
150	12	0.91504
5	13	0.95929
9	13	0.93405
15	13	0.99284
16	13	0.88609
18	13	0.95109
19	13	0.9803
20	13	0.96352
21	13	0.95017
22	13	0.92569
23	13	0.98515
24	13	0.9902
25	13	0.96031
26	13	0.97089
27	13	0.98571
28	13	0.99078
29	13	0.95322
31	13	0.9899
33	13	0.98781
35	13	0.97332
36	13	0.93529
37	13	0.96091
38	13	0.94369
39	13	0.94437
40	13	0.97505
42	13	0.93074
43	13	0.97536
44	13	0.94449
46	13	0.93842
49	13	0.93985
50	13	0.74332
51	13	0.95564
54	13	0.99398
55	13	0.97792
56	13	0.89485
60	13	0.96213
63	13	0.95243
74	13	0.97455
77	13	0.94718
78	13	0.964
85	13	0.90301
88	13	0.93488
92	13	0.96211
93	13	0.9337
95	13	0.97445
96	13	0.97084
99	13	0.93657
104	13	0.96129
105	13	0.83168
108	13	0.94143
109	13	0.93678
117	13	0.93345
120	13	0.96594
121	13	0.96769
125	13	0.95122
131	13	0.89462
140	13	0.96801
143	13	0.90874
148	13	0.94211
150	13	0.94877
3	14	0.33857
4	14	0.93675
6	14	0.98213
8	14	0.56917
16	14	0.83346
23	14	0.8415
26	14	0.82955
35	14	0.86223
39	14	0.83546
42	14	0.82997
44	14	0.93178
47	14	0.91734
48	14	0.89432
49	14	0.94561
50	14	0.80545
51	14	0.87826
54	14	0.86161
55	14	0.83562
57	14	0.82731
58	14	0.8447
59	14	0.92303
60	14	0.84709
65	14	0.89107
67	14	0.93629
70	14	0.86086
77	14	0.90987
82	14	0.84116
83	14	0.9032
85	14	0.93847
86	14	0.88301
88	14	0.8962
89	14	0.86903
90	14	0.87917
91	14	0.91352
92	14	0.9045
94	14	0.87763
96	14	0.83047
104	14	0.86433
117	14	0.9229
118	14	0.8727
119	14	0.93003
120	14	0.90073
121	14	0.87231
125	14	0.87058
127	14	0.94475
130	14	0.91635
131	14	0.98221
133	14	0.90498
139	14	0.88912
140	14	0.86361
141	14	0.83281
142	14	0.85114
145	14	0.89713
5	15	0.95848
9	15	0.93319
13	15	0.99284
16	15	0.87965
18	15	0.94576
19	15	0.97789
20	15	0.96167
21	15	0.9593
22	15	0.94433
23	15	0.97043
24	15	0.98252
25	15	0.95861
26	15	0.96903
27	15	0.97694
28	15	0.99525
29	15	0.96656
31	15	0.97884
33	15	0.99581
35	15	0.94947
36	15	0.93086
37	15	0.96894
38	15	0.94312
39	15	0.91134
40	15	0.98998
42	15	0.92255
43	15	0.95313
44	15	0.91412
46	15	0.93707
51	15	0.93249
54	15	0.97561
55	15	0.95868
56	15	0.90026
60	15	0.93446
62	15	0.925
63	15	0.93546
74	15	0.98184
78	15	0.97522
87	15	0.92825
92	15	0.92577
93	15	0.93142
95	15	0.95672
96	15	0.9653
99	15	0.91707
104	15	0.94724
105	15	0.81884
107	15	0.92017
108	15	0.92157
120	15	0.9324
121	15	0.93869
125	15	0.91565
140	15	0.94595
143	15	0.8912
148	15	0.93555
150	15	0.94852
3	16	0.24615
5	16	0.90802
6	16	0.83267
8	16	0.49815
9	16	0.8266
13	16	0.88609
14	16	0.83346
15	16	0.87965
18	16	0.96391
19	16	0.95152
20	16	0.83181
21	16	0.95608
22	16	0.94311
23	16	0.8526
24	16	0.82843
26	16	0.96403
27	16	0.90645
28	16	0.85888
29	16	0.94384
31	16	0.83719
33	16	0.87131
35	16	0.83042
36	16	0.94102
37	16	0.8282
38	16	0.9808
40	16	0.90905
42	16	0.97203
43	16	0.79738
44	16	0.94209
46	16	0.98445
48	16	0.81279
49	16	0.84997
50	16	0.8939
51	16	0.92158
54	16	0.88156
55	16	0.82736
56	16	0.97639
60	16	0.80059
74	16	0.90164
77	16	0.83859
85	16	0.92827
88	16	0.81004
92	16	0.83183
93	16	0.89242
96	16	0.95599
104	16	0.91884
105	16	0.80033
120	16	0.83676
121	16	0.84391
131	16	0.8825
140	16	0.88456
143	16	0.82906
3	17	0.58097
4	17	0.91981
8	17	0.68842
10	17	0.88477
11	17	0.91434
32	17	0.83581
39	17	0.82366
45	17	0.92116
48	17	0.87743
57	17	0.93804
58	17	0.85927
59	17	0.90778
60	17	0.82299
61	17	0.87895
64	17	0.81956
65	17	0.85921
66	17	0.96724
67	17	0.87405
68	17	0.84132
70	17	0.86018
71	17	0.90921
73	17	0.6792
75	17	0.82562
83	17	0.83028
86	17	0.89268
88	17	0.85145
89	17	0.91488
90	17	0.87523
91	17	0.90619
92	17	0.81683
94	17	0.92519
103	17	0.86479
108	17	0.81677
115	17	0.86986
116	17	0.85343
118	17	0.90905
119	17	0.84566
122	17	0.83918
124	17	0.90749
125	17	0.84815
127	17	0.86627
128	17	0.82287
129	17	0.82038
130	17	0.86029
133	17	0.81666
136	17	0.84886
138	17	0.8494
139	17	0.87696
141	17	0.9072
142	17	0.85822
145	17	0.88207
146	17	0.91229
149	17	0.87587
5	18	0.95644
6	18	0.8685
9	18	0.86259
13	18	0.95109
15	18	0.94576
16	18	0.96391
19	18	0.98383
20	18	0.89809
21	18	0.97422
22	18	0.96196
23	18	0.90552
24	18	0.90756
26	18	0.98426
27	18	0.9689
28	18	0.92299
29	18	0.96533
31	18	0.92827
33	18	0.93102
35	18	0.88595
36	18	0.97028
37	18	0.90707
38	18	0.98874
40	18	0.95768
42	18	0.99274
43	18	0.88527
44	18	0.95856
46	18	0.98801
48	18	0.86445
49	18	0.9005
50	18	0.82873
51	18	0.96626
54	18	0.95088
55	18	0.88829
56	18	0.97881
60	18	0.8797
63	18	0.85279
74	18	0.93735
77	18	0.88316
78	18	0.87178
85	18	0.93746
92	18	0.89426
93	18	0.87923
95	18	0.86832
96	18	0.98701
104	18	0.96135
117	18	0.86148
120	18	0.89604
121	18	0.92132
131	18	0.89519
140	18	0.93796
143	18	0.87419
5	19	0.9622
9	19	0.91043
13	19	0.9803
15	19	0.97789
16	19	0.95152
18	19	0.98383
20	19	0.92432
21	19	0.98942
22	19	0.95716
23	19	0.95628
24	19	0.94851
25	19	0.89722
26	19	0.9968
27	19	0.97705
28	19	0.96551
29	19	0.97324
31	19	0.95092
33	19	0.97456
35	19	0.93003
36	19	0.9527
37	19	0.92536
38	19	0.9898
40	19	0.98313
42	19	0.97021
43	19	0.91835
44	19	0.95625
46	19	0.98313
49	19	0.91403
50	19	0.80059
51	19	0.95153
54	19	0.97265
55	19	0.93147
56	19	0.96182
60	19	0.90635
74	19	0.96545
77	19	0.91015
78	19	0.91556
85	19	0.91945
88	19	0.89964
92	19	0.91921
93	19	0.93857
95	19	0.91315
96	19	0.98589
104	19	0.97753
105	19	0.82285
117	19	0.88833
120	19	0.92566
121	19	0.92886
125	19	0.89108
131	19	0.90011
140	19	0.94255
143	19	0.88275
2	20	0.94239
3	20	0.28175
5	20	0.96696
8	20	0.51453
9	20	0.97044
10	20	0.71015
13	20	0.96352
15	20	0.96167
16	20	0.83181
18	20	0.89809
19	20	0.92432
21	20	0.87606
22	20	0.90034
23	20	0.93341
24	20	0.97865
25	20	0.98438
26	20	0.91163
27	20	0.97085
28	20	0.97553
29	20	0.94481
31	20	0.97509
33	20	0.94021
34	20	0.94635
35	20	0.94282
36	20	0.94632
37	20	0.99344
38	20	0.88214
40	20	0.92508
42	20	0.89703
43	20	0.96273
45	20	0.90479
46	20	0.89911
48	20	0.92999
50	20	0.78185
51	20	0.9397
52	20	0.95614
53	20	0.97129
54	20	0.94321
55	20	0.97268
56	20	0.83149
57	20	0.92183
58	20	0.93889
60	20	0.96376
62	20	0.94264
63	20	0.96458
73	20	0.68193
74	20	0.97839
75	20	0.92703
78	20	0.94344
84	20	0.93044
85	20	0.88321
87	20	0.94321
92	20	0.93569
93	20	0.92352
95	20	0.9489
96	20	0.94996
99	20	0.92712
100	20	0.90859
101	20	0.95278
103	20	0.75498
105	20	0.90295
107	20	0.94455
108	20	0.95814
110	20	0.92725
116	20	0.96992
120	20	0.92744
121	20	0.95561
125	20	0.93056
134	20	0.94031
140	20	0.96685
143	20	0.96853
144	20	0.83192
148	20	0.96246
150	20	0.9405
5	21	0.92926
9	21	0.86411
13	21	0.95017
15	21	0.9593
16	21	0.95608
18	21	0.97422
19	21	0.98942
20	21	0.87606
22	21	0.96617
23	21	0.92402
24	21	0.90462
25	21	0.84717
26	21	0.992
27	21	0.94117
28	21	0.9376
29	21	0.9674
31	21	0.90514
33	21	0.96203
35	21	0.88351
36	21	0.92475
37	21	0.88677
38	21	0.99076
40	21	0.98371
42	21	0.95553
43	21	0.86163
44	21	0.92617
46	21	0.97781
49	21	0.86365
50	21	0.76622
51	21	0.9118
54	21	0.93691
55	21	0.87901
56	21	0.97305
60	21	0.84274
74	21	0.9434
77	21	0.85943
78	21	0.8908
85	21	0.87194
88	21	0.83967
92	21	0.86041
93	21	0.91675
95	21	0.86179
96	21	0.96435
104	21	0.96271
117	21	0.83026
120	21	0.87388
121	21	0.87152
125	21	0.8253
131	21	0.86008
140	21	0.89451
150	21	0.83093
5	22	0.92596
9	22	0.85074
13	22	0.92569
15	22	0.94433
16	22	0.94311
18	22	0.96196
19	22	0.95716
20	22	0.90034
21	22	0.96617
23	22	0.88145
24	22	0.88311
25	22	0.86289
26	22	0.96907
27	22	0.92939
28	22	0.92234
29	22	0.98944
31	22	0.89124
33	22	0.93273
35	22	0.86184
36	22	0.95141
37	22	0.92029
38	22	0.96331
40	22	0.97003
42	22	0.95035
43	22	0.84953
44	22	0.91218
46	22	0.96594
49	22	0.82684
50	22	0.79242
51	22	0.92711
54	22	0.90333
55	22	0.86588
56	22	0.94683
60	22	0.84203
63	22	0.81328
74	22	0.96092
77	22	0.8468
78	22	0.89416
85	22	0.85938
92	22	0.83908
93	22	0.88881
95	22	0.83629
96	22	0.96818
104	22	0.91424
120	22	0.84893
121	22	0.87097
131	22	0.80624
140	22	0.91278
143	22	0.8385
148	22	0.80704
150	22	0.81835
5	23	0.90783
6	23	0.88418
9	23	0.91157
13	23	0.98515
14	23	0.8415
15	23	0.97043
16	23	0.8526
18	23	0.90552
19	23	0.95628
20	23	0.93341
21	23	0.92402
22	23	0.88145
24	23	0.97796
25	23	0.95025
26	23	0.94933
27	23	0.94766
28	23	0.9752
29	23	0.91267
31	23	0.96631
33	23	0.97783
35	23	0.99036
36	23	0.87802
37	23	0.91869
38	23	0.91076
39	23	0.96325
40	23	0.94973
41	23	0.92596
42	23	0.87735
43	23	0.97374
44	23	0.93719
46	23	0.89784
47	23	0.94995
49	23	0.95209
51	23	0.92288
54	23	0.98359
55	23	0.98222
56	23	0.84117
60	23	0.96023
62	23	0.93371
63	23	0.93279
64	23	0.93842
69	23	0.92907
70	23	0.94296
74	23	0.95113
77	23	0.96628
78	23	0.95488
82	23	0.9383
83	23	0.89427
85	23	0.87631
88	23	0.96033
90	23	0.93275
92	23	0.96897
93	23	0.94235
95	23	0.97959
96	23	0.93392
99	23	0.95173
104	23	0.95674
105	23	0.82121
107	23	0.92637
108	23	0.93684
109	23	0.95866
117	23	0.95473
120	23	0.97876
121	23	0.95288
125	23	0.9692
130	23	0.94081
131	23	0.91137
140	23	0.94854
148	23	0.95165
150	23	0.95625
2	24	0.94291
5	24	0.95316
9	24	0.9562
13	24	0.9902
15	24	0.98252
16	24	0.82843
18	24	0.90756
19	24	0.94851
20	24	0.97865
21	24	0.90462
22	24	0.88311
23	24	0.97796
25	24	0.98347
26	24	0.93179
27	24	0.97598
28	24	0.99177
29	24	0.92618
31	24	0.99378
33	24	0.97476
34	24	0.9044
35	24	0.97298
36	24	0.91334
37	24	0.97109
38	24	0.8969
39	24	0.96233
40	24	0.94744
41	24	0.93775
42	24	0.88995
43	24	0.98571
44	24	0.90683
46	24	0.89649
48	24	0.91407
49	24	0.92034
51	24	0.93169
52	24	0.92913
53	24	0.93846
54	24	0.97985
55	24	0.9879
56	24	0.83908
60	24	0.97357
62	24	0.96628
63	24	0.97766
64	24	0.94077
69	24	0.93628
70	24	0.94311
74	24	0.96605
75	24	0.93823
77	24	0.93708
78	24	0.96769
79	24	0.93771
85	24	0.87591
87	24	0.95896
88	24	0.94565
92	24	0.96115
93	24	0.92791
95	24	0.98642
96	24	0.94344
99	24	0.9645
101	24	0.93806
103	24	0.72975
104	24	0.92361
105	24	0.8551
107	24	0.9649
108	24	0.97238
109	24	0.95036
110	24	0.93981
116	24	0.95131
120	24	0.96023
121	24	0.96525
125	24	0.9661
134	24	0.94959
140	24	0.95906
143	24	0.92759
144	24	0.76505
148	24	0.97508
150	24	0.97268
2	25	0.97588
5	25	0.91937
7	25	0.86454
9	25	0.94297
12	25	0.9222
13	25	0.96031
15	25	0.95861
19	25	0.89722
20	25	0.98438
21	25	0.84717
22	25	0.86289
23	25	0.95025
24	25	0.98347
26	25	0.88346
27	25	0.94126
28	25	0.97535
29	25	0.906
31	25	0.97357
32	25	0.94494
33	25	0.94683
34	25	0.94581
35	25	0.96036
36	25	0.88543
37	25	0.97812
39	25	0.95058
40	25	0.91562
41	25	0.96221
43	25	0.9777
45	25	0.9026
46	25	0.84247
52	25	0.97517
53	25	0.98033
54	25	0.94196
55	25	0.98036
60	25	0.97058
61	25	0.93868
62	25	0.9838
63	25	0.9776
69	25	0.9657
72	25	0.95128
73	25	0.57399
74	25	0.95994
75	25	0.95919
76	25	0.8955
78	25	0.97287
79	25	0.9668
80	25	0.92759
81	25	0.91334
84	25	0.94432
87	25	0.98579
92	25	0.94033
93	25	0.90401
95	25	0.9763
96	25	0.909
97	25	0.87501
98	25	0.95837
99	25	0.97122
100	25	0.92401
101	25	0.97587
102	25	0.92345
103	25	0.73955
105	25	0.85236
106	25	0.92424
107	25	0.98298
108	25	0.98152
109	25	0.95048
110	25	0.97357
111	25	0.91104
113	25	0.92008
114	25	0.89258
116	25	0.96111
121	25	0.94876
125	25	0.94978
126	25	0.83962
129	25	0.93321
132	25	0.91293
134	25	0.97948
135	25	0.79524
140	25	0.94873
143	25	0.92048
144	25	0.81328
147	25	0.9349
148	25	0.98913
150	25	0.9832
5	26	0.94776
9	26	0.88974
13	26	0.97089
14	26	0.82955
15	26	0.96903
16	26	0.96403
18	26	0.98426
19	26	0.9968
20	26	0.91163
21	26	0.992
22	26	0.96907
23	26	0.94933
24	26	0.93179
25	26	0.88346
27	26	0.9648
28	26	0.95346
29	26	0.97678
31	26	0.93472
33	26	0.96698
35	26	0.92523
36	26	0.95067
37	26	0.91342
38	26	0.9926
40	26	0.98174
42	26	0.97017
43	26	0.90533
44	26	0.96371
46	26	0.98578
49	26	0.91269
50	26	0.80812
51	26	0.95291
54	26	0.9638
55	26	0.92091
56	26	0.96421
60	26	0.89507
74	26	0.9638
77	26	0.91201
78	26	0.90621
85	26	0.91869
88	26	0.88409
92	26	0.91183
93	26	0.93554
95	26	0.89815
96	26	0.98555
104	26	0.9752
117	26	0.88073
120	26	0.92108
121	26	0.92021
125	26	0.87612
131	26	0.90511
140	26	0.94113
143	26	0.86545
3	27	0.24717
5	27	0.98969
6	27	0.87695
8	27	0.52214
9	27	0.94629
13	27	0.98571
15	27	0.97694
16	27	0.90645
18	27	0.9689
19	27	0.97705
20	27	0.97085
21	27	0.94117
22	27	0.92939
23	27	0.94766
24	27	0.97598
25	27	0.94126
26	27	0.9648
28	27	0.97411
29	27	0.96164
31	27	0.98516
33	27	0.95866
35	27	0.94024
36	27	0.97411
37	27	0.96923
38	27	0.95236
40	27	0.95683
42	27	0.96481
43	27	0.9561
44	27	0.94341
46	27	0.95881
48	27	0.92816
49	27	0.92144
50	27	0.81202
51	27	0.97268
54	27	0.97941
55	27	0.95844
56	27	0.92193
58	27	0.92569
60	27	0.95093
63	27	0.94642
73	27	0.63522
74	27	0.96938
77	27	0.92003
78	27	0.92605
85	27	0.93703
88	27	0.91535
92	27	0.94683
93	27	0.91752
95	27	0.94293
96	27	0.98549
104	27	0.94339
105	27	0.8589
108	27	0.92485
116	27	0.93786
120	27	0.94115
121	27	0.96755
125	27	0.92608
131	27	0.88257
140	27	0.9721
143	27	0.94947
2	28	0.92305
5	28	0.95889
9	28	0.95769
13	28	0.99078
15	28	0.99525
16	28	0.85888
18	28	0.92299
19	28	0.96551
20	28	0.97553
21	28	0.9376
22	28	0.92234
23	28	0.9752
24	28	0.99177
25	28	0.97535
26	28	0.95346
27	28	0.97411
29	28	0.95666
31	28	0.98151
33	28	0.99086
34	28	0.89732
35	28	0.95966
36	28	0.92357
37	28	0.97479
38	28	0.92367
39	28	0.92756
40	28	0.97502
42	28	0.90386
43	28	0.9634
44	28	0.9046
46	28	0.9214
51	28	0.9244
52	28	0.92015
53	28	0.92327
54	28	0.97094
55	28	0.97419
56	28	0.87217
60	28	0.94851
62	28	0.94483
63	28	0.94842
69	28	0.92799
74	28	0.98451
78	28	0.9752
79	28	0.92352
87	28	0.94669
88	28	0.92263
92	28	0.93472
93	28	0.94809
95	28	0.96631
96	28	0.95613
99	28	0.93559
104	28	0.93391
105	28	0.85702
107	28	0.94364
108	28	0.94141
120	28	0.9386
121	28	0.94256
125	28	0.93427
140	28	0.94827
143	28	0.91251
144	28	0.77032
148	28	0.9624
150	28	0.96286
5	29	0.96494
9	29	0.91722
13	29	0.95322
15	29	0.96656
16	29	0.94384
18	29	0.96533
19	29	0.97324
20	29	0.94481
21	29	0.9674
22	29	0.98944
23	29	0.91267
24	29	0.92618
25	29	0.906
26	29	0.97678
27	29	0.96164
28	29	0.95666
31	29	0.92706
33	29	0.95311
35	29	0.89611
36	29	0.97322
37	29	0.95384
38	29	0.96981
40	29	0.97612
42	29	0.96144
43	29	0.88887
44	29	0.92376
46	29	0.9774
50	29	0.82964
51	29	0.94335
53	29	0.85354
54	29	0.92855
55	29	0.91074
56	29	0.94663
60	29	0.88445
63	29	0.86068
73	29	0.58437
74	29	0.98617
77	29	0.87338
78	29	0.91248
85	29	0.89072
92	29	0.87664
93	29	0.9344
95	29	0.8749
96	29	0.98533
104	29	0.92491
105	29	0.85131
116	29	0.85942
120	29	0.88057
121	29	0.90306
140	29	0.93903
143	29	0.90036
148	29	0.86407
150	29	0.85766
2	30	0.97038
7	30	0.97729
11	30	0.92935
12	30	0.97541
32	30	0.951
34	30	0.89714
41	30	0.96373
52	30	0.93832
53	30	0.92805
61	30	0.943
62	30	0.96663
63	30	0.92184
64	30	0.93059
69	30	0.95364
71	30	0.94559
72	30	0.98916
75	30	0.97051
76	30	0.97806
79	30	0.97006
80	30	0.98319
81	30	0.98163
84	30	0.94526
87	30	0.96139
97	30	0.97715
98	30	0.98113
99	30	0.95318
100	30	0.91957
101	30	0.9551
102	30	0.9774
106	30	0.94743
107	30	0.96808
108	30	0.94467
110	30	0.98435
111	30	0.99446
112	30	0.98759
113	30	0.99071
114	30	0.98761
123	30	0.99382
126	30	0.96514
128	30	0.96133
129	30	0.9211
132	30	0.97543
134	30	0.97185
135	30	0.9468
136	30	0.94447
137	30	0.99329
138	30	0.98518
144	30	0.74636
146	30	0.94105
147	30	0.97856
148	30	0.93475
149	30	0.88848
150	30	0.94149
5	31	0.95887
9	31	0.93546
13	31	0.9899
15	31	0.97884
16	31	0.83719
18	31	0.92827
19	31	0.95092
20	31	0.97509
21	31	0.90514
22	31	0.89124
23	31	0.96631
24	31	0.99378
25	31	0.97357
26	31	0.93472
27	31	0.98516
28	31	0.98151
29	31	0.92706
33	31	0.96491
34	31	0.89715
35	31	0.9654
36	31	0.92959
37	31	0.97284
38	31	0.90392
39	31	0.959
40	31	0.94515
42	31	0.91055
43	31	0.98733
44	31	0.92068
46	31	0.90476
48	31	0.92791
49	31	0.93261
51	31	0.95323
52	31	0.91682
53	31	0.92786
54	31	0.98643
55	31	0.97926
56	31	0.85383
58	31	0.95319
60	31	0.97739
62	31	0.95505
63	31	0.98357
64	31	0.93938
70	31	0.9451
73	31	0.57741
74	31	0.95831
75	31	0.93663
77	31	0.93914
78	31	0.96213
82	31	0.93416
85	31	0.89537
87	31	0.94492
88	31	0.92809
92	31	0.9659
93	31	0.89738
95	31	0.98282
96	31	0.95354
99	31	0.95628
101	31	0.9342
104	31	0.93147
105	31	0.82652
107	31	0.95068
108	31	0.97154
109	31	0.94953
116	31	0.95911
117	31	0.93416
120	31	0.96257
121	31	0.9801
125	31	0.96037
130	31	0.93802
134	31	0.94578
140	31	0.97054
143	31	0.93017
148	31	0.95267
150	31	0.95749
2	32	0.96917
3	32	0.32309
7	32	0.90969
9	32	0.91274
10	32	0.73854
11	32	0.93947
12	32	0.95914
17	32	0.83581
25	32	0.94494
30	32	0.951
34	32	0.92987
41	32	0.93651
45	32	0.92798
52	32	0.95411
53	32	0.96384
55	32	0.918
57	32	0.92831
61	32	0.92738
62	32	0.95251
63	32	0.91734
69	32	0.94727
71	32	0.93119
72	32	0.94651
73	32	0.57914
75	32	0.95103
76	32	0.9229
79	32	0.96256
80	32	0.9568
81	32	0.94619
84	32	0.9405
87	32	0.94863
97	32	0.90925
98	32	0.95545
99	32	0.93498
100	32	0.97487
101	32	0.94829
102	32	0.93895
103	32	0.86972
105	32	0.86007
106	32	0.9945
107	32	0.96396
108	32	0.94265
110	32	0.97074
111	32	0.95251
112	32	0.92515
113	32	0.94276
114	32	0.93688
116	32	0.91491
123	32	0.94613
126	32	0.88374
128	32	0.91952
132	32	0.94855
134	32	0.9461
135	32	0.85268
136	32	0.90029
137	32	0.93574
138	32	0.97321
144	32	0.9024
146	32	0.92077
147	32	0.93391
148	32	0.97258
150	32	0.93333
5	33	0.93474
9	33	0.91838
13	33	0.98781
15	33	0.99581
16	33	0.87131
18	33	0.93102
19	33	0.97456
20	33	0.94021
21	33	0.96203
22	33	0.93273
23	33	0.97783
24	33	0.97476
25	33	0.94683
26	33	0.96698
27	33	0.95866
28	33	0.99086
29	33	0.95311
31	33	0.96491
35	33	0.95039
36	33	0.90154
37	33	0.94582
38	33	0.93785
39	33	0.90941
40	33	0.99007
42	33	0.90127
43	33	0.94362
44	33	0.90605
46	33	0.92481
51	33	0.90987
54	33	0.9706
55	33	0.95236
56	33	0.8893
60	33	0.92044
62	33	0.91892
63	33	0.91644
69	33	0.91128
74	33	0.97146
77	33	0.90858
78	33	0.97436
87	33	0.92301
92	33	0.91748
93	33	0.93625
95	33	0.9539
96	33	0.94897
99	33	0.91494
104	33	0.95114
107	33	0.91324
108	33	0.90692
109	33	0.90629
120	33	0.92929
121	33	0.9208
125	33	0.91216
140	33	0.92673
148	33	0.93206
150	33	0.94976
2	34	0.96743
3	34	0.25806
7	34	0.87232
9	34	0.91497
10	34	0.68313
12	34	0.95719
20	34	0.94635
24	34	0.9044
25	34	0.94581
28	34	0.89732
30	34	0.89714
31	34	0.89715
32	34	0.92987
37	34	0.95076
43	34	0.87929
45	34	0.89965
52	34	0.98534
53	34	0.97622
55	34	0.88047
60	34	0.8777
62	34	0.92688
63	34	0.92453
69	34	0.89028
72	34	0.90279
73	34	0.69088
74	34	0.88543
75	34	0.92913
76	34	0.88889
78	34	0.89449
79	34	0.95007
80	34	0.9296
81	34	0.90053
84	34	0.96337
87	34	0.93553
97	34	0.86641
98	34	0.90102
99	34	0.88064
100	34	0.97138
101	34	0.97942
102	34	0.95589
103	34	0.73842
105	34	0.82762
106	34	0.91351
107	34	0.93766
108	34	0.92181
110	34	0.93832
111	34	0.9041
114	34	0.90222
116	34	0.92026
126	34	0.84138
129	34	0.88432
132	34	0.95105
134	34	0.93368
135	34	0.79504
137	34	0.87871
138	34	0.88535
143	34	0.90509
144	34	0.87626
148	34	0.92675
150	34	0.9058
5	35	0.89624
6	35	0.90815
9	35	0.90484
11	35	0.93806
13	35	0.97332
14	35	0.86223
15	35	0.94947
16	35	0.83042
18	35	0.88595
19	35	0.93003
20	35	0.94282
21	35	0.88351
22	35	0.86184
23	35	0.99036
24	35	0.97298
25	35	0.96036
26	35	0.92523
27	35	0.94024
28	35	0.95966
29	35	0.89611
31	35	0.9654
33	35	0.95039
36	35	0.87851
37	35	0.92152
38	35	0.8802
39	35	0.9794
40	35	0.91804
41	35	0.95385
42	35	0.86287
43	35	0.98734
44	35	0.94389
46	35	0.87507
47	35	0.96415
48	35	0.92937
49	35	0.96824
51	35	0.93736
54	35	0.97716
55	35	0.99257
56	35	0.80167
57	35	0.92648
58	35	0.94688
59	35	0.93359
60	35	0.98364
61	35	0.93943
62	35	0.94357
63	35	0.94843
64	35	0.95784
65	35	0.93662
68	35	0.93694
69	35	0.93471
70	35	0.96934
74	35	0.94418
77	35	0.98856
78	35	0.94424
82	35	0.95603
83	35	0.92632
85	35	0.89211
86	35	0.93113
88	35	0.96622
90	35	0.96407
92	35	0.98856
93	35	0.92637
95	35	0.98461
96	35	0.92609
99	35	0.96588
103	35	0.71866
104	35	0.93437
105	35	0.83416
108	35	0.95793
109	35	0.97939
116	35	0.93535
117	35	0.9713
118	35	0.9399
120	35	0.99384
121	35	0.97288
122	35	0.93341
125	35	0.98625
127	35	0.93656
128	35	0.93634
130	35	0.97262
131	35	0.9215
133	35	0.92412
139	35	0.94309
140	35	0.96839
141	35	0.94318
142	35	0.93518
143	35	0.88786
148	35	0.95943
150	35	0.95512
3	36	0.31372
5	36	0.98244
8	36	0.60468
9	36	0.91651
10	36	0.67025
13	36	0.93529
15	36	0.93086
16	36	0.94102
18	36	0.97028
19	36	0.9527
20	36	0.94632
21	36	0.92475
22	36	0.95141
23	36	0.87802
24	36	0.91334
25	36	0.88543
26	36	0.95067
27	36	0.97411
28	36	0.92357
29	36	0.97322
31	36	0.92959
33	36	0.90154
35	36	0.87851
37	36	0.94733
38	36	0.95399
40	36	0.92481
42	36	0.98402
43	36	0.89031
44	36	0.93595
46	36	0.97438
48	36	0.91231
49	36	0.87024
50	36	0.89656
51	36	0.97279
54	36	0.92391
55	36	0.90303
56	36	0.94186
58	36	0.88135
60	36	0.89874
63	36	0.87665
73	36	0.72204
74	36	0.95647
77	36	0.87399
85	36	0.94957
92	36	0.89292
93	36	0.89484
96	36	0.98752
104	36	0.90282
105	36	0.87056
116	36	0.902
120	36	0.88305
121	36	0.9285
140	36	0.95647
143	36	0.95028
2	37	0.93828
5	37	0.96622
9	37	0.95094
13	37	0.96091
15	37	0.96894
16	37	0.8282
18	37	0.90707
19	37	0.92536
20	37	0.99344
21	37	0.88677
22	37	0.92029
23	37	0.91869
24	37	0.97109
25	37	0.97812
26	37	0.91342
27	37	0.96923
28	37	0.97479
29	37	0.95384
31	37	0.97284
33	37	0.94582
34	37	0.95076
35	37	0.92152
36	37	0.94733
38	37	0.8855
40	37	0.94013
42	37	0.90035
43	37	0.94881
46	37	0.90012
50	37	0.7484
51	37	0.93277
52	37	0.95735
53	37	0.96077
54	37	0.93683
55	37	0.95213
56	37	0.84393
58	37	0.91664
60	37	0.94383
62	37	0.93603
63	37	0.95772
73	37	0.65669
74	37	0.97771
75	37	0.91329
78	37	0.95548
79	37	0.91987
84	37	0.92088
87	37	0.94209
93	37	0.89789
95	37	0.93791
96	37	0.94951
100	37	0.89334
101	37	0.95414
105	37	0.86035
107	37	0.93603
108	37	0.94399
110	37	0.91755
116	37	0.95058
121	37	0.94172
134	37	0.93455
140	37	0.95455
143	37	0.94673
144	37	0.79902
148	37	0.94426
150	37	0.93738
5	38	0.94638
6	38	0.84277
9	38	0.87303
13	38	0.94369
15	38	0.94312
16	38	0.9808
18	38	0.98874
19	38	0.9898
20	38	0.88214
21	38	0.99076
22	38	0.96331
23	38	0.91076
24	38	0.8969
26	38	0.9926
27	38	0.95236
28	38	0.92367
29	38	0.96981
31	38	0.90392
33	38	0.93785
35	38	0.8802
36	38	0.95399
37	38	0.8855
40	38	0.96354
42	38	0.98275
43	38	0.86081
44	38	0.95046
46	38	0.99568
49	38	0.88041
50	38	0.83907
51	38	0.93866
54	38	0.93611
55	38	0.88018
56	38	0.98775
60	38	0.85316
74	38	0.94067
77	38	0.86984
78	38	0.85864
85	38	0.92164
88	38	0.85249
92	38	0.87367
93	38	0.91778
95	38	0.84888
96	38	0.98007
104	38	0.96396
117	38	0.83903
120	38	0.88029
121	38	0.88869
131	38	0.88846
140	38	0.91366
143	38	0.85507
4	39	0.8728
6	39	0.8989
11	39	0.9768
13	39	0.94437
14	39	0.83546
15	39	0.91134
17	39	0.82366
23	39	0.96325
24	39	0.96233
25	39	0.95058
28	39	0.92756
31	39	0.959
33	39	0.90941
35	39	0.9794
41	39	0.97834
43	39	0.98809
47	39	0.95802
48	39	0.92393
49	39	0.95313
54	39	0.95691
55	39	0.97644
57	39	0.93716
58	39	0.96206
59	39	0.9562
60	39	0.98114
61	39	0.98259
62	39	0.96474
63	39	0.97014
64	39	0.99403
65	39	0.97109
66	39	0.87417
67	39	0.86122
68	39	0.97965
69	39	0.93823
70	39	0.9954
71	39	0.93685
72	39	0.93803
75	39	0.95647
77	39	0.96347
78	39	0.92431
82	39	0.97997
83	39	0.94608
86	39	0.95768
87	39	0.94378
88	39	0.95716
89	39	0.93366
90	39	0.98884
91	39	0.92661
92	39	0.98025
94	39	0.94678
95	39	0.99001
98	39	0.94998
99	39	0.98928
103	39	0.7187
104	39	0.88616
107	39	0.95794
108	39	0.98057
109	39	0.99371
110	39	0.94368
115	39	0.92026
116	39	0.94509
117	39	0.97632
118	39	0.95904
119	39	0.83873
120	39	0.97973
121	39	0.96341
122	39	0.97048
123	39	0.93422
124	39	0.85698
125	39	0.99479
127	39	0.95274
128	39	0.97904
129	39	0.93914
130	39	0.97601
131	39	0.88662
133	39	0.94731
134	39	0.95713
136	39	0.94301
139	39	0.97426
140	39	0.9352
141	39	0.97776
142	39	0.96533
145	39	0.95815
146	39	0.93068
147	39	0.96639
148	39	0.95845
149	39	0.85601
150	39	0.95978
5	40	0.94011
9	40	0.89466
13	40	0.97505
15	40	0.98998
16	40	0.90905
18	40	0.95768
19	40	0.98313
20	40	0.92508
21	40	0.98371
22	40	0.97003
23	40	0.94973
24	40	0.94744
25	40	0.91562
26	40	0.98174
27	40	0.95683
28	40	0.97502
29	40	0.97612
31	40	0.94515
33	40	0.99007
35	40	0.91804
36	40	0.92481
37	40	0.94013
38	40	0.96354
42	40	0.93133
43	40	0.90997
44	40	0.91164
46	40	0.95268
49	40	0.869
51	40	0.91817
54	40	0.95544
55	40	0.91975
56	40	0.93106
60	40	0.88822
62	40	0.86903
63	40	0.87978
74	40	0.97251
77	40	0.88234
78	40	0.95502
87	40	0.87868
92	40	0.88691
93	40	0.92136
95	40	0.91477
96	40	0.9642
104	40	0.9526
120	40	0.89967
121	40	0.90238
125	40	0.8644
140	40	0.91998
148	40	0.88419
150	40	0.9062
2	41	0.95632
7	41	0.90142
11	41	0.9708
12	41	0.92021
23	41	0.92596
24	41	0.93775
25	41	0.96221
30	41	0.96373
32	41	0.93651
35	41	0.95385
39	41	0.97834
43	41	0.96953
45	41	0.90574
47	41	0.90942
52	41	0.92929
53	41	0.93998
55	41	0.95528
57	41	0.92719
58	41	0.94391
60	41	0.96263
61	41	0.98157
62	41	0.98349
63	41	0.96327
64	41	0.9821
65	41	0.92689
66	41	0.85049
68	41	0.96737
69	41	0.97166
70	41	0.96949
71	41	0.9561
72	41	0.97749
75	41	0.97379
76	41	0.92025
77	41	0.93003
78	41	0.93317
79	41	0.95107
80	41	0.93306
81	41	0.93655
82	41	0.95099
83	41	0.90548
84	41	0.93388
86	41	0.93509
87	41	0.97453
89	41	0.91103
90	41	0.9605
94	41	0.9253
95	41	0.97412
97	41	0.9123
98	41	0.98847
99	41	0.99317
100	41	0.87659
101	41	0.94797
102	41	0.9221
106	41	0.91665
107	41	0.97667
108	41	0.98235
109	41	0.98667
110	41	0.97963
111	41	0.94451
112	41	0.91932
113	41	0.96863
114	41	0.92094
115	41	0.9101
116	41	0.93789
118	41	0.93022
120	41	0.94181
122	41	0.97464
123	41	0.98333
124	41	0.84297
125	41	0.96327
126	41	0.88428
128	41	0.99342
129	41	0.96212
132	41	0.91438
133	41	0.90416
134	41	0.98702
135	41	0.8552
136	41	0.96037
137	41	0.97161
138	41	0.9674
139	41	0.94185
141	41	0.96722
142	41	0.95493
146	41	0.95139
147	41	0.99034
148	41	0.967
149	41	0.88155
150	41	0.97308
3	42	0.25931
5	42	0.96514
6	42	0.86378
8	42	0.55911
9	42	0.87415
13	42	0.93074
14	42	0.82997
15	42	0.92255
16	42	0.97203
18	42	0.99274
19	42	0.97021
20	42	0.89703
21	42	0.95553
22	42	0.95035
23	42	0.87735
24	42	0.88995
26	42	0.97017
27	42	0.96481
28	42	0.90386
29	42	0.96144
31	42	0.91055
33	42	0.90127
35	42	0.86287
36	42	0.98402
37	42	0.90035
38	42	0.98275
40	42	0.93133
43	42	0.86402
44	42	0.95125
46	42	0.99143
48	42	0.87745
49	42	0.88199
50	42	0.88324
51	42	0.96513
54	42	0.92876
55	42	0.87401
56	42	0.98044
58	42	0.84086
60	42	0.86582
73	42	0.63258
74	42	0.92903
77	42	0.86407
85	42	0.95547
92	42	0.87981
93	42	0.87988
95	42	0.83864
96	42	0.98537
104	42	0.93436
105	42	0.81489
116	42	0.84572
120	42	0.87547
121	42	0.90934
131	42	0.88463
140	42	0.93262
143	42	0.89924
2	43	0.93549
4	43	0.86955
5	43	0.91591
6	43	0.89639
9	43	0.91443
11	43	0.95835
13	43	0.97536
15	43	0.95313
16	43	0.79738
18	43	0.88527
19	43	0.91835
20	43	0.96273
21	43	0.86163
22	43	0.84953
23	43	0.97374
24	43	0.98571
25	43	0.9777
26	43	0.90533
27	43	0.9561
28	43	0.9634
29	43	0.88887
31	43	0.98733
33	43	0.94362
34	43	0.87929
35	43	0.98734
36	43	0.89031
37	43	0.94881
38	43	0.86081
39	43	0.98809
40	43	0.90997
41	43	0.96953
42	43	0.86402
44	43	0.92135
45	43	0.89765
46	43	0.86082
47	43	0.93513
48	43	0.9446
49	43	0.9555
51	43	0.94251
52	43	0.91694
53	43	0.93681
54	43	0.97906
55	43	0.99204
56	43	0.78979
57	43	0.93833
58	43	0.97451
59	43	0.92935
60	43	0.99523
61	43	0.96733
62	43	0.96971
63	43	0.98594
64	43	0.97405
65	43	0.9484
68	43	0.94361
69	43	0.9381
70	43	0.98043
74	43	0.93908
75	43	0.95598
77	43	0.97059
78	43	0.9548
79	43	0.92465
82	43	0.96514
83	43	0.90482
84	43	0.91966
85	43	0.88633
86	43	0.93914
87	43	0.95687
88	43	0.94983
90	43	0.96825
92	43	0.98718
93	43	0.89084
95	43	0.99531
96	43	0.9237
98	43	0.94289
99	43	0.98249
101	43	0.93619
104	43	0.91485
105	43	0.82259
107	43	0.96312
108	43	0.98758
109	43	0.98479
110	43	0.94591
115	43	0.92087
116	43	0.96914
117	43	0.96457
118	43	0.95719
120	43	0.98538
121	43	0.98672
122	43	0.93749
125	43	0.9878
127	43	0.93455
128	43	0.95447
129	43	0.94908
130	43	0.97252
131	43	0.88985
133	43	0.90899
134	43	0.96582
139	43	0.94462
140	43	0.97298
141	43	0.9624
142	43	0.93894
143	43	0.91411
145	43	0.94157
147	43	0.94208
148	43	0.96798
150	43	0.96815
4	44	0.88346
5	44	0.90926
6	44	0.95393
8	44	0.48826
13	44	0.94449
14	44	0.93178
15	44	0.91412
16	44	0.94209
18	44	0.95856
19	44	0.95625
21	44	0.92617
22	44	0.91218
23	44	0.93719
24	44	0.90683
26	44	0.96371
27	44	0.94341
28	44	0.9046
29	44	0.92376
31	44	0.92068
33	44	0.90605
35	44	0.94389
36	44	0.93595
38	44	0.95046
40	44	0.91164
42	44	0.95125
43	44	0.92135
46	44	0.95042
47	44	0.92149
48	44	0.92815
49	44	0.97248
50	44	0.84696
51	44	0.98051
54	44	0.95998
55	44	0.92948
56	44	0.90657
58	44	0.90379
60	44	0.92962
67	44	0.84006
74	44	0.92347
77	44	0.96499
85	44	0.97154
88	44	0.91243
92	44	0.95711
93	44	0.89922
96	44	0.96694
104	44	0.96304
117	44	0.93995
120	44	0.96001
121	44	0.9566
125	44	0.91308
127	44	0.91744
130	44	0.93799
131	44	0.97493
140	44	0.96901
2	45	0.90864
3	45	0.43019
4	45	0.8887
8	45	0.63368
10	45	0.84653
11	45	0.9536
12	45	0.91609
17	45	0.92116
20	45	0.90479
25	45	0.9026
32	45	0.92798
34	45	0.89965
41	45	0.90574
43	45	0.89765
48	45	0.9358
52	45	0.90817
53	45	0.94769
55	45	0.89475
57	45	0.97574
58	45	0.94855
60	45	0.92162
61	45	0.94386
63	45	0.92211
66	45	0.87972
70	45	0.90542
71	45	0.97427
73	45	0.76672
75	45	0.94521
84	45	0.96636
86	45	0.90884
89	45	0.89315
90	45	0.89906
94	45	0.92164
98	45	0.89444
100	45	0.91482
101	45	0.92069
102	45	0.8871
103	45	0.81582
105	45	0.85012
107	45	0.89803
108	45	0.93514
110	45	0.90807
115	45	0.94075
116	45	0.96872
118	45	0.94683
123	45	0.89415
125	45	0.89836
128	45	0.89496
129	45	0.94844
130	45	0.89801
132	45	0.89618
134	45	0.91824
137	45	0.90923
138	45	0.92835
141	45	0.94834
143	45	0.92367
144	45	0.8203
145	45	0.89749
146	45	0.92089
148	45	0.90071
149	45	0.86094
3	46	0.24835
5	46	0.9612
8	46	0.5067
9	46	0.89044
13	46	0.93842
15	46	0.93707
16	46	0.98445
18	46	0.98801
19	46	0.98313
20	46	0.89911
21	46	0.97781
22	46	0.96594
23	46	0.89784
24	46	0.89649
25	46	0.84247
26	46	0.98578
27	46	0.95881
28	46	0.9214
29	46	0.9774
31	46	0.90476
33	46	0.92481
35	46	0.87507
36	46	0.97438
37	46	0.90012
38	46	0.99568
40	46	0.95268
42	46	0.99143
43	46	0.86082
44	46	0.95042
48	46	0.85359
49	46	0.8736
50	46	0.87864
51	46	0.94967
54	46	0.92832
55	46	0.88303
56	46	0.9861
60	46	0.85961
73	46	0.58252
74	46	0.94805
77	46	0.86748
78	46	0.84813
85	46	0.93783
88	46	0.85191
92	46	0.87438
93	46	0.92123
95	46	0.84174
96	46	0.9873
104	46	0.94727
105	46	0.83733
120	46	0.87597
121	46	0.89474
131	46	0.87985
140	46	0.92479
143	46	0.88687
4	47	0.87234
6	47	0.94365
11	47	0.9082
14	47	0.91734
23	47	0.94995
35	47	0.96415
39	47	0.95802
41	47	0.90942
43	47	0.93513
44	47	0.92149
49	47	0.97777
54	47	0.9333
55	47	0.93122
59	47	0.96047
60	47	0.93191
61	47	0.90797
64	47	0.94209
65	47	0.95499
66	47	0.84935
67	47	0.90768
68	47	0.95632
70	47	0.95899
77	47	0.9757
82	47	0.95236
83	47	0.98447
86	47	0.94428
88	47	0.94282
89	47	0.92677
90	47	0.96742
91	47	0.93188
92	47	0.96472
94	47	0.93003
95	47	0.93566
99	47	0.91894
104	47	0.90466
109	47	0.95938
117	47	0.98723
118	47	0.91346
119	47	0.91279
120	47	0.97487
121	47	0.92577
122	47	0.94647
124	47	0.85979
125	47	0.96162
127	47	0.96584
128	47	0.91589
130	47	0.96623
131	47	0.95441
133	47	0.98304
139	47	0.96875
141	47	0.92464
142	47	0.95574
145	47	0.93412
3	48	0.39913
4	48	0.97098
5	48	0.9054
6	48	0.93741
8	48	0.66852
10	48	0.79872
11	48	0.93533
14	48	0.89432
16	48	0.81279
17	48	0.87743
18	48	0.86445
20	48	0.92999
24	48	0.91407
27	48	0.92816
31	48	0.92791
35	48	0.92937
36	48	0.91231
39	48	0.92393
42	48	0.87745
43	48	0.9446
44	48	0.92815
45	48	0.9358
46	48	0.85359
49	48	0.94255
50	48	0.83995
51	48	0.95569
54	48	0.92068
55	48	0.94471
56	48	0.77426
57	48	0.96961
58	48	0.98213
59	48	0.94561
60	48	0.96723
61	48	0.92757
63	48	0.93004
65	48	0.93332
66	48	0.85694
67	48	0.89825
70	48	0.94329
73	48	0.73473
77	48	0.94638
85	48	0.95632
86	48	0.94997
88	48	0.93049
89	48	0.92021
90	48	0.9421
91	48	0.9494
92	48	0.96679
94	48	0.94827
96	48	0.90947
103	48	0.75174
105	48	0.87453
108	48	0.92824
115	48	0.95106
116	48	0.97453
117	48	0.93145
118	48	0.97914
119	48	0.8452
