6	2	0.92904
7	2	0.92822
11	2	0.71887
12	2	0.78049
13	2	0.89228
15	2	0.83123
18	2	0.74424
19	2	0.86163
23	2	0.90442
24	2	0.86145
25	2	0.89806
27	2	0.9419
30	2	0.86907
31	2	0.92092
32	2	0.74378
33	2	0.92592
36	2	0.69008
37	2	0.91917
39	2	0.89056
40	2	0.85438
42	2	0.83267
44	2	0.91255
46	2	0.78207
49	2	0.70767
53	2	0.86973
55	2	0.84248
59	2	0.8602
61	2	0.90602
62	2	0.93505
63	2	0.93444
65	2	0.81016
66	2	0.85399
67	2	0.84199
68	2	0.84
69	2	0.74259
70	2	0.88595
71	2	0.85293
74	2	0.58639
75	2	0.80079
76	2	0.89718
79	2	0.93423
81	2	0.84073
82	2	0.77754
83	2	0.96696
84	2	0.87434
87	2	0.76021
88	2	0.78986
89	2	0.85464
90	2	0.88966
92	2	0.82224
93	2	0.66702
94	2	0.82675
95	2	0.96884
96	2	0.87911
98	2	0.80356
99	2	0.92856
100	2	0.60997
102	2	0.69231
104	2	0.67765
107	2	0.92455
109	2	0.82071
110	2	0.97336
112	2	0.80188
113	2	0.88071
114	2	0.86605
115	2	0.89234
117	2	0.81692
120	2	0.94474
123	2	0.89881
124	2	0.8416
125	2	0.91629
126	2	0.67187
127	2	0.81277
130	2	0.93695
131	2	0.92888
132	2	0.90096
133	2	0.70759
135	2	0.83487
136	2	0.95152
138	2	0.77683
139	2	0.83531
140	2	0.90892
142	2	0.93092
145	2	0.73943
146	2	0.80314
148	2	0.86878
149	2	0.59756
150	2	0.79597
4	3	0.53602
5	3	0.45958
7	3	0.39354
8	3	0.49779
9	3	0.54408
10	3	0.40836
12	3	0.39658
13	3	0.42012
14	3	0.51835
16	3	0.50307
17	3	0.54807
20	3	0.47419
22	3	0.42786
26	3	0.44755
28	3	0.3987
29	3	0.5215
30	3	0.4116
32	3	0.39668
33	3	0.38518
34	3	0.51866
35	3	0.41654
40	3	0.40522
41	3	0.44632
47	3	0.46167
49	3	0.41751
50	3	0.53141
52	3	0.4916
56	3	0.43174
57	3	0.54015
72	3	0.49232
73	3	0.54617
80	3	0.44041
81	3	0.38733
85	3	0.47691
88	3	0.40004
94	3	0.4445
96	3	0.4005
97	3	0.41889
101	3	0.44738
103	3	0.4191
111	3	0.4338
113	3	0.40078
116	3	0.45456
117	3	0.38839
132	3	0.44104
138	3	0.4881
143	3	0.84695
144	3	0.59773
146	3	0.38664
147	3	0.42459
3	4	0.53602
5	4	0.81106
7	4	0.82583
9	4	0.79263
13	4	0.87761
14	4	0.93895
16	4	0.83983
17	4	0.91504
20	4	0.93359
22	4	0.79056
24	4	0.85984
26	4	0.91577
28	4	0.80455
30	4	0.90521
32	4	0.87077
33	4	0.8021
34	4	0.88431
35	4	0.7949
41	4	0.93305
47	4	0.91695
49	4	0.83787
50	4	0.90381
56	4	0.74418
57	4	0.97371
66	4	0.83466
72	4	0.97084
73	4	0.72657
80	4	0.84651
81	4	0.84454
85	4	0.87881
88	4	0.87837
93	4	0.6795
94	4	0.89043
95	4	0.79511
96	4	0.79258
97	4	0.82204
98	4	0.77628
101	4	0.86962
103	4	0.82296
107	4	0.82474
111	4	0.91162
113	4	0.87157
114	4	0.81086
116	4	0.91055
117	4	0.87452
120	4	0.76679
132	4	0.84693
138	4	0.8098
140	4	0.80391
143	4	0.68586
144	4	0.85936
146	4	0.78321
147	4	0.92008
148	4	0.8216
150	4	0.79217
3	5	0.45958
4	5	0.81106
7	5	0.89641
9	5	0.72594
12	5	0.70051
13	5	0.8386
14	5	0.7978
16	5	0.94818
17	5	0.89795
18	5	0.8329
20	5	0.89048
22	5	0.82569
24	5	0.87811
26	5	0.90189
28	5	0.85765
29	5	0.69349
30	5	0.83469
32	5	0.84496
33	5	0.80738
34	5	0.94242
35	5	0.92974
37	5	0.74238
40	5	0.90405
41	5	0.87471
47	5	0.8829
50	5	0.77858
52	5	0.6893
56	5	0.9604
57	5	0.86734
72	5	0.80444
80	5	0.94769
81	5	0.93712
84	5	0.83262
85	5	0.88827
88	5	0.84721
93	5	0.86796
95	5	0.7378
96	5	0.78025
97	5	0.76526
98	5	0.81609
101	5	0.95386
103	5	0.96228
107	5	0.78198
111	5	0.92617
113	5	0.85129
114	5	0.78719
116	5	0.92191
132	5	0.83202
138	5	0.74524
140	5	0.84786
143	5	0.74443
144	5	0.94573
146	5	0.83825
147	5	0.90079
148	5	0.91412
2	6	0.92904
7	6	0.90823
11	6	0.75365
13	6	0.89276
18	6	0.77245
21	6	0.33894
23	6	0.91381
25	6	0.85281
26	6	0.75321
27	6	0.93964
30	6	0.8867
31	6	0.97661
32	6	0.81586
33	6	0.91265
37	6	0.88984
38	6	0.5543
39	6	0.9374
43	6	0.73142
44	6	0.91482
51	6	0.81953
53	6	0.88786
54	6	0.65518
58	6	0.59325
59	6	0.95434
60	6	0.32023
61	6	0.93725
62	6	0.88134
63	6	0.93852
64	6	0.74336
65	6	0.81065
66	6	0.82365
67	6	0.83494
68	6	0.83212
69	6	0.74768
70	6	0.90476
71	6	0.84436
78	6	0.72138
79	6	0.92947
81	6	0.82128
82	6	0.84864
83	6	0.94482
84	6	0.82738
86	6	0.87844
88	6	0.85862
89	6	0.84517
90	6	0.84026
91	6	0.78719
94	6	0.83161
95	6	0.97107
98	6	0.88564
99	6	0.79703
101	6	0.7716
103	6	0.77242
104	6	0.74153
105	6	0.33836
106	6	0.46694
107	6	0.94565
109	6	0.90565
110	6	0.9705
111	6	0.82304
112	6	0.88907
113	6	0.89787
114	6	0.85389
115	6	0.94112
117	6	0.88917
118	6	0.69335
119	6	0.88951
120	6	0.96165
121	6	0.70744
122	6	0.45664
123	6	0.91369
124	6	0.92602
125	6	0.93995
127	6	0.85345
128	6	0.71679
129	6	0.63705
130	6	0.97766
131	6	0.93206
132	6	0.93092
133	6	0.76007
134	6	0.37947
136	6	0.9643
137	6	0.85787
139	6	0.93826
140	6	0.87825
141	6	0.77739
142	6	0.90348
145	6	0.73248
146	6	0.83463
148	6	0.87361
149	6	0.68088
150	6	0.8766
2	7	0.92822
3	7	0.39354
4	7	0.82583
5	7	0.89641
6	7	0.90823
9	7	0.69941
12	7	0.73937
13	7	0.95586
14	7	0.81836
15	7	0.8281
16	7	0.83922
17	7	0.86314
18	7	0.85007
20	7	0.91455
22	7	0.79554
23	7	0.86339
24	7	0.92135
26	7	0.89053
27	7	0.85194
28	7	0.8338
29	7	0.528
30	7	0.92821
31	7	0.89067
32	7	0.8972
33	7	0.96357
34	7	0.86566
35	7	0.8664
37	7	0.93456
40	7	0.92955
41	7	0.92374
47	7	0.82687
49	7	0.73416
50	7	0.74607
52	7	0.68544
53	7	0.77719
56	7	0.85947
57	7	0.83512
62	7	0.88191
63	7	0.84941
66	7	0.85715
72	7	0.8491
79	7	0.87398
80	7	0.86444
81	7	0.96864
83	7	0.89174
84	7	0.9039
85	7	0.86974
88	7	0.9181
93	7	0.79386
94	7	0.84823
95	7	0.94567
96	7	0.87523
97	7	0.81265
98	7	0.89961
99	7	0.84126
101	7	0.92765
103	7	0.9263
107	7	0.95767
110	7	0.94056
111	7	0.93761
112	7	0.78356
113	7	0.94522
114	7	0.89248
116	7	0.9253
117	7	0.86913
120	7	0.94656
124	7	0.80392
130	7	0.92379
132	7	0.96159
136	7	0.88385
138	7	0.82581
139	7	0.82117
140	7	0.95115
141	7	0.70515
142	7	0.87985
143	7	0.68925
144	7	0.83639
146	7	0.8817
147	7	0.88704
148	7	0.97432
150	7	0.79578
3	8	0.49779
9	8	0.29597
10	8	0.59379
12	8	0.37923
14	8	0.20772
15	8	0.29288
19	8	0.34514
25	8	0.22274
29	8	0.23166
30	8	0.19674
36	8	0.40984
42	8	0.26138
45	8	0.42755
46	8	0.19832
48	8	0.44073
49	8	0.28668
52	8	0.36297
55	8	0.39187
62	8	0.28815
66	8	0.21486
67	8	0.26354
68	8	0.24732
71	8	0.30585
72	8	0.18884
73	8	0.46355
74	8	0.41026
75	8	0.289
76	8	0.32198
77	8	0.27527
84	8	0.19455
85	8	0.1924
87	8	0.34333
90	8	0.30687
92	8	0.40503
93	8	0.2102
96	8	0.25284
97	8	0.33927
100	8	0.45696
102	8	0.31456
114	8	0.26571
123	8	0.18871
126	8	0.49322
127	8	0.34891
128	8	0.29099
135	8	0.33049
138	8	0.21265
142	8	0.23294
143	8	0.4291
146	8	0.2448
150	8	0.21032
3	9	0.54408
4	9	0.79263
5	9	0.72594
7	9	0.69941
8	9	0.29597
13	9	0.7567
14	9	0.88066
15	9	0.8434
16	9	0.7534
17	9	0.7673
20	9	0.84252
22	9	0.80268
24	9	0.82093
26	9	0.74609
28	9	0.79322
29	9	0.56602
30	9	0.75222
33	9	0.7161
34	9	0.85623
35	9	0.72135
40	9	0.77315
41	9	0.81321
45	9	0.72351
47	9	0.71848
48	9	0.67361
49	9	0.7552
50	9	0.71258
52	9	0.83715
55	9	0.71294
56	9	0.78066
57	9	0.84647
66	9	0.7643
72	9	0.80882
73	9	0.66617
74	9	0.59347
80	9	0.67748
81	9	0.70617
84	9	0.66807
85	9	0.86574
94	9	0.79942
95	9	0.6646
96	9	0.86893
97	9	0.79714
101	9	0.68883
111	9	0.70831
113	9	0.74898
114	9	0.75229
116	9	0.81197
117	9	0.70254
126	9	0.65657
138	9	0.80395
140	9	0.70919
142	9	0.72629
143	9	0.65445
144	9	0.77779
147	9	0.74287
3	10	0.40836
8	10	0.59379
12	10	0.69028
15	10	0.66711
19	10	0.75146
23	10	0.62926
25	10	0.68031
27	10	0.56784
36	10	0.80524
39	10	0.58274
42	10	0.59173
45	10	0.84867
48	10	0.84595
52	10	0.67496
55	10	0.80256
59	10	0.57298
61	10	0.56584
62	10	0.68588
66	10	0.58687
67	10	0.72245
68	10	0.73654
71	10	0.75473
73	10	0.79505
74	10	0.67352
75	10	0.66117
76	10	0.6977
83	10	0.59516
84	10	0.56314
87	10	0.80692
89	10	0.61059
90	10	0.73308
92	10	0.79756
94	10	0.58999
95	10	0.57242
96	10	0.63269
97	10	0.68652
100	10	0.78714
102	10	0.62072
114	10	0.70294
123	10	0.56992
124	10	0.58824
126	10	0.80577
127	10	0.67
128	10	0.71496
131	10	0.61019
135	10	0.57595
136	10	0.59022
138	10	0.62837
142	10	0.67215
146	10	0.59489
150	10	0.58648
2	11	0.71887
6	11	0.75365
23	11	0.75622
25	11	0.77968
27	11	0.8286
31	11	0.76863
37	11	0.71015
39	11	0.86145
42	11	0.82036
43	11	0.67112
44	11	0.87982
51	11	0.6938
53	11	0.92325
54	11	0.66838
59	11	0.80583
60	11	0.20259
61	11	0.75144
63	11	0.84651
64	11	0.81395
65	11	0.93968
67	11	0.82058
68	11	0.8294
69	11	0.95937
70	11	0.92502
71	11	0.70569
75	11	0.83182
78	11	0.81248
79	11	0.8636
82	11	0.87667
83	11	0.77589
86	11	0.84255
89	11	0.85814
90	11	0.72328
91	11	0.77163
95	11	0.69149
104	11	0.89704
109	11	0.86338
110	11	0.72609
115	11	0.90276
118	11	0.89339
119	11	0.7886
120	11	0.73706
121	11	0.73055
123	11	0.70913
124	11	0.76864
125	11	0.88424
129	11	0.54779
130	11	0.76147
131	11	0.79715
133	11	0.95177
136	11	0.77848
137	11	0.80511
145	11	0.87219
149	11	0.68879
2	12	0.78049
3	12	0.39658
5	12	0.70051
7	12	0.73937
8	12	0.37923
10	12	0.69028
15	12	0.76638
19	12	0.79073
23	12	0.70217
24	12	0.80195
25	12	0.73247
27	12	0.71819
28	12	0.82291
29	12	0.54128
30	12	0.72603
33	12	0.7031
36	12	0.72943
40	12	0.8089
45	12	0.75753
46	12	0.76671
48	12	0.78738
52	12	0.79424
55	12	0.83725
56	12	0.78205
62	12	0.78024
66	12	0.71251
67	12	0.69617
71	12	0.74128
73	12	0.56015
74	12	0.69698
76	12	0.83222
83	12	0.71654
84	12	0.90686
85	12	0.78645
87	12	0.84345
90	12	0.7344
92	12	0.75585
93	12	0.69129
94	12	0.72438
95	12	0.73689
96	12	0.81921
97	12	0.80025
99	12	0.79635
100	12	0.85244
102	12	0.69673
110	12	0.73411
113	12	0.71629
114	12	0.84247
126	12	0.72676
128	12	0.795
131	12	0.70625
136	12	0.70683
138	12	0.74249
140	12	0.72583
142	12	0.74636
146	12	0.82733
2	13	0.89228
3	13	0.42012
4	13	0.87761
5	13	0.8386
6	13	0.89276
7	13	0.95586
9	13	0.7567
14	13	0.86539
15	13	0.81126
16	13	0.84484
17	13	0.91065
18	13	0.76358
20	13	0.95621
22	13	0.81198
24	13	0.91471
26	13	0.92633
28	13	0.82325
29	13	0.49997
30	13	0.91688
31	13	0.87521
32	13	0.93345
33	13	0.94164
34	13	0.8688
35	13	0.85436
37	13	0.88792
40	13	0.86372
41	13	0.9677
47	13	0.8764
49	13	0.76495
50	13	0.80561
56	13	0.79908
57	13	0.89167
66	13	0.8718
72	13	0.87975
80	13	0.83706
81	13	0.92649
83	13	0.85843
84	13	0.81981
85	13	0.87156
88	13	0.95698
93	13	0.70132
94	13	0.8936
95	13	0.92789
96	13	0.88373
97	13	0.80159
98	13	0.91112
99	13	0.7867
101	13	0.90043
103	13	0.86854
105	13	0.35835
106	13	0.3886
107	13	0.95097
110	13	0.90539
111	13	0.94089
112	13	0.80008
113	13	0.95514
114	13	0.85341
116	13	0.95447
117	13	0.89689
120	13	0.90727
130	13	0.91123
132	13	0.96636
136	13	0.86834
138	13	0.83955
139	13	0.85038
140	13	0.90672
141	13	0.72913
142	13	0.86782
143	13	0.67373
144	13	0.84104
146	13	0.80876
147	13	0.91597
148	13	0.92761
150	13	0.81761
3	14	0.51835
4	14	0.93895
5	14	0.7978
7	14	0.81836
8	14	0.20772
9	14	0.88066
13	14	0.86539
15	14	0.77843
16	14	0.81672
17	14	0.88441
20	14	0.93592
22	14	0.80546
24	14	0.90124
26	14	0.87394
28	14	0.84349
30	14	0.92238
32	14	0.80189
33	14	0.8159
34	14	0.88825
35	14	0.76399
40	14	0.7782
41	14	0.92949
45	14	0.76115
47	14	0.86062
49	14	0.82936
50	14	0.82745
52	14	0.7549
56	14	0.77679
57	14	0.94932
66	14	0.85585
72	14	0.95942
73	14	0.70566
80	14	0.787
81	14	0.81029
85	14	0.90782
88	14	0.82969
94	14	0.92538
95	14	0.80974
96	14	0.87547
97	14	0.87816
101	14	0.81352
103	14	0.78772
107	14	0.80654
111	14	0.86591
113	14	0.8831
114	14	0.85098
116	14	0.89538
117	14	0.90117
132	14	0.83313
138	14	0.86925
140	14	0.80053
142	14	0.81901
143	14	0.72493
144	14	0.8232
146	14	0.78311
147	14	0.91581
148	14	0.78289
150	14	0.81827
2	15	0.83123
7	15	0.8281
8	15	0.29288
9	15	0.8434
10	15	0.66711
12	15	0.76638
13	15	0.81126
14	15	0.77843
19	15	0.84035
20	15	0.78798
21	15	0.23109
22	15	0.74522
23	15	0.82088
24	15	0.85988
28	15	0.76785
29	15	0.49919
30	15	0.82015
33	15	0.87329
34	15	0.78468
36	15	0.80479
40	15	0.88135
41	15	0.78316
45	15	0.79167
48	15	0.79415
49	15	0.71447
52	15	0.86608
55	15	0.89338
56	15	0.772
62	15	0.90114
66	15	0.87051
71	15	0.77112
73	15	0.60993
74	15	0.76626
76	15	0.87889
77	15	0.67421
81	15	0.79208
83	15	0.8138
84	15	0.83212
85	15	0.83627
87	15	0.77872
90	15	0.78529
92	15	0.78416
94	15	0.79938
95	15	0.83259
96	15	0.91629
97	15	0.87003
99	15	0.87452
100	15	0.75783
102	15	0.73202
107	15	0.81425
110	15	0.82841
113	15	0.79938
114	15	0.89886
117	15	0.77037
120	15	0.80335
123	15	0.79938
126	15	0.80162
135	15	0.80158
136	15	0.76966
138	15	0.85817
140	15	0.84801
141	15	0.70006
142	15	0.89539
150	15	0.80532
3	16	0.50307
4	16	0.83983
5	16	0.94818
7	16	0.83922
9	16	0.7534
13	16	0.84484
14	16	0.81672
17	16	0.94936
18	16	0.77443
20	16	0.91115
22	16	0.81435
24	16	0.84691
26	16	0.91649
28	16	0.81115
29	16	0.68029
30	16	0.78981
32	16	0.87494
33	16	0.7409
34	16	0.93244
35	16	0.95072
40	16	0.8063
41	16	0.893
47	16	0.94588
50	16	0.79529
56	16	0.92009
57	16	0.9048
72	16	0.81994
80	16	0.95154
81	16	0.89425
84	16	0.71087
85	16	0.85975
88	16	0.87995
93	16	0.83204
94	16	0.71339
96	16	0.73905
97	16	0.70281
98	16	0.81177
101	16	0.9426
103	16	0.94036
105	16	0.35083
107	16	0.74286
111	16	0.92231
113	16	0.82897
116	16	0.94268
117	16	0.70814
132	16	0.80481
138	16	0.70068
140	16	0.78083
143	16	0.7709
144	16	0.95859
146	16	0.72631
147	16	0.91142
148	16	0.86086
3	17	0.54807
4	17	0.91504
5	17	0.89795
7	17	0.86314
9	17	0.7673
13	17	0.91065
14	17	0.88441
16	17	0.94936
18	17	0.68724
20	17	0.96217
22	17	0.82834
24	17	0.83277
26	17	0.9771
28	17	0.79146
29	17	0.57032
30	17	0.84035
32	17	0.94741
33	17	0.81067
34	17	0.93026
35	17	0.91175
37	17	0.72585
40	17	0.79367
41	17	0.95277
47	17	0.97559
49	17	0.71724
50	17	0.88547
56	17	0.82523
57	17	0.95629
66	17	0.73415
72	17	0.88073
80	17	0.91611
81	17	0.8988
85	17	0.85141
88	17	0.94273
93	17	0.70523
94	17	0.79738
95	17	0.74775
96	17	0.76172
98	17	0.83505
101	17	0.93805
103	17	0.90415
105	17	0.37668
107	17	0.81358
111	17	0.95329
113	17	0.87948
116	17	0.96638
117	17	0.80301
120	17	0.73058
130	17	0.72548
132	17	0.88535
138	17	0.76173
140	17	0.78108
143	17	0.77355
144	17	0.95267
147	17	0.94486
148	17	0.86998
2	18	0.74424
5	18	0.8329
6	18	0.77245
7	18	0.85007
13	18	0.76358
16	18	0.77443
17	18	0.68724
20	18	0.69852
21	18	0.47442
24	18	0.76514
26	18	0.70821
27	18	0.69759
28	18	0.70264
29	18	0.50382
30	18	0.69928
31	18	0.79909
32	18	0.76377
33	18	0.73149
34	18	0.7039
35	18	0.81708
37	18	0.75736
38	18	0.49434
40	18	0.7785
41	18	0.70323
56	18	0.8226
60	18	0.44044
79	18	0.73112
80	18	0.81494
81	18	0.81656
84	18	0.82139
85	18	0.71426
88	18	0.78036
93	18	0.81664
95	18	0.73484
98	18	0.86782
99	18	0.71757
101	18	0.8337
103	18	0.8879
105	18	0.43983
106	18	0.48718
107	18	0.76683
110	18	0.75936
111	18	0.78716
113	18	0.75434
114	18	0.69325
115	18	0.70263
116	18	0.74638
120	18	0.73198
122	18	0.40053
123	18	0.71106
129	18	0.59871
130	18	0.78895
132	18	0.78544
134	18	0.41693
140	18	0.77498
141	18	0.69623
146	18	0.78546
147	18	0.74393
148	18	0.85159
2	19	0.86163
8	19	0.34514
10	19	0.75146
12	19	0.79073
15	19	0.84035
23	19	0.88181
25	19	0.9385
27	19	0.88697
33	19	0.78406
36	19	0.8259
39	19	0.83435
42	19	0.89814
44	19	0.88422
45	19	0.7917
46	19	0.89035
48	19	0.81375
52	19	0.70713
55	19	0.91291
58	19	0.60671
59	19	0.81163
61	19	0.83421
62	19	0.90122
63	19	0.79887
65	19	0.79535
67	19	0.92468
68	19	0.92621
69	19	0.68834
70	19	0.78695
71	19	0.90992
74	19	0.73733
75	19	0.88618
76	19	0.93838
77	19	0.6817
79	19	0.79237
83	19	0.88329
84	19	0.78664
87	19	0.94401
89	19	0.86604
90	19	0.94195
91	19	0.76259
92	19	0.94723
95	19	0.82609
96	19	0.79896
99	19	0.87489
100	19	0.79256
102	19	0.85953
108	19	0.70166
109	19	0.789
110	19	0.82757
114	19	0.81382
119	19	0.82107
120	19	0.79475
123	19	0.86117
125	19	0.81061
126	19	0.82777
128	19	0.76287
131	19	0.8968
135	19	0.87179
136	19	0.84514
142	19	0.87549
145	19	0.7436
149	19	0.60897
3	20	0.47419
4	20	0.93359
5	20	0.89048
7	20	0.91455
9	20	0.84252
13	20	0.95621
14	20	0.93592
15	20	0.78798
16	20	0.91115
17	20	0.96217
18	20	0.69852
22	20	0.88589
24	20	0.92084
26	20	0.96663
28	20	0.8573
29	20	0.56458
30	20	0.91809
32	20	0.92986
33	20	0.88489
34	20	0.93842
35	20	0.88865
37	20	0.79528
40	20	0.85748
41	20	0.98507
47	20	0.93855
49	20	0.78532
50	20	0.86331
52	20	0.70553
56	20	0.84866
57	20	0.96641
66	20	0.86131
72	20	0.92788
73	20	0.55027
80	20	0.8788
81	20	0.92273
85	20	0.91466
88	20	0.93899
93	20	0.72159
94	20	0.89978
95	20	0.84852
96	20	0.88454
97	20	0.82925
98	20	0.86779
101	20	0.91916
103	20	0.88839
105	20	0.32782
107	20	0.88314
111	20	0.95822
113	20	0.92985
114	20	0.83617
116	20	0.98408
117	20	0.86696
120	20	0.81936
132	20	0.92232
138	20	0.85181
140	20	0.86353
142	20	0.81316
143	20	0.72241
144	20	0.91402
147	20	0.94988
148	20	0.89222
6	21	0.33894
15	21	0.23109
18	21	0.47442
27	21	0.23453
31	21	0.40088
38	21	0.92058
43	21	0.74454
44	21	0.23613
46	21	0.32526
51	21	0.70289
54	21	0.75292
58	21	0.79877
59	21	0.39984
60	21	0.93354
61	21	0.42908
64	21	0.57704
77	21	0.67305
78	21	0.55467
82	21	0.49318
84	21	0.23238
86	21	0.52863
88	21	0.2624
91	21	0.60797
97	21	0.3124
98	21	0.51916
102	21	0.23484
104	21	0.43661
105	21	0.82031
106	21	0.91787
107	21	0.24936
108	21	0.66133
109	21	0.45055
110	21	0.24184
114	21	0.24607
115	21	0.28036
118	21	0.4392
119	21	0.53594
121	21	0.69947
122	21	0.90444
123	21	0.48908
129	21	0.8271
130	21	0.24354
133	21	0.29111
134	21	0.91134
137	21	0.59773
139	21	0.47275
141	21	0.72712
146	21	0.28977
147	21	0.24305
150	21	0.44557
3	22	0.42786
4	22	0.79056
5	22	0.82569
7	22	0.79554
9	22	0.80268
13	22	0.81198
14	22	0.80546
15	22	0.74522
16	22	0.81435
17	22	0.82834
20	22	0.88589
24	22	0.82253
26	22	0.84682
28	22	0.71119
29	22	0.63937
30	22	0.79551
32	22	0.77839
33	22	0.7849
34	22	0.86153
35	22	0.77638
37	22	0.73479
40	22	0.82334
41	22	0.85886
47	22	0.81813
49	22	0.70768
50	22	0.7795
52	22	0.70322
56	22	0.78768
57	22	0.8522
66	22	0.77375
72	22	0.82535
74	22	0.59596
80	22	0.74204
81	22	0.86548
85	22	0.77389
88	22	0.79805
94	22	0.76697
95	22	0.70747
96	22	0.80702
98	22	0.72552
101	22	0.80252
103	22	0.76027
107	22	0.76197
111	22	0.84679
113	22	0.78111
114	22	0.70803
116	22	0.8839
132	22	0.78167
138	22	0.74863
140	22	0.81013
142	22	0.70407
143	22	0.65329
144	22	0.87122
147	22	0.79709
148	22	0.80037
2	23	0.90442
6	23	0.91381
7	23	0.86339
10	23	0.62926
11	23	0.75622
12	23	0.70217
15	23	0.82088
19	23	0.88181
25	23	0.90039
27	23	0.96404
31	23	0.8965
33	23	0.93183
36	23	0.70705
37	23	0.89498
38	23	0.46719
39	23	0.9437
40	23	0.81864
42	23	0.78481
44	23	0.90598
46	23	0.76455
51	23	0.71292
53	23	0.84171
54	23	0.56468
55	23	0.86591
59	23	0.92546
61	23	0.8862
62	23	0.93524
63	23	0.90375
64	23	0.76298
65	23	0.84901
67	23	0.9114
68	23	0.91448
69	23	0.76434
70	23	0.88176
71	23	0.87751
74	23	0.66205
75	23	0.84804
76	23	0.87412
78	23	0.72539
79	23	0.92175
82	23	0.81732
83	23	0.94681
84	23	0.83655
86	23	0.83647
87	23	0.80692
89	23	0.87448
90	23	0.87854
91	23	0.78435
92	23	0.82442
95	23	0.92597
99	23	0.82246
100	23	0.68732
102	23	0.71495
104	23	0.72772
106	23	0.3432
107	23	0.89168
108	23	0.68017
109	23	0.89574
110	23	0.92578
112	23	0.81704
114	23	0.86671
115	23	0.89964
117	23	0.83305
118	23	0.70256
119	23	0.85714
120	23	0.95098
121	23	0.67676
122	23	0.37885
123	23	0.89055
124	23	0.91486
125	23	0.90091
126	23	0.65807
127	23	0.79831
128	23	0.72135
130	23	0.90066
131	23	0.94815
132	23	0.82812
133	23	0.76688
135	23	0.7625
136	23	0.94126
137	23	0.78112
139	23	0.8544
140	23	0.85474
141	23	0.73812
142	23	0.89082
145	23	0.73043
146	23	0.81939
149	23	0.63299
2	24	0.86145
4	24	0.85984
5	24	0.87811
7	24	0.92135
9	24	0.82093
12	24	0.80195
13	24	0.91471
14	24	0.90124
15	24	0.85988
16	24	0.84691
17	24	0.83277
18	24	0.76514
20	24	0.92084
22	24	0.82253
26	24	0.84831
28	24	0.902
29	24	0.56216
30	24	0.93407
32	24	0.80126
33	24	0.89102
34	24	0.87264
35	24	0.81292
40	24	0.89871
41	24	0.92422
45	24	0.76867
47	24	0.81623
48	24	0.74854
49	24	0.77392
50	24	0.72395
52	24	0.75815
55	24	0.8596
56	24	0.90158
57	24	0.88012
62	24	0.83549
66	24	0.8825
72	24	0.88701
73	24	0.62044
74	24	0.60697
80	24	0.84651
81	24	0.89153
84	24	0.8797
85	24	0.92699
88	24	0.84493
93	24	0.79171
94	24	0.91615
95	24	0.89403
96	24	0.93982
97	24	0.90595
98	24	0.82925
99	24	0.82938
100	24	0.63818
101	24	0.86139
103	24	0.86585
107	24	0.87625
110	24	0.87144
111	24	0.90048
113	24	0.93228
114	24	0.92019
116	24	0.91645
117	24	0.88845
120	24	0.84849
128	24	0.70073
132	24	0.88126
138	24	0.87232
140	24	0.93986
141	24	0.69669
142	24	0.88802
143	24	0.66617
144	24	0.81178
146	24	0.89299
147	24	0.90949
148	24	0.89747
150	24	0.84506
2	25	0.89806
6	25	0.85281
8	25	0.22274
10	25	0.68031
11	25	0.77968
12	25	0.73247
19	25	0.9385
23	25	0.90039
27	25	0.94179
31	25	0.82244
33	25	0.80436
36	25	0.7808
37	25	0.79228
39	25	0.92545
42	25	0.92504
44	25	0.95609
45	25	0.78352
46	25	0.85805
48	25	0.75799
53	25	0.82406
55	25	0.88637
58	25	0.61862
59	25	0.87643
61	25	0.89658
62	25	0.89019
63	25	0.8858
64	25	0.75399
65	25	0.8727
67	25	0.9655
68	25	0.96099
69	25	0.79365
70	25	0.90096
71	25	0.94476
74	25	0.65246
75	25	0.88127
76	25	0.89021
78	25	0.71686
79	25	0.87026
82	25	0.7883
83	25	0.93964
84	25	0.79446
86	25	0.84145
87	25	0.87257
89	25	0.93133
90	25	0.98264
91	25	0.80232
92	25	0.94685
95	25	0.88817
99	25	0.85326
100	25	0.68128
102	25	0.74384
104	25	0.74504
108	25	0.69463
109	25	0.86114
110	25	0.88465
112	25	0.77435
114	25	0.80394
115	25	0.85442
118	25	0.72623
119	25	0.86168
120	25	0.86628
123	25	0.88979
124	25	0.84492
125	25	0.93059
126	25	0.72541
127	25	0.84143
128	25	0.79064
130	25	0.83342
131	25	0.94866
133	25	0.78621
135	25	0.81746
136	25	0.91951
142	25	0.89994
145	25	0.78579
149	25	0.72029
3	26	0.44755
4	26	0.91577
5	26	0.90189
6	26	0.75321
7	26	0.89053
9	26	0.74609
13	26	0.92633
14	26	0.87394
16	26	0.91649
17	26	0.9771
18	26	0.70821
20	26	0.96663
22	26	0.84682
24	26	0.84831
28	26	0.81455
29	26	0.54142
30	26	0.86364
32	26	0.96791
33	26	0.85489
34	26	0.92362
35	26	0.92043
37	26	0.78391
40	26	0.82125
41	26	0.9653
47	26	0.97095
49	26	0.72231
50	26	0.91227
56	26	0.81517
57	26	0.94845
66	26	0.7553
72	26	0.88236
80	26	0.90841
81	26	0.92225
85	26	0.86694
88	26	0.95419
93	26	0.70306
94	26	0.82228
95	26	0.79125
96	26	0.76589
98	26	0.86219
101	26	0.95531
103	26	0.90358
105	26	0.38877
107	26	0.85118
111	26	0.97098
113	26	0.90545
114	26	0.75765
116	26	0.9629
117	26	0.83647
120	26	0.79108
130	26	0.77723
132	26	0.9063
138	26	0.77216
140	26	0.82572
143	26	0.68758
144	26	0.9338
147	26	0.95474
148	26	0.90684
2	27	0.9419
6	27	0.93964
7	27	0.85194
10	27	0.56784
11	27	0.8286
12	27	0.71819
18	27	0.69759
19	27	0.88697
21	27	0.23453
23	27	0.96404
25	27	0.94179
31	27	0.93674
33	27	0.8877
36	27	0.68446
37	27	0.90018
38	27	0.49399
39	27	0.96239
42	27	0.86227
43	27	0.6809
44	27	0.96249
46	27	0.83591
51	27	0.7567
53	27	0.90925
54	27	0.63019
55	27	0.8271
58	27	0.60076
59	27	0.92899
60	27	0.23322
61	27	0.91697
62	27	0.90756
63	27	0.93187
64	27	0.80643
65	27	0.90712
67	27	0.92599
68	27	0.92581
69	27	0.85093
70	27	0.94378
71	27	0.88414
74	27	0.59166
75	27	0.85261
76	27	0.86576
78	27	0.79893
79	27	0.96004
82	27	0.88139
83	27	0.95863
84	27	0.83295
86	27	0.88807
87	27	0.80234
89	27	0.89966
90	27	0.90623
91	27	0.81708
92	27	0.83838
95	27	0.9342
99	27	0.84959
100	27	0.62017
102	27	0.70832
104	27	0.81326
106	27	0.33189
107	27	0.87617
108	27	0.69711
109	27	0.93517
110	27	0.9421
112	27	0.80729
115	27	0.94295
118	27	0.78434
119	27	0.89045
120	27	0.94119
121	27	0.72279
122	27	0.41693
123	27	0.91775
124	27	0.89347
125	27	0.95388
127	27	0.79495
128	27	0.71851
129	27	0.58931
130	27	0.93704
131	27	0.96323
132	27	0.84188
133	27	0.84565
134	27	0.3606
135	27	0.76926
136	27	0.95962
137	27	0.8201
139	27	0.83741
142	27	0.88577
145	27	0.80655
149	27	0.67424
3	28	0.3987
4	28	0.80455
5	28	0.85765
7	28	0.8338
9	28	0.79322
12	28	0.82291
13	28	0.82325
14	28	0.84349
15	28	0.76785
16	28	0.81115
17	28	0.79146
18	28	0.70264
20	28	0.8573
22	28	0.71119
24	28	0.902
26	28	0.81455
29	28	0.62864
30	28	0.86644
33	28	0.80325
34	28	0.84735
35	28	0.78412
40	28	0.86674
41	28	0.87516
47	28	0.79977
49	28	0.70294
50	28	0.70132
52	28	0.78858
55	28	0.77644
56	28	0.86235
57	28	0.83843
66	28	0.77013
72	28	0.79828
73	28	0.54056
74	28	0.61721
80	28	0.81112
81	28	0.80784
84	28	0.86908
85	28	0.9258
93	28	0.80923
94	28	0.87564
95	28	0.78987
96	28	0.82496
97	28	0.85762
100	28	0.59912
101	28	0.82802
103	28	0.82302
111	28	0.85256
113	28	0.90165
114	28	0.85491
116	28	0.84408
117	28	0.84002
128	28	0.75928
132	28	0.79526
138	28	0.82483
140	28	0.81835
142	28	0.76426
143	28	0.61948
144	28	0.79376
146	28	0.84175
147	28	0.87146
148	28	0.83137
3	29	0.5215
5	29	0.69349
7	29	0.528
8	29	0.23166
9	29	0.56602
12	29	0.54128
13	29	0.49997
15	29	0.49919
16	29	0.68029
17	29	0.57032
18	29	0.50382
20	29	0.56458
22	29	0.63937
24	29	0.56216
26	29	0.54142
28	29	0.62864
30	29	0.44522
32	29	0.44552
33	29	0.5126
34	29	0.61255
35	29	0.60564
37	29	0.47154
40	29	0.68475
41	29	0.517
47	29	0.5454
50	29	0.4767
52	29	0.56306
56	29	0.69663
57	29	0.51003
74	29	0.52184
80	29	0.62655
81	29	0.58511
84	29	0.50566
85	29	0.54796
88	29	0.45905
93	29	0.62424
96	29	0.53042
100	29	0.44767
101	29	0.58176
103	29	0.59809
111	29	0.55631
113	29	0.46954
116	29	0.57664
132	29	0.45244
138	29	0.48054
140	29	0.49139
143	29	0.67861
144	29	0.71103
146	29	0.5005
147	29	0.52912
148	29	0.54611
2	30	0.86907
3	30	0.4116
4	30	0.90521
5	30	0.83469
6	30	0.8867
7	30	0.92821
8	30	0.19674
9	30	0.75222
12	30	0.72603
13	30	0.91688
14	30	0.92238
15	30	0.82015
16	30	0.78981
17	30	0.84035
18	30	0.69928
20	30	0.91809
22	30	0.79551
24	30	0.93407
26	30	0.86364
28	30	0.86644
29	30	0.44522
32	30	0.83705
33	30	0.91692
34	30	0.85984
35	30	0.76662
37	30	0.8116
40	30	0.84847
41	30	0.92861
45	30	0.75689
47	30	0.82818
48	30	0.67688
49	30	0.85367
50	30	0.76927
52	30	0.75738
55	30	0.85385
56	30	0.78902
57	30	0.88929
62	30	0.88089
63	30	0.85034
66	30	0.93177
72	30	0.95026
73	30	0.64726
74	30	0.59614
80	30	0.79763
81	30	0.90676
83	30	0.86885
84	30	0.84573
85	30	0.90259
88	30	0.87987
93	30	0.76487
94	30	0.93894
95	30	0.93481
96	30	0.8892
97	30	0.90346
98	30	0.83388
101	30	0.86247
103	30	0.86317
107	30	0.92702
110	30	0.92288
111	30	0.91072
112	30	0.84839
113	30	0.94215
114	30	0.93615
116	30	0.89981
117	30	0.93911
120	30	0.90636
124	30	0.85569
126	30	0.67608
127	30	0.86122
128	30	0.73539
130	30	0.855
132	30	0.91526
136	30	0.88481
138	30	0.88752
139	30	0.86884
140	30	0.91768
142	30	0.91676
143	30	0.68396
144	30	0.80357
146	30	0.90857
147	30	0.90978
148	30	0.89358
150	30	0.89341
2	31	0.92092
6	31	0.97661
7	31	0.89067
11	31	0.76863
13	31	0.87521
18	31	0.79909
21	31	0.40088
23	31	0.8965
25	31	0.82244
27	31	0.93674
32	31	0.81006
33	31	0.8864
37	31	0.90462
38	31	0.59988
39	31	0.90751
43	31	0.77366
44	31	0.89908
51	31	0.87064
53	31	0.90636
54	31	0.74104
58	31	0.61866
59	31	0.92907
60	31	0.42464
61	31	0.92541
62	31	0.84727
63	31	0.9046
64	31	0.78348
65	31	0.83552
69	31	0.7952
70	31	0.91277
77	31	0.66102
78	31	0.80369
79	31	0.9463
82	31	0.90432
83	31	0.91496
86	31	0.90092
88	31	0.84693
89	31	0.80074
91	31	0.80468
95	31	0.93419
98	31	0.90047
99	31	0.80145
104	31	0.80728
105	31	0.41595
106	31	0.53398
107	31	0.93223
108	31	0.65651
109	31	0.91445
110	31	0.94462
112	31	0.80272
113	31	0.84361
115	31	0.94871
117	31	0.80553
118	31	0.76197
119	31	0.88661
120	31	0.93639
121	31	0.78054
122	31	0.53011
123	31	0.92327
124	31	0.85476
125	31	0.92131
129	31	0.7313
130	31	0.97419
131	31	0.887
132	31	0.9119
133	31	0.80109
134	31	0.4802
136	31	0.92251
137	31	0.88172
139	31	0.89807
140	31	0.84773
141	31	0.778
142	31	0.8533
145	31	0.71795
148	31	0.85473
150	31	0.81601
2	32	0.74378
3	32	0.39668
4	32	0.87077
5	32	0.84496
6	32	0.81586
7	32	0.8972
13	32	0.93345
14	32	0.80189
16	32	0.87494
17	32	0.94741
18	32	0.76377
20	32	0.92986
22	32	0.77839
24	32	0.80126
26	32	0.96791
29	32	0.44552
30	32	0.83705
31	32	0.81006
33	32	0.84569
34	32	0.84753
35	32	0.8953
37	32	0.82793
40	32	0.75925
41	32	0.93167
47	32	0.9405
50	32	0.85157
56	32	0.74282
57	32	0.88776
72	32	0.84092
80	32	0.87253
81	32	0.9075
85	32	0.79224
88	32	0.98599
93	32	0.67126
94	32	0.77296
95	32	0.81408
98	32	0.90921
101	32	0.94028
103	32	0.90212
105	32	0.47829
106	32	0.39741
107	32	0.88897
110	32	0.78788
111	32	0.95902
113	32	0.88407
116	32	0.93488
117	32	0.81058
120	32	0.82125
130	32	0.85182
132	32	0.93241
139	32	0.74108
140	32	0.80711
143	32	0.65813
144	32	0.8665
147	32	0.91417
148	32	0.90708
2	33	0.92592
3	33	0.38518
4	33	0.8021
5	33	0.80738
6	33	0.91265
7	33	0.96357
9	33	0.7161
12	33	0.7031
13	33	0.94164
14	33	0.8159
15	33	0.87329
16	33	0.7409
17	33	0.81067
18	33	0.73149
19	33	0.78406
20	33	0.88489
22	33	0.7849
23	33	0.93183
24	33	0.89102
25	33	0.80436
26	33	0.85489
27	33	0.8877
28	33	0.80325
29	33	0.5126
30	33	0.91692
31	33	0.8864
32	33	0.84569
34	33	0.80345
35	33	0.77638
37	33	0.94521
39	33	0.84985
40	33	0.92466
41	33	0.90371
47	33	0.76247
50	33	0.73407
52	33	0.73572
53	33	0.78894
55	33	0.84602
56	33	0.76468
57	33	0.7979
59	33	0.84015
62	33	0.91557
63	33	0.87642
66	33	0.85857
70	33	0.78913
72	33	0.82715
73	33	0.56096
74	33	0.65128
76	33	0.8206
79	33	0.88429
80	33	0.77416
81	33	0.92017
83	33	0.92663
84	33	0.86677
85	33	0.82071
88	33	0.87618
93	33	0.68611
94	33	0.86286
95	33	0.95872
96	33	0.87762
97	33	0.80783
98	33	0.84655
99	33	0.82695
100	33	0.60275
101	33	0.84987
103	33	0.8276
107	33	0.95819
110	33	0.93863
111	33	0.8799
112	33	0.82364
113	33	0.92779
114	33	0.89744
115	33	0.82886
116	33	0.86736
117	33	0.90189
120	33	0.96983
123	33	0.82446
124	33	0.86904
125	33	0.83903
130	33	0.92179
131	33	0.88688
132	33	0.93701
136	33	0.92081
138	33	0.8429
139	33	0.84617
140	33	0.93707
141	33	0.71649
142	33	0.90871
143	33	0.65583
144	33	0.77413
146	33	0.85118
147	33	0.84805
148	33	0.93101
150	33	0.80943
3	34	0.51866
4	34	0.88431
5	34	0.94242
7	34	0.86566
9	34	0.85623
13	34	0.8688
14	34	0.88825
15	34	0.78468
16	34	0.93244
17	34	0.93026
18	34	0.7039
20	34	0.93842
22	34	0.86153
24	34	0.87264
26	34	0.92362
28	34	0.84735
29	34	0.61255
30	34	0.85984
32	34	0.84753
33	34	0.80345
35	34	0.92164
40	34	0.86338
41	34	0.91682
47	34	0.90432
49	34	0.79374
50	34	0.85921
52	34	0.77834
56	34	0.9129
57	34	0.93681
66	34	0.80222
72	34	0.88782
73	34	0.56389
80	34	0.91172
81	34	0.91611
84	34	0.78516
85	34	0.93453
88	34	0.85592
93	34	0.78544
94	34	0.79748
96	34	0.83114
97	34	0.82198
98	34	0.81423
101	34	0.92311
103	34	0.89764
107	34	0.79087
111	34	0.90876
113	34	0.85787
114	34	0.81108
116	34	0.94945
132	34	0.82553
138	34	0.81925
140	34	0.81955
143	34	0.73026
144	34	0.96041
146	34	0.7902
147	34	0.91421
148	34	0.85982
3	35	0.41654
4	35	0.7949
5	35	0.92974
7	35	0.8664
9	35	0.72135
13	35	0.85436
14	35	0.76399
16	35	0.95072
17	35	0.91175
18	35	0.81708
20	35	0.88865
22	35	0.77638
24	35	0.81292
26	35	0.92043
28	35	0.78412
29	35	0.60564
30	35	0.76662
32	35	0.8953
33	35	0.77638
34	35	0.92164
37	35	0.74208
40	35	0.8238
41	35	0.87373
47	35	0.9133
50	35	0.8186
56	35	0.89935
57	35	0.86087
72	35	0.77829
80	35	0.92312
81	35	0.90681
84	35	0.74818
85	35	0.8701
88	35	0.87569
93	35	0.80512
95	35	0.7045
96	35	0.7232
98	35	0.83978
101	35	0.95934
103	35	0.93031
105	35	0.37818
107	35	0.78156
111	35	0.9045
113	35	0.82299
114	35	0.69301
116	35	0.92345
120	35	0.70242
130	35	0.69172
132	35	0.80673
140	35	0.78428
143	35	0.67705
144	35	0.91923
146	35	0.7077
147	35	0.87324
148	35	0.88274
2	36	0.69008
8	36	0.40984
10	36	0.80524
12	36	0.72943
15	36	0.80479
19	36	0.8259
23	36	0.70705
25	36	0.7808
27	36	0.68446
45	36	0.87715
48	36	0.90331
52	36	0.8046
55	36	0.8586
58	36	0.6046
59	36	0.68557
61	36	0.74497
62	36	0.83488
66	36	0.76062
67	36	0.75434
68	36	0.78126
71	36	0.81358
73	36	0.66524
74	36	0.78704
75	36	0.7452
76	36	0.82173
77	36	0.70189
83	36	0.71919
84	36	0.68894
87	36	0.85886
89	36	0.69569
90	36	0.83455
92	36	0.87327
94	36	0.7036
95	36	0.70065
96	36	0.76624
97	36	0.78072
99	36	0.71467
100	36	0.76426
102	36	0.69739
108	36	0.69105
110	36	0.70805
114	36	0.81613
123	36	0.75638
126	36	0.83882
127	36	0.73546
128	36	0.73975
131	36	0.70413
135	36	0.72529
136	36	0.68207
138	36	0.7405
142	36	0.81638
146	36	0.67846
150	36	0.76422
2	37	0.91917
5	37	0.74238
6	37	0.88984
7	37	0.93456
11	37	0.71015
13	37	0.88792
17	37	0.72585
18	37	0.75736
20	37	0.79528
22	37	0.73479
23	37	0.89498
25	37	0.79228
26	37	0.78391
27	37	0.90018
29	37	0.47154
30	37	0.8116
31	37	0.90462
32	37	0.82793
33	37	0.94521
35	37	0.74208
39	37	0.82667
40	37	0.86131
41	37	0.80731
44	37	0.81786
50	37	0.6623
53	37	0.88435
59	37	0.80891
61	37	0.79717
62	37	0.86258
63	37	0.86832
65	37	0.77306
69	37	0.74321
70	37	0.8497
79	37	0.94952
81	37	0.8845
83	37	0.90755
84	37	0.80651
88	37	0.83554
95	37	0.91492
98	37	0.81159
99	37	0.81196
101	37	0.8096
103	37	0.78677
107	37	0.92956
110	37	0.90965
111	37	0.82715
113	37	0.83884
115	37	0.87446
116	37	0.80141
120	37	0.95258
123	37	0.80786
124	37	0.80404
125	37	0.86747
130	37	0.94192
131	37	0.85321
132	37	0.90787
136	37	0.88429
140	37	0.87551
142	37	0.82848
148	37	0.90429
6	38	0.5543
18	38	0.49434
21	38	0.92058
23	38	0.46719
27	38	0.49399
31	38	0.59988
39	38	0.49773
43	38	0.8917
44	38	0.5293
46	38	0.5426
51	38	0.83557
54	38	0.868
58	38	0.93475
59	38	0.64635
60	38	0.87853
61	38	0.66036
64	38	0.79117
65	38	0.48523
67	38	0.5221
68	38	0.45969
70	38	0.47188
71	38	0.51789
77	38	0.79153
78	38	0.72825
82	38	0.70538
86	38	0.75491
90	38	0.48038
91	38	0.83361
92	38	0.4665
98	38	0.59301
104	38	0.65098
105	38	0.7024
106	38	0.88336
108	38	0.81452
109	38	0.67816
110	38	0.46448
115	38	0.5151
118	38	0.65527
119	38	0.76987
121	38	0.85017
122	38	0.95757
123	38	0.70783
125	38	0.45327
129	38	0.90556
133	38	0.53316
134	38	0.94053
137	38	0.79042
139	38	0.66731
141	38	0.79969
150	38	0.62669
2	39	0.89056
6	39	0.9374
10	39	0.58274
11	39	0.86145
19	39	0.83435
23	39	0.9437
25	39	0.92545
27	39	0.96239
31	39	0.90751
33	39	0.84985
37	39	0.82667
38	39	0.49773
42	39	0.85062
43	39	0.71674
44	39	0.96717
46	39	0.74866
51	39	0.74647
53	39	0.89581
54	39	0.63868
58	39	0.58677
59	39	0.95714
60	39	0.20414
61	39	0.92091
62	39	0.87133
63	39	0.95417
64	39	0.81642
65	39	0.90175
67	39	0.94609
68	39	0.9391
69	39	0.83418
70	39	0.9475
71	39	0.91501
75	39	0.86582
76	39	0.81255
78	39	0.7459
79	39	0.91562
82	39	0.85937
83	39	0.94818
86	39	0.88955
87	39	0.7517
89	39	0.94564
90	39	0.89627
91	39	0.83305
92	39	0.83685
95	39	0.91667
102	39	0.6338
104	39	0.79639
107	39	0.85048
108	39	0.68131
109	39	0.93164
110	39	0.91724
112	39	0.86856
115	39	0.95164
117	39	0.82655
118	39	0.77137
119	39	0.90313
120	39	0.92194
121	39	0.70844
122	39	0.42583
123	39	0.88155
124	39	0.93787
125	39	0.9665
127	39	0.87467
128	39	0.74973
129	39	0.56726
130	39	0.91086
131	39	0.97333
133	39	0.84547
134	39	0.32329
135	39	0.74033
136	39	0.96725
137	39	0.85278
139	39	0.86985
142	39	0.8658
145	39	0.83901
149	39	0.8087
2	40	0.85438
3	40	0.40522
5	40	0.90405
7	40	0.92955
9	40	0.77315
12	40	0.8089
13	40	0.86372
14	40	0.7782
15	40	0.88135
16	40	0.8063
17	40	0.79367
18	40	0.7785
20	40	0.85748
22	40	0.82334
23	40	0.81864
24	40	0.89871
26	40	0.82125
28	40	0.86674
29	40	0.68475
30	40	0.84847
32	40	0.75925
33	40	0.92466
34	40	0.86338
35	40	0.8238
37	40	0.86131
41	40	0.85996
47	40	0.74274
50	40	0.67624
52	40	0.81545
55	40	0.81402
56	40	0.90545
57	40	0.77824
62	40	0.83825
74	40	0.73974
76	40	0.80002
80	40	0.81916
81	40	0.91601
83	40	0.80075
84	40	0.92167
85	40	0.85551
88	40	0.78458
93	40	0.77936
95	40	0.84889
96	40	0.87811
97	40	0.80298
98	40	0.78873
99	40	0.83136
100	40	0.70733
101	40	0.85591
103	40	0.85549
107	40	0.83634
110	40	0.83644
111	40	0.85339
113	40	0.88369
114	40	0.87185
116	40	0.86272
120	40	0.84898
132	40	0.85552
138	40	0.82161
140	40	0.90539
142	40	0.81266
143	40	0.68197
144	40	0.83311
146	40	0.83985
147	40	0.82339
148	40	0.91312
3	41	0.44632
4	41	0.93305
5	41	0.87471
7	41	0.92374
9	41	0.81321
13	41	0.9677
14	41	0.92949
15	41	0.78316
16	41	0.893
17	41	0.95277
18	41	0.70323
20	41	0.98507
22	41	0.85886
24	41	0.92422
26	41	0.9653
28	41	0.87516
29	41	0.517
30	41	0.92861
32	41	0.93167
33	41	0.90371
34	41	0.91682
35	41	0.87373
37	41	0.80731
40	41	0.85996
47	41	0.94142
49	41	0.79302
50	41	0.86045
52	41	0.69717
56	41	0.83159
57	41	0.95903
66	41	0.84771
72	41	0.9298
73	41	0.55138
80	41	0.87617
81	41	0.92502
84	41	0.79406
85	41	0.90362
88	41	0.94742
93	41	0.72632
94	41	0.91919
95	41	0.87689
96	41	0.86409
97	41	0.82257
98	41	0.87094
101	41	0.92318
103	41	0.88319
105	41	0.31782
107	41	0.89112
110	41	0.83831
111	41	0.9686
112	41	0.78554
113	41	0.9675
114	41	0.84048
116	41	0.9748
117	41	0.9105
120	41	0.84839
130	41	0.83343
132	41	0.93998
138	41	0.85704
140	41	0.88854
142	41	0.82922
143	41	0.68537
144	41	0.89496
146	41	0.79645
147	41	0.96206
148	41	0.92
150	41	0.8035
2	42	0.83267
8	42	0.26138
10	42	0.59173
11	42	0.82036
19	42	0.89814
23	42	0.78481
25	42	0.92504
27	42	0.86227
39	42	0.85062
44	42	0.92708
46	42	0.89564
53	42	0.82679
55	42	0.75517
59	42	0.77725
61	42	0.82928
62	42	0.78216
63	42	0.82877
64	42	0.74635
65	42	0.90755
67	42	0.91079
68	42	0.89744
69	42	0.83959
70	42	0.8868
71	42	0.84585
75	42	0.90635
76	42	0.82128
78	42	0.7418
79	42	0.81764
82	42	0.77801
83	42	0.85394
86	42	0.81718
87	42	0.81437
89	42	0.92965
90	42	0.90562
91	42	0.7656
92	42	0.88472
95	42	0.76567
99	42	0.80299
100	42	0.57064
102	42	0.76701
104	42	0.77494
108	42	0.66588
109	42	0.81587
110	42	0.77679
115	42	0.83985
118	42	0.77353
119	42	0.82096
123	42	0.81198
125	42	0.87754
126	42	0.65678
127	42	0.75306
131	42	0.88565
133	42	0.81707
135	42	0.82775
136	42	0.81866
142	42	0.76398
145	42	0.91247
149	42	0.6681
6	43	0.73142
11	43	0.67112
21	43	0.74454
27	43	0.6809
31	43	0.77366
38	43	0.8917
39	43	0.71674
44	43	0.72348
51	43	0.95639
53	43	0.66812
54	43	0.97199
58	43	0.84452
59	43	0.81042
60	43	0.79963
61	43	0.7829
64	43	0.9225
65	43	0.7218
67	43	0.66647
69	43	0.6805
70	43	0.70977
77	43	0.7479
78	43	0.86014
79	43	0.65181
82	43	0.89131
86	43	0.89777
89	43	0.64226
91	43	0.91533
98	43	0.66116
104	43	0.84001
105	43	0.63479
106	43	0.81315
108	43	0.83792
109	43	0.86058
115	43	0.76482
118	43	0.84176
119	43	0.88607
121	43	0.94364
122	43	0.90658
123	43	0.78528
124	43	0.63487
125	43	0.67467
129	43	0.94115
130	43	0.66579
133	43	0.77078
134	43	0.83754
137	43	0.95149
139	43	0.77438
141	43	0.76689
145	43	0.64082
150	43	0.65675
2	44	0.91255
6	44	0.91482
11	44	0.87982
19	44	0.88422
21	44	0.23613
23	44	0.90598
25	44	0.95609
27	44	0.96249
31	44	0.89908
37	44	0.81786
38	44	0.5293
39	44	0.96717
42	44	0.92708
43	44	0.72348
46	44	0.84122
51	44	0.76358
53	44	0.91972
54	44	0.65943
58	44	0.63295
59	44	0.93252
60	44	0.23838
61	44	0.93867
62	44	0.87877
63	44	0.94702
64	44	0.84114
65	44	0.94097
67	44	0.9549
68	44	0.94321
69	44	0.88215
70	44	0.96899
71	44	0.916
75	44	0.90471
76	44	0.85293
77	44	0.68914
78	44	0.81387
79	44	0.92824
82	44	0.89587
83	44	0.94679
86	44	0.92246
87	44	0.78228
89	44	0.95913
90	44	0.93357
91	44	0.86356
92	44	0.88137
95	44	0.89784
99	44	0.8367
102	44	0.71534
104	44	0.84907
108	44	0.7286
109	44	0.92958
110	44	0.91598
112	44	0.80544
115	44	0.95076
118	44	0.82791
119	44	0.92961
120	44	0.88556
121	44	0.7536
122	44	0.45828
123	44	0.91658
124	44	0.87937
125	44	0.97458
127	44	0.85735
128	44	0.71645
129	44	0.61319
130	44	0.89336
131	44	0.96517
133	44	0.88361
134	44	0.39213
135	44	0.8236
136	44	0.93809
137	44	0.85884
139	44	0.82349
142	44	0.86622
145	44	0.87109
149	44	0.76212
8	45	0.42755
9	45	0.72351
10	45	0.84867
12	45	0.75753
14	45	0.76115
15	45	0.79167
19	45	0.7917
24	45	0.76867
25	45	0.78352
30	45	0.75689
36	45	0.87715
48	45	0.91764
52	45	0.80037
55	45	0.91002
61	45	0.70713
62	45	0.78698
66	45	0.76621
67	45	0.73489
68	45	0.75836
71	45	0.84723
72	45	0.70147
73	45	0.73124
74	45	0.71664
76	45	0.78809
83	45	0.73899
84	45	0.74003
85	45	0.75033
87	45	0.84528
90	45	0.84372
92	45	0.8781
94	45	0.8478
95	45	0.75346
96	45	0.81436
97	45	0.88596
100	45	0.7563
110	45	0.71092
112	45	0.73108
114	45	0.86778
117	45	0.76688
123	45	0.70474
124	45	0.70146
126	45	0.85869
127	45	0.79574
128	45	0.86072
131	45	0.71881
136	45	0.73246
138	45	0.85725
139	45	0.69933
142	45	0.8675
146	45	0.72592
150	45	0.80441
2	46	0.78207
8	46	0.19832
12	46	0.76671
19	46	0.89035
21	46	0.32526
23	46	0.76455
25	46	0.85805
27	46	0.83591
38	46	0.5426
39	46	0.74866
42	46	0.89564
44	46	0.84122
48	46	0.66789
53	46	0.71853
54	46	0.57121
55	46	0.74391
58	46	0.68188
59	46	0.71567
60	46	0.28779
61	46	0.77589
62	46	0.74469
64	46	0.76297
65	46	0.83486
67	46	0.84638
68	46	0.81706
69	46	0.76325
70	46	0.78809
71	46	0.77525
75	46	0.80189
76	46	0.81878
77	46	0.69747
78	46	0.80389
79	46	0.75202
82	46	0.76882
83	46	0.77365
84	46	0.73441
86	46	0.78359
87	46	0.84436
89	46	0.78996
90	46	0.83146
91	46	0.77475
92	46	0.8259
99	46	0.83615
100	46	0.70278
102	46	0.84374
104	46	0.76745
108	46	0.74632
109	46	0.81243
110	46	0.7252
115	46	0.75437
118	46	0.76131
119	46	0.80019
121	46	0.68055
122	46	0.48803
123	46	0.81713
125	46	0.76889
129	46	0.57026
131	46	0.79679
133	46	0.7659
134	46	0.48528
135	46	0.7642
136	46	0.72588
