3	2	0.58926
5	2	0.89922
6	2	0.92167
7	2	0.95296
8	2	0.60076
13	2	0.91243
15	2	0.8926
16	2	0.83003
18	2	0.9211
19	2	0.93344
20	2	0.86368
21	2	0.92442
23	2	0.90807
25	2	0.91693
26	2	0.91083
27	2	0.91513
29	2	0.83758
30	2	0.90934
32	2	0.90345
33	2	0.93152
34	2	0.7781
35	2	0.82729
36	2	0.86014
38	2	0.96725
40	2	0.95259
41	2	0.93461
42	2	0.95662
44	2	0.87641
46	2	0.93115
48	2	0.89183
51	2	0.91431
53	2	0.78836
55	2	0.91093
56	2	0.89803
58	2	0.93364
60	2	0.85388
61	2	0.9056
62	2	0.89691
63	2	0.86453
69	2	0.86666
71	2	0.91069
74	2	0.84724
75	2	0.89201
76	2	0.85991
77	2	0.80643
79	2	0.9229
80	2	0.8411
81	2	0.91462
83	2	0.92171
84	2	0.92996
87	2	0.9134
90	2	0.93107
92	2	0.93134
93	2	0.88547
94	2	0.86474
95	2	0.87119
96	2	0.88986
98	2	0.90048
100	2	0.84085
101	2	0.84978
102	2	0.89767
103	2	0.82882
105	2	0.20931
106	2	0.89338
108	2	0.94365
113	2	0.90174
114	2	0.9334
117	2	0.90679
123	2	0.87334
124	2	0.70827
132	2	0.91441
138	2	0.88348
139	2	0.88081
140	2	0.74927
141	2	0.95746
142	2	0.82053
148	2	0.95041
2	3	0.58926
4	3	0.58249
8	3	0.82335
9	3	0.72032
10	3	0.63376
12	3	0.71358
13	3	0.61389
15	3	0.63985
19	3	0.60156
20	3	0.58948
26	3	0.61126
28	3	0.68464
29	3	0.67707
30	3	0.61591
33	3	0.65005
34	3	0.60547
35	3	0.61497
36	3	0.64852
37	3	0.68089
38	3	0.61851
40	3	0.59346
41	3	0.61285
42	3	0.60869
45	3	0.66574
49	3	0.61705
50	3	0.59851
51	3	0.58504
52	3	0.63379
55	3	0.63481
56	3	0.64261
57	3	0.58666
58	3	0.62361
62	3	0.63662
73	3	0.56225
74	3	0.65778
76	3	0.65834
80	3	0.70192
85	3	0.64876
87	3	0.61717
92	3	0.62889
93	3	0.58633
96	3	0.5991
97	3	0.6152
100	3	0.63693
101	3	0.67961
103	3	0.63585
106	3	0.63966
110	3	0.60789
132	3	0.62214
141	3	0.60496
143	3	0.60696
3	4	0.58249
5	4	0.67909
9	4	0.81355
10	4	0.55096
11	4	0.86447
12	4	0.78037
13	4	0.78014
14	4	0.83014
15	4	0.70222
16	4	0.63957
17	4	0.88529
20	4	0.79516
22	4	0.86109
24	4	0.81416
26	4	0.65028
28	4	0.7843
29	4	0.71634
30	4	0.76344
37	4	0.68377
41	4	0.65263
45	4	0.77445
47	4	0.70153
49	4	0.906
50	4	0.5655
52	4	0.69416
55	4	0.71353
57	4	0.83623
66	4	0.66024
72	4	0.80613
73	4	0.66872
76	4	0.76502
80	4	0.64284
85	4	0.73104
91	4	0.64166
92	4	0.6388
93	4	0.65892
95	4	0.75976
96	4	0.68718
97	4	0.70889
103	4	0.74931
110	4	0.8026
111	4	0.8347
113	4	0.73903
116	4	0.63883
117	4	0.63506
126	4	0.80596
128	4	0.69115
135	4	0.83633
139	4	0.64283
142	4	0.82931
143	4	0.91504
144	4	0.82134
150	4	0.84393
2	5	0.89922
4	5	0.67909
6	5	0.89589
7	5	0.92538
11	5	0.62611
12	5	0.84033
13	5	0.93007
14	5	0.743
15	5	0.9084
16	5	0.89392
17	5	0.88102
18	5	0.86655
19	5	0.85735
20	5	0.94731
22	5	0.70246
23	5	0.82835
24	5	0.80762
26	5	0.90138
29	5	0.83267
30	5	0.94096
32	5	0.86724
33	5	0.85301
35	5	0.85352
37	5	0.83278
38	5	0.84973
41	5	0.91041
42	5	0.88497
44	5	0.86845
45	5	0.84086
46	5	0.86314
47	5	0.88973
48	5	0.87443
49	5	0.69065
51	5	0.90167
52	5	0.80885
53	5	0.83968
55	5	0.93984
56	5	0.79683
57	5	0.6665
58	5	0.85544
60	5	0.82561
61	5	0.88897
62	5	0.87328
66	5	0.67041
71	5	0.91091
72	5	0.68051
75	5	0.87168
76	5	0.91482
77	5	0.84575
81	5	0.9245
83	5	0.8636
84	5	0.92515
87	5	0.89368
90	5	0.90637
91	5	0.91875
92	5	0.89706
93	5	0.90079
95	5	0.92268
96	5	0.90519
97	5	0.83876
101	5	0.82644
102	5	0.81312
103	5	0.83339
108	5	0.88707
110	5	0.92004
111	5	0.85454
113	5	0.89842
114	5	0.94421
116	5	0.8038
117	5	0.89781
126	5	0.90793
128	5	0.78733
132	5	0.8902
135	5	0.72936
139	5	0.87917
140	5	0.71229
141	5	0.89294
142	5	0.89147
143	5	0.7375
144	5	0.79336
148	5	0.90169
150	5	0.76449
2	6	0.92167
5	6	0.89589
7	6	0.89376
13	6	0.93559
18	6	0.90961
19	6	0.87403
20	6	0.87013
21	6	0.90984
23	6	0.91557
27	6	0.88938
30	6	0.95056
38	6	0.89776
39	6	0.90448
40	6	0.86281
41	6	0.8582
42	6	0.9094
43	6	0.89162
44	6	0.90558
46	6	0.89658
48	6	0.85575
50	6	0.44651
51	6	0.92286
53	6	0.83214
54	6	0.79764
55	6	0.9053
60	6	0.87365
61	6	0.9331
63	6	0.87752
66	6	0.73937
69	6	0.87479
70	6	0.87112
71	6	0.94017
75	6	0.91445
77	6	0.85996
81	6	0.85877
83	6	0.88944
84	6	0.91045
87	6	0.87326
90	6	0.92787
91	6	0.89439
92	6	0.9028
95	6	0.89175
102	6	0.81618
105	6	0.17837
107	6	0.86944
108	6	0.89094
112	6	0.85723
113	6	0.89666
114	6	0.91577
117	6	0.86942
123	6	0.90581
126	6	0.83348
127	6	0.88735
128	6	0.74685
130	6	0.84568
133	6	0.73523
135	6	0.6792
139	6	0.9196
140	6	0.74964
141	6	0.92286
142	6	0.87604
146	6	0.80094
148	6	0.89794
2	7	0.95296
5	7	0.92538
6	7	0.89376
8	7	0.5821
12	7	0.84101
13	7	0.89116
15	7	0.88045
16	7	0.89111
18	7	0.90604
19	7	0.89703
20	7	0.87703
21	7	0.85852
23	7	0.86946
25	7	0.91212
26	7	0.93015
27	7	0.89754
29	7	0.83032
30	7	0.91103
32	7	0.9076
33	7	0.8951
34	7	0.73647
35	7	0.83554
36	7	0.81858
37	7	0.85277
38	7	0.9053
40	7	0.91629
41	7	0.95109
42	7	0.93418
44	7	0.89066
46	7	0.89134
47	7	0.86656
48	7	0.89636
51	7	0.90799
53	7	0.79117
55	7	0.91537
56	7	0.88052
58	7	0.93289
60	7	0.87609
61	7	0.90165
62	7	0.90914
63	7	0.85848
69	7	0.86827
71	7	0.89022
74	7	0.83804
75	7	0.90594
76	7	0.87656
77	7	0.83933
79	7	0.92184
80	7	0.87564
81	7	0.95249
83	7	0.92503
84	7	0.92249
87	7	0.91668
90	7	0.91427
91	7	0.87856
92	7	0.92966
93	7	0.91281
94	7	0.8681
95	7	0.8726
96	7	0.87718
97	7	0.84792
98	7	0.93078
100	7	0.8805
101	7	0.87506
102	7	0.89709
103	7	0.8545
105	7	0.29487
106	7	0.90514
108	7	0.94953
110	7	0.87504
113	7	0.90363
114	7	0.95596
116	7	0.76595
117	7	0.91074
123	7	0.87406
124	7	0.71579
132	7	0.92177
135	7	0.68067
138	7	0.87723
140	7	0.74015
141	7	0.94693
148	7	0.95058
2	8	0.60076
3	8	0.82335
7	8	0.5821
9	8	0.71882
12	8	0.67476
13	8	0.57714
15	8	0.67079
16	8	0.61703
19	8	0.5883
20	8	0.57575
26	8	0.63208
28	8	0.60318
29	8	0.69088
32	8	0.57522
33	8	0.69326
34	8	0.62444
35	8	0.72478
36	8	0.67025
37	8	0.70032
38	8	0.65302
40	8	0.66282
41	8	0.62891
42	8	0.60713
45	8	0.65242
46	8	0.63299
50	8	0.57742
51	8	0.57521
52	8	0.68371
55	8	0.64987
56	8	0.71924
57	8	0.5781
58	8	0.61764
62	8	0.64435
74	8	0.67906
76	8	0.62957
80	8	0.6636
85	8	0.59592
87	8	0.62252
92	8	0.60516
93	8	0.57759
94	8	0.58396
96	8	0.64555
97	8	0.5813
100	8	0.63744
101	8	0.75635
103	8	0.62453
106	8	0.65916
114	8	0.57546
132	8	0.62552
141	8	0.58078
3	9	0.72032
4	9	0.81355
8	9	0.71882
10	9	0.6337
11	9	0.79094
12	9	0.92005
13	9	0.80383
14	9	0.75298
15	9	0.85181
16	9	0.78796
17	9	0.83927
19	9	0.79002
20	9	0.85008
22	9	0.768
24	9	0.81033
26	9	0.81281
28	9	0.86793
29	9	0.88226
30	9	0.79005
33	9	0.7814
34	9	0.84657
35	9	0.84765
36	9	0.76986
37	9	0.84081
41	9	0.79686
45	9	0.88489
47	9	0.76478
49	9	0.88599
50	9	0.548
52	9	0.87575
55	9	0.82877
56	9	0.76657
57	9	0.79344
62	9	0.79992
72	9	0.68439
73	9	0.66906
74	9	0.78987
76	9	0.84978
80	9	0.81778
85	9	0.80528
87	9	0.80333
92	9	0.77151
93	9	0.76219
95	9	0.78522
96	9	0.80234
97	9	0.82181
101	9	0.85184
103	9	0.83307
105	9	0.23329
106	9	0.75629
110	9	0.84546
111	9	0.77229
113	9	0.77104
126	9	0.76869
132	9	0.76318
135	9	0.73295
142	9	0.76702
143	9	0.85519
144	9	0.83035
150	9	0.74555
3	10	0.63376
4	10	0.55096
9	10	0.6337
11	10	0.62234
12	10	0.67069
13	10	0.51028
17	10	0.53137
20	10	0.52989
21	10	0.52758
24	10	0.54206
28	10	0.79194
29	10	0.66418
30	10	0.54383
34	10	0.58817
36	10	0.61154
45	10	0.66465
48	10	0.49332
49	10	0.60427
50	10	0.68602
51	10	0.50052
52	10	0.51822
55	10	0.53146
57	10	0.49523
58	10	0.52898
62	10	0.53276
63	10	0.48597
66	10	0.71111
73	10	0.84181
74	10	0.57963
76	10	0.59606
80	10	0.56774
85	10	0.7915
87	10	0.57342
92	10	0.5296
94	10	0.50334
95	10	0.52647
96	10	0.48665
97	10	0.69639
100	10	0.51321
101	10	0.49004
103	10	0.4847
106	10	0.49294
110	10	0.57784
112	10	0.49582
113	10	0.57188
114	10	0.48687
126	10	0.51636
139	10	0.48533
141	10	0.51509
143	10	0.51081
4	11	0.86447
5	11	0.62611
9	11	0.79094
10	11	0.62234
12	11	0.73611
13	11	0.70374
14	11	0.8662
15	11	0.6506
16	11	0.59238
17	11	0.85593
19	11	0.59342
20	11	0.77146
22	11	0.86969
24	11	0.84984
28	11	0.73285
29	11	0.68317
30	11	0.69162
37	11	0.60691
45	11	0.77974
47	11	0.65996
49	11	0.89253
50	11	0.63475
52	11	0.67972
55	11	0.68642
57	11	0.87889
66	11	0.66817
71	11	0.59243
72	11	0.8519
73	11	0.72153
76	11	0.73702
85	11	0.68147
87	11	0.61562
91	11	0.619
92	11	0.59942
93	11	0.60357
95	11	0.72103
96	11	0.66645
97	11	0.68196
103	11	0.65175
110	11	0.78151
111	11	0.83516
113	11	0.67035
116	11	0.59211
126	11	0.79884
128	11	0.68168
135	11	0.78123
142	11	0.75876
143	11	0.87171
144	11	0.83153
150	11	0.88448
3	12	0.71358
4	12	0.78037
5	12	0.84033
7	12	0.84101
8	12	0.67476
9	12	0.92005
10	12	0.67069
11	12	0.73611
13	12	0.85962
14	12	0.736
15	12	0.89082
16	12	0.90024
17	12	0.8584
20	12	0.89478
22	12	0.72214
24	12	0.80344
25	12	0.84833
26	12	0.92381
28	12	0.83838
29	12	0.92428
30	12	0.86933
32	12	0.86302
33	12	0.84804
34	12	0.8244
35	12	0.86231
36	12	0.85562
37	12	0.93432
41	12	0.92034
45	12	0.95482
47	12	0.88326
48	12	0.87422
49	12	0.82409
50	12	0.47406
51	12	0.84861
52	12	0.93246
55	12	0.90951
56	12	0.83361
57	12	0.70452
58	12	0.90128
62	12	0.92697
66	12	0.68085
72	12	0.66788
73	12	0.71065
74	12	0.9181
76	12	0.93909
79	12	0.84571
80	12	0.93626
81	12	0.84917
85	12	0.90221
87	12	0.92142
92	12	0.89427
93	12	0.86277
94	12	0.85554
95	12	0.88693
96	12	0.86269
97	12	0.94942
100	12	0.89922
101	12	0.93383
103	12	0.90225
105	12	0.19984
106	12	0.8972
110	12	0.92979
111	12	0.79146
113	12	0.89664
114	12	0.88703
116	12	0.8126
117	12	0.86776
126	12	0.83763
132	12	0.89315
135	12	0.72975
141	12	0.85306
143	12	0.83946
144	12	0.77778
148	12	0.87243
150	12	0.75726
2	13	0.91243
3	13	0.61389
4	13	0.78014
5	13	0.93007
6	13	0.93559
7	13	0.89116
8	13	0.57714
9	13	0.80383
10	13	0.51028
11	13	0.70374
12	13	0.85962
14	13	0.74748
15	13	0.89274
17	13	0.88727
19	13	0.88465
20	13	0.94193
21	13	0.91515
22	13	0.73964
23	13	0.85333
24	13	0.78595
25	13	0.87583
26	13	0.87666
28	13	0.74629
29	13	0.8727
30	13	0.96602
33	13	0.88157
34	13	0.72549
38	13	0.87798
39	13	0.8879
41	13	0.90193
42	13	0.90447
43	13	0.86054
44	13	0.87142
45	13	0.87166
46	13	0.87718
47	13	0.83618
48	13	0.89077
49	13	0.78531
50	13	0.4924
51	13	0.92015
53	13	0.80215
55	13	0.94417
56	13	0.80126
57	13	0.72962
58	13	0.8654
61	13	0.89014
63	13	0.86385
66	13	0.75282
71	13	0.94618
72	13	0.6806
73	13	0.59642
76	13	0.90622
81	13	0.88903
83	13	0.89192
84	13	0.88496
85	13	0.80415
87	13	0.89384
90	13	0.9334
91	13	0.90999
92	13	0.90733
93	13	0.86348
95	13	0.95964
96	13	0.897
97	13	0.86671
103	13	0.85399
108	13	0.88191
110	13	0.94037
111	13	0.86256
112	13	0.84604
113	13	0.94667
114	13	0.90256
116	13	0.76544
117	13	0.91194
126	13	0.9331
128	13	0.83315
135	13	0.79264
139	13	0.94688
141	13	0.8899
142	13	0.94203
143	13	0.77874
144	13	0.80195
148	13	0.90839
150	13	0.78787
4	14	0.83014
5	14	0.743
9	14	0.75298
11	14	0.8662
12	14	0.736
13	14	0.74748
15	14	0.74681
16	14	0.70354
17	14	0.90977
20	14	0.82905
22	14	0.88325
24	14	0.85756
29	14	0.71286
30	14	0.7332
35	14	0.65702
37	14	0.71787
41	14	0.64033
45	14	0.82037
47	14	0.72914
49	14	0.87826
50	14	0.46561
51	14	0.63321
52	14	0.77359
55	14	0.75711
57	14	0.89375
71	14	0.64484
72	14	0.97866
73	14	0.61527
76	14	0.78666
81	14	0.63292
87	14	0.64623
90	14	0.63686
91	14	0.7297
93	14	0.65466
95	14	0.78916
96	14	0.71001
97	14	0.7147
103	14	0.68101
110	14	0.82166
111	14	0.95662
113	14	0.67669
114	14	0.6349
116	14	0.66298
117	14	0.66141
126	14	0.88473
128	14	0.77442
135	14	0.76439
139	14	0.63982
142	14	0.79795
143	14	0.90538
144	14	0.92112
150	14	0.96139
2	15	0.8926
3	15	0.63985
4	15	0.70222
5	15	0.9084
7	15	0.88045
8	15	0.67079
9	15	0.85181
11	15	0.6506
12	15	0.89082
13	15	0.89274
14	15	0.74681
16	15	0.90797
17	15	0.86249
19	15	0.85907
20	15	0.94107
22	15	0.69428
24	15	0.79714
26	15	0.8913
28	15	0.69434
29	15	0.92139
30	15	0.90087
32	15	0.8679
33	15	0.94779
34	15	0.79592
35	15	0.9249
36	15	0.84269
37	15	0.90758
38	15	0.89934
41	15	0.93204
42	15	0.86858
45	15	0.89741
47	15	0.84047
49	15	0.7742
51	15	0.85344
52	15	0.90437
55	15	0.94316
56	15	0.89307
57	15	0.7142
58	15	0.88359
62	15	0.92635
72	15	0.67549
74	15	0.86417
76	15	0.95147
80	15	0.86074
81	15	0.87482
85	15	0.78832
87	15	0.87093
92	15	0.88594
93	15	0.90219
95	15	0.87321
96	15	0.92477
97	15	0.85918
100	15	0.85058
101	15	0.89502
103	15	0.8785
106	15	0.88662
110	15	0.90254
111	15	0.80528
113	15	0.84563
114	15	0.87432
116	15	0.80079
117	15	0.85538
126	15	0.84732
132	15	0.8961
135	15	0.70266
141	15	0.86176
142	15	0.87497
143	15	0.78014
144	15	0.84158
148	15	0.85968
150	15	0.76062
2	16	0.83003
4	16	0.63957
5	16	0.89392
7	16	0.89111
8	16	0.61703
9	16	0.78796
11	16	0.59238
12	16	0.90024
14	16	0.70354
15	16	0.90797
17	16	0.80185
20	16	0.8792
22	16	0.6732
24	16	0.76618
25	16	0.84341
26	16	0.93261
29	16	0.84304
30	16	0.83822
32	16	0.90073
33	16	0.86909
34	16	0.7882
35	16	0.87789
36	16	0.82304
37	16	0.93355
41	16	0.9415
42	16	0.83141
45	16	0.87911
47	16	0.92569
48	16	0.86771
49	16	0.70197
51	16	0.85965
52	16	0.89396
55	16	0.91018
56	16	0.83091
57	16	0.63404
58	16	0.90325
62	16	0.94262
72	16	0.64381
74	16	0.89338
76	16	0.91226
79	16	0.87516
80	16	0.89734
81	16	0.9247
83	16	0.8367
85	16	0.79071
87	16	0.90225
91	16	0.84427
92	16	0.89974
93	16	0.93512
94	16	0.83061
95	16	0.87136
96	16	0.89728
97	16	0.87767
100	16	0.91509
101	16	0.92664
103	16	0.88165
106	16	0.89402
110	16	0.88898
111	16	0.772
113	16	0.84961
114	16	0.90438
116	16	0.82375
117	16	0.88711
132	16	0.91673
141	16	0.85236
143	16	0.78327
144	16	0.72282
148	16	0.88459
150	16	0.73199
4	17	0.88529
5	17	0.88102
9	17	0.83927
10	17	0.53137
11	17	0.85593
12	17	0.8584
13	17	0.88727
14	17	0.90977
15	17	0.86249
16	17	0.80185
20	17	0.94121
22	17	0.8947
24	17	0.89289
26	17	0.77662
28	17	0.71658
29	17	0.83772
30	17	0.88501
35	17	0.78492
37	17	0.79804
41	17	0.78349
45	17	0.87564
47	17	0.8084
49	17	0.87231
50	17	0.51262
52	17	0.8222
55	17	0.86641
57	17	0.85616
62	17	0.77602
66	17	0.70486
71	17	0.78417
72	17	0.8739
73	17	0.66393
76	17	0.9094
81	17	0.79149
87	17	0.77561
91	17	0.79601
92	17	0.76898
93	17	0.81517
95	17	0.87503
96	17	0.84144
97	17	0.81531
103	17	0.84687
110	17	0.93305
111	17	0.94793
113	17	0.83459
114	17	0.78407
116	17	0.76294
126	17	0.94293
128	17	0.77353
132	17	0.77171
135	17	0.86532
139	17	0.77264
142	17	0.91845
143	17	0.9183
144	17	0.91771
150	17	0.91744
2	18	0.9211
5	18	0.86655
6	18	0.90961
7	18	0.90604
23	18	0.84348
25	18	0.87097
27	18	0.93502
31	18	0.90858
38	18	0.87293
39	18	0.88474
40	18	0.91802
42	18	0.86183
44	18	0.86655
46	18	0.92039
48	18	0.86085
51	18	0.87956
53	18	0.77131
54	18	0.7985
56	18	0.80293
59	18	0.83815
60	18	0.86755
61	18	0.91459
64	18	0.87438
65	18	0.82619
67	18	0.80184
68	18	0.90074
69	18	0.928
70	18	0.90209
71	18	0.8841
75	18	0.92305
77	18	0.84281
78	18	0.93043
79	18	0.87709
81	18	0.86717
82	18	0.89661
83	18	0.9105
84	18	0.93405
86	18	0.89398
88	18	0.83294
89	18	0.86362
90	18	0.90105
91	18	0.86045
98	18	0.90258
99	18	0.80843
102	18	0.87926
104	18	0.91697
107	18	0.91464
108	18	0.91076
109	18	0.77048
114	18	0.89579
115	18	0.76376
117	18	0.87327
118	18	0.73546
119	18	0.85694
120	18	0.92026
121	18	0.89138
122	18	0.75433
123	18	0.94044
124	18	0.72849
125	18	0.87173
129	18	0.76794
130	18	0.91029
131	18	0.86435
133	18	0.77228
134	18	0.84662
136	18	0.86504
138	18	0.91902
140	18	0.80914
141	18	0.89852
145	18	0.79855
146	18	0.8442
147	18	0.85821
148	18	0.91011
2	19	0.93344
3	19	0.60156
5	19	0.85735
6	19	0.87403
7	19	0.89703
8	19	0.5883
9	19	0.79002
11	19	0.59342
13	19	0.88465
15	19	0.85907
20	19	0.87742
21	19	0.91666
23	19	0.88307
24	19	0.75127
25	19	0.85544
26	19	0.86722
27	19	0.85456
28	19	0.74687
29	19	0.82634
30	19	0.87722
32	19	0.86095
33	19	0.88292
34	19	0.76364
35	19	0.82108
36	19	0.84165
38	19	0.89726
40	19	0.90041
41	19	0.87253
42	19	0.93867
44	19	0.87058
46	19	0.92144
51	19	0.87714
53	19	0.7893
55	19	0.89328
56	19	0.81305
58	19	0.89011
60	19	0.83881
61	19	0.86123
62	19	0.87335
71	19	0.8806
76	19	0.85003
77	19	0.76201
79	19	0.87464
81	19	0.87819
83	19	0.85144
84	19	0.89539
87	19	0.91843
90	19	0.88289
91	19	0.85051
92	19	0.91342
93	19	0.88793
95	19	0.85935
96	19	0.89967
98	19	0.87173
102	19	0.84018
103	19	0.82544
105	19	0.3589
108	19	0.88684
110	19	0.87775
113	19	0.88715
114	19	0.89681
117	19	0.87552
132	19	0.90122
135	19	0.72972
141	19	0.91181
142	19	0.8206
144	19	0.7018
148	19	0.87969
2	20	0.86368
3	20	0.58948
4	20	0.79516
5	20	0.94731
6	20	0.87013
7	20	0.87703
8	20	0.57575
9	20	0.85008
10	20	0.52989
11	20	0.77146
12	20	0.89478
13	20	0.94193
14	20	0.82905
15	20	0.94107
16	20	0.8792
17	20	0.94121
19	20	0.87742
22	20	0.80211
23	20	0.82784
24	20	0.90241
26	20	0.87028
28	20	0.76415
29	20	0.90904
30	20	0.95896
33	20	0.87149
34	20	0.75047
35	20	0.87374
37	20	0.85094
41	20	0.9004
42	20	0.88819
45	20	0.9129
47	20	0.87528
49	20	0.8239
50	20	0.48734
51	20	0.87924
52	20	0.85527
53	20	0.81311
55	20	0.95605
57	20	0.78476
62	20	0.8954
66	20	0.72743
71	20	0.87016
72	20	0.77432
73	20	0.63392
76	20	0.96781
77	20	0.76459
81	20	0.88624
85	20	0.82678
87	20	0.89362
90	20	0.85671
91	20	0.87019
92	20	0.89684
93	20	0.90941
95	20	0.92751
96	20	0.93798
97	20	0.88825
103	20	0.86167
105	20	0.22678
110	20	0.95928
111	20	0.89932
113	20	0.91168
114	20	0.90354
116	20	0.81633
117	20	0.85265
126	20	0.9444
128	20	0.75258
132	20	0.88592
135	20	0.83441
141	20	0.86636
142	20	0.94973
143	20	0.83705
144	20	0.87723
148	20	0.85375
150	20	0.85764
2	21	0.92442
6	21	0.90984
7	21	0.85852
10	21	0.52758
13	21	0.91515
19	21	0.91666
23	21	0.89521
25	21	0.87098
27	21	0.87511
28	21	0.7044
29	21	0.83868
30	21	0.88395
31	21	0.84477
33	21	0.85116
36	21	0.81376
38	21	0.89395
39	21	0.89949
40	21	0.88743
42	21	0.88599
43	21	0.85941
44	21	0.8609
46	21	0.89414
48	21	0.88008
50	21	0.43765
51	21	0.90513
54	21	0.81792
55	21	0.88202
58	21	0.88016
61	21	0.88058
63	21	0.87548
64	21	0.84752
66	21	0.74573
70	21	0.84455
71	21	0.9109
73	21	0.56005
75	21	0.85004
79	21	0.84569
81	21	0.8456
83	21	0.86951
84	21	0.86412
87	21	0.89002
90	21	0.9141
91	21	0.86455
92	21	0.88689
94	21	0.84556
95	21	0.89092
105	21	0.22827
107	21	0.86754
108	21	0.8896
110	21	0.85263
112	21	0.84556
113	21	0.89142
114	21	0.86845
117	21	0.86419
123	21	0.85078
126	21	0.82499
127	21	0.86603
128	21	0.74139
139	21	0.92371
141	21	0.89544
142	21	0.81473
148	21	0.88542
4	22	0.86109
5	22	0.70246
9	22	0.768
11	22	0.86969
12	22	0.72214
13	22	0.73964
14	22	0.88325
15	22	0.69428
16	22	0.6732
17	22	0.8947
20	22	0.80211
24	22	0.83214
28	22	0.66613
29	22	0.67698
30	22	0.71495
35	22	0.62706
37	22	0.65201
45	22	0.76076
47	22	0.6762
49	22	0.85643
50	22	0.55387
52	22	0.72493
53	22	0.63852
55	22	0.71689
57	22	0.86868
66	22	0.63175
71	22	0.63576
72	22	0.88009
73	22	0.65646
76	22	0.74776
81	22	0.63944
85	22	0.67443
87	22	0.63606
91	22	0.65414
93	22	0.70196
95	22	0.75232
96	22	0.74337
97	22	0.661
103	22	0.74263
110	22	0.82041
111	22	0.87908
113	22	0.69843
116	22	0.71045
126	22	0.8249
128	22	0.72718
135	22	0.80514
139	22	0.62626
142	22	0.80865
143	22	0.90618
144	22	0.8457
150	22	0.91275
2	23	0.90807
5	23	0.82835
6	23	0.91557
7	23	0.86946
13	23	0.85333
18	23	0.84348
19	23	0.88307
20	23	0.82784
21	23	0.89521
27	23	0.86432
28	23	0.6861
30	23	0.88506
33	23	0.83341
38	23	0.89193
39	23	0.84021
42	23	0.92888
43	23	0.87423
44	23	0.84955
46	23	0.83784
50	23	0.40202
51	23	0.87687
53	23	0.87628
55	23	0.83952
58	23	0.8448
60	23	0.8856
61	23	0.91989
62	23	0.83328
63	23	0.84307
66	23	0.72528
69	23	0.84094
70	23	0.85037
71	23	0.87742
75	23	0.90922
77	23	0.85014
79	23	0.83495
81	23	0.86466
84	23	0.87463
87	23	0.85206
90	23	0.84536
92	23	0.87398
93	23	0.84933
96	23	0.86399
98	23	0.84005
102	23	0.89427
105	23	0.29876
108	23	0.89822
113	23	0.88582
114	23	0.87441
123	23	0.84384
132	23	0.85264
135	23	0.67628
139	23	0.85096
140	23	0.80193
141	23	0.91883
142	23	0.837
148	23	0.8598
4	24	0.81416
5	24	0.80762
9	24	0.81033
10	24	0.54206
11	24	0.84984
12	24	0.80344
13	24	0.78595
14	24	0.85756
15	24	0.79714
16	24	0.76618
17	24	0.89289
19	24	0.75127
20	24	0.90241
22	24	0.83214
28	24	0.75403
29	24	0.76609
30	24	0.84287
35	24	0.79119
37	24	0.73705
41	24	0.73389
44	24	0.72882
45	24	0.81852
47	24	0.85297
49	24	0.84917
50	24	0.55285
51	24	0.73241
52	24	0.74887
55	24	0.82327
57	24	0.82508
62	24	0.75227
66	24	0.69849
72	24	0.81969
73	24	0.65631
76	24	0.87024
85	24	0.73616
87	24	0.76641
91	24	0.75633
92	24	0.76733
93	24	0.8013
95	24	0.8097
96	24	0.83504
97	24	0.77279
103	24	0.76685
105	24	0.23756
110	24	0.87495
111	24	0.86031
113	24	0.77979
114	24	0.77192
126	24	0.84746
132	24	0.78011
135	24	0.8143
142	24	0.8593
143	24	0.83857
144	24	0.85547
150	24	0.87004
2	25	0.91693
7	25	0.91212
12	25	0.84833
13	25	0.87583
16	25	0.84341
18	25	0.87097
19	25	0.85544
21	25	0.87098
26	25	0.94012
27	25	0.93486
32	25	0.91359
33	25	0.86633
36	25	0.84607
37	25	0.84422
38	25	0.87941
39	25	0.90302
40	25	0.92887
41	25	0.93164
42	25	0.88439
44	25	0.89622
46	25	0.88882
47	25	0.84167
48	25	0.95735
51	25	0.92062
54	25	0.81968
55	25	0.88654
56	25	0.85096
58	25	0.95372
62	25	0.88612
63	25	0.91064
64	25	0.90413
67	25	0.78609
69	25	0.86424
71	25	0.90787
74	25	0.86902
78	25	0.9119
79	25	0.94713
80	25	0.88639
81	25	0.9235
83	25	0.9841
84	25	0.89708
85	25	0.78422
87	25	0.93161
90	25	0.94208
91	25	0.89608
92	25	0.93133
93	25	0.85641
94	25	0.95427
95	25	0.89941
97	25	0.85405
98	25	0.90313
100	25	0.88789
101	25	0.88625
102	25	0.81379
103	25	0.83327
104	25	0.8827
106	25	0.92787
107	25	0.89323
108	25	0.91483
112	25	0.83285
113	25	0.92394
114	25	0.915
117	25	0.96261
120	25	0.90442
124	25	0.76419
132	25	0.88876
134	25	0.80335
138	25	0.95149
139	25	0.911
141	25	0.90864
148	25	0.97318
2	26	0.91083
3	26	0.61126
4	26	0.65028
5	26	0.90138
7	26	0.93015
8	26	0.63208
9	26	0.81281
12	26	0.92381
13	26	0.87666
15	26	0.8913
16	26	0.93261
17	26	0.77662
19	26	0.86722
20	26	0.87028
25	26	0.94012
28	26	0.7202
29	26	0.85958
30	26	0.87924
32	26	0.9375
33	26	0.90238
34	26	0.78334
35	26	0.86555
36	26	0.87568
37	26	0.92354
38	26	0.87712
40	26	0.9086
41	26	0.96647
42	26	0.89979
44	26	0.87626
45	26	0.87728
46	26	0.87359
47	26	0.90875
48	26	0.92968
49	26	0.68843
51	26	0.91232
52	26	0.86074
55	26	0.93396
56	26	0.87954
58	26	0.94332
62	26	0.94654
74	26	0.90958
76	26	0.89793
79	26	0.93174
80	26	0.93137
81	26	0.93619
83	26	0.93728
84	26	0.89735
85	26	0.82821
87	26	0.95245
90	26	0.89008
91	26	0.87697
92	26	0.93945
93	26	0.92326
94	26	0.90647
95	26	0.90105
96	26	0.89878
97	26	0.89083
98	26	0.88231
100	26	0.92222
101	26	0.95458
102	26	0.8133
103	26	0.90634
106	26	0.93665
108	26	0.88096
110	26	0.90283
111	26	0.72637
113	26	0.92007
114	26	0.94106
116	26	0.80673
117	26	0.94466
132	26	0.93667
140	26	0.71013
141	26	0.91811
143	26	0.72941
148	26	0.96191
2	27	0.91513
6	27	0.88938
7	27	0.89754
18	27	0.93502
19	27	0.85456
21	27	0.87511
23	27	0.86432
25	27	0.93486
31	27	0.96086
32	27	0.86961
38	27	0.86086
39	27	0.95668
40	27	0.90797
42	27	0.88003
43	27	0.86773
44	27	0.91894
46	27	0.90871
48	27	0.88967
51	27	0.89674
53	27	0.78436
54	27	0.87102
58	27	0.88271
59	27	0.88249
60	27	0.82708
61	27	0.95237
63	27	0.92149
64	27	0.94471
65	27	0.85705
67	27	0.84607
68	27	0.93847
69	27	0.96007
70	27	0.96036
71	27	0.93554
75	27	0.94956
77	27	0.80804
78	27	0.95522
79	27	0.91363
81	27	0.90692
82	27	0.92206
83	27	0.94246
84	27	0.94742
86	27	0.94436
88	27	0.90126
89	27	0.92593
90	27	0.94025
91	27	0.90211
94	27	0.86379
98	27	0.94086
99	27	0.84399
102	27	0.88759
104	27	0.93554
107	27	0.96652
108	27	0.94823
109	27	0.82451
112	27	0.84834
114	27	0.89783
115	27	0.79923
117	27	0.9119
118	27	0.78121
119	27	0.8933
120	27	0.93741
121	27	0.92453
122	27	0.79144
123	27	0.95871
124	27	0.80105
125	27	0.93469
127	27	0.90224
129	27	0.8156
130	27	0.91456
131	27	0.9213
133	27	0.78932
134	27	0.8906
136	27	0.92594
137	27	0.73565
138	27	0.97678
139	27	0.90625
140	27	0.76528
141	27	0.90023
145	27	0.84889
146	27	0.82049
147	27	0.87324
148	27	0.92717
149	27	0.68337
3	28	0.68464
4	28	0.7843
8	28	0.60318
9	28	0.86793
10	28	0.79194
11	28	0.73285
12	28	0.83838
13	28	0.74629
15	28	0.69434
17	28	0.71658
19	28	0.74687
20	28	0.76415
21	28	0.7044
22	28	0.66613
23	28	0.6861
24	28	0.75403
26	28	0.7202
29	28	0.81688
30	28	0.77039
34	28	0.71801
36	28	0.77492
41	28	0.70487
42	28	0.7649
45	28	0.79275
49	28	0.79249
50	28	0.67078
51	28	0.70095
52	28	0.6897
55	28	0.74335
57	28	0.64679
58	28	0.70095
62	28	0.73542
66	28	0.71094
73	28	0.7731
74	28	0.74045
76	28	0.77064
80	28	0.74179
85	28	0.88935
87	28	0.77218
92	28	0.74882
93	28	0.70618
95	28	0.72022
96	28	0.74245
97	28	0.80146
101	28	0.7058
103	28	0.72682
105	28	0.31958
110	28	0.77288
113	28	0.77905
114	28	0.69789
132	28	0.69448
135	28	0.73484
141	28	0.71623
142	28	0.73356
143	28	0.70866
148	28	0.68564
2	29	0.83758
3	29	0.67707
4	29	0.71634
5	29	0.83267
7	29	0.83032
8	29	0.69088
9	29	0.88226
10	29	0.66418
11	29	0.68317
12	29	0.92428
13	29	0.8727
14	29	0.71286
15	29	0.92139
16	29	0.84304
17	29	0.83772
19	29	0.82634
20	29	0.90904
21	29	0.83868
22	29	0.67698
24	29	0.76609
26	29	0.85958
28	29	0.81688
30	29	0.87745
33	29	0.89008
34	29	0.81151
35	29	0.87012
36	29	0.86476
37	29	0.88657
38	29	0.83942
41	29	0.89158
42	29	0.82862
45	29	0.93722
48	29	0.83426
49	29	0.78828
50	29	0.56162
51	29	0.8437
52	29	0.8912
55	29	0.92281
56	29	0.87504
57	29	0.71264
58	29	0.87249
62	29	0.89608
66	29	0.70388
72	29	0.64462
73	29	0.72208
74	29	0.87508
76	29	0.93065
80	29	0.86538
85	29	0.89794
87	29	0.88294
92	29	0.85849
93	29	0.83383
95	29	0.85903
96	29	0.8697
97	29	0.93944
100	29	0.83807
101	29	0.88097
103	29	0.83823
105	29	0.23768
106	29	0.86785
110	29	0.88224
111	29	0.7736
113	29	0.84715
114	29	0.84125
116	29	0.7681
126	29	0.84166
135	29	0.68508
141	29	0.83561
142	29	0.82549
143	29	0.76748
144	29	0.807
148	29	0.83569
150	29	0.73796
2	30	0.90934
3	30	0.61591
4	30	0.76344
5	30	0.94096
6	30	0.95056
7	30	0.91103
9	30	0.79005
10	30	0.54383
11	30	0.69162
12	30	0.86933
13	30	0.96602
14	30	0.7332
15	30	0.90087
16	30	0.83822
17	30	0.88501
19	30	0.87722
20	30	0.95896
21	30	0.88395
22	30	0.71495
23	30	0.88506
24	30	0.84287
26	30	0.87924
28	30	0.77039
29	30	0.87745
33	30	0.86518
35	30	0.81569
37	30	0.82012
38	30	0.87908
41	30	0.91428
42	30	0.91242
43	30	0.85351
44	30	0.90067
45	30	0.87764
47	30	0.88384
48	30	0.87336
49	30	0.77507
50	30	0.48876
51	30	0.92393
52	30	0.79047
53	30	0.82733
55	30	0.95817
57	30	0.70002
58	30	0.87115
60	30	0.82829
61	30	0.8915
62	30	0.8791
66	30	0.78106
71	30	0.92449
72	30	0.66502
73	30	0.6329
76	30	0.94318
77	30	0.82931
81	30	0.90155
83	30	0.87642
84	30	0.88953
85	30	0.8305
87	30	0.90738
90	30	0.91184
91	30	0.90524
92	30	0.93114
93	30	0.89369
95	30	0.94171
96	30	0.89988
97	30	0.88998
103	30	0.83914
105	30	0.18949
108	30	0.87706
110	30	0.94438
111	30	0.83023
112	30	0.82409
113	30	0.94188
114	30	0.94065
116	30	0.78458
117	30	0.88667
126	30	0.92142
128	30	0.77051
132	30	0.8914
135	30	0.80491
139	30	0.91187
140	30	0.70606
141	30	0.92738
142	30	0.94143
143	30	0.75144
144	30	0.78613
148	30	0.90687
150	30	0.77272
18	31	0.90858
21	31	0.84477
27	31	0.96086
39	31	0.94039
43	31	0.85622
44	31	0.88282
46	31	0.88445
54	31	0.89238
59	31	0.93831
60	31	0.82369
61	31	0.92653
63	31	0.90823
64	31	0.93884
65	31	0.92821
67	31	0.88987
68	31	0.95917
69	31	0.96341
70	31	0.9692
71	31	0.88957
75	31	0.9204
77	31	0.78722
78	31	0.94715
82	31	0.95724
83	31	0.88265
84	31	0.91364
86	31	0.95492
88	31	0.93777
89	31	0.94758
90	31	0.89058
91	31	0.87451
98	31	0.90965
99	31	0.91469
102	31	0.82608
104	31	0.9351
105	31	0.22987
107	31	0.97769
108	31	0.88976
109	31	0.88328
112	31	0.87135
115	31	0.88053
118	31	0.8613
119	31	0.94474
120	31	0.92856
121	31	0.95469
122	31	0.87741
123	31	0.97774
124	31	0.81021
125	31	0.96772
127	31	0.93329
128	31	0.76243
129	31	0.8938
130	31	0.95433
131	31	0.94003
133	31	0.86654
134	31	0.92326
136	31	0.95943
137	31	0.79487
138	31	0.94002
140	31	0.72385
145	31	0.9063
146	31	0.85989
147	31	0.91905
149	31	0.72875
2	32	0.90345
5	32	0.86724
7	32	0.9076
8	32	0.57522
12	32	0.86302
15	32	0.8679
16	32	0.90073
19	32	0.86095
25	32	0.91359
26	32	0.9375
27	32	0.86961
33	32	0.88192
34	32	0.74516
35	32	0.8505
36	32	0.8174
37	32	0.89408
38	32	0.87413
40	32	0.89018
41	32	0.95025
42	32	0.86492
44	32	0.86914
45	32	0.83455
46	32	0.86456
47	32	0.91923
48	32	0.91166
51	32	0.90277
52	32	0.81138
55	32	0.9047
56	32	0.85869
58	32	0.92941
62	32	0.91301
74	32	0.88013
76	32	0.86365
79	32	0.95689
80	32	0.87192
81	32	0.92826
83	32	0.9208
84	32	0.89941
87	32	0.93155
90	32	0.90155
91	32	0.9087
92	32	0.92347
93	32	0.8887
94	32	0.89564
95	32	0.88233
96	32	0.8794
97	32	0.86325
98	32	0.87868
100	32	0.88933
101	32	0.89492
103	32	0.86348
105	32	0.19105
106	32	0.89168
110	32	0.87496
113	32	0.89149
114	32	0.93288
116	32	0.75739
117	32	0.93481
124	32	0.71676
132	32	0.92994
138	32	0.89003
140	32	0.72301
141	32	0.91366
148	32	0.94359
2	33	0.93152
3	33	0.65005
5	33	0.85301
7	33	0.8951
8	33	0.69326
9	33	0.7814
12	33	0.84804
13	33	0.88157
15	33	0.94779
16	33	0.86909
19	33	0.88292
20	33	0.87149
21	33	0.85116
23	33	0.83341
25	33	0.86633
26	33	0.90238
29	33	0.89008
30	33	0.86518
32	33	0.88192
34	33	0.77957
35	33	0.87277
36	33	0.90165
37	33	0.88233
38	33	0.95569
40	33	0.89101
41	33	0.93629
42	33	0.91341
45	33	0.83241
51	33	0.87031
52	33	0.8383
55	33	0.91295
56	33	0.92383
57	33	0.60143
58	33	0.91404
62	33	0.93649
74	33	0.87591
76	33	0.8976
79	33	0.88485
80	33	0.87339
81	33	0.89284
83	33	0.84636
85	33	0.79346
87	33	0.87483
90	33	0.85516
92	33	0.89096
93	33	0.90682
96	33	0.92453
100	33	0.86408
101	33	0.89366
103	33	0.88009
106	33	0.91533
108	33	0.87112
110	33	0.85615
113	33	0.86274
114	33	0.85925
116	33	0.76428
117	33	0.86535
132	33	0.90432
141	33	0.90336
142	33	0.84087
144	33	0.72001
148	33	0.89956
2	34	0.7781
3	34	0.60547
7	34	0.73647
8	34	0.62444
9	34	0.84657
10	34	0.58817
12	34	0.8244
13	34	0.72549
15	34	0.79592
16	34	0.7882
19	34	0.76364
20	34	0.75047
26	34	0.78334
28	34	0.71801
29	34	0.81151
32	34	0.74516
33	34	0.77957
35	34	0.78822
36	34	0.78177
37	34	0.77545
38	34	0.7654
40	34	0.76086
41	34	0.79631
42	34	0.73924
45	34	0.78111
48	34	0.72017
52	34	0.7906
55	34	0.75641
56	34	0.81142
57	34	0.62394
58	34	0.7935
62	34	0.78795
73	34	0.55518
74	34	0.81042
76	34	0.77147
79	34	0.73918
80	34	0.79502
85	34	0.73715
87	34	0.77163
92	34	0.73742
93	34	0.72503
94	34	0.72475
96	34	0.74337
97	34	0.78067
100	34	0.77293
101	34	0.82443
103	34	0.75025
105	34	0.2514
106	34	0.78232
110	34	0.75312
113	34	0.71579
114	34	0.75174
117	34	0.71562
132	34	0.75008
141	34	0.74948
148	34	0.72346
2	35	0.82729
3	35	0.61497
5	35	0.85352
7	35	0.83554
8	35	0.72478
9	35	0.84765
12	35	0.86231
14	35	0.65702
15	35	0.9249
16	35	0.87789
17	35	0.78492
19	35	0.82108
20	35	0.87374
22	35	0.62706
24	35	0.79119
26	35	0.86555
29	35	0.87012
30	35	0.81569
32	35	0.8505
33	35	0.87277
34	35	0.78822
36	35	0.78802
37	35	0.8823
38	35	0.8242
40	35	0.8119
41	35	0.87056
42	35	0.81513
45	35	0.82362
47	35	0.81837
49	35	0.6904
52	35	0.86408
55	35	0.87094
56	35	0.86054
57	35	0.66149
58	35	0.81178
62	35	0.88753
72	35	0.59681
74	35	0.82817
76	35	0.89142
79	35	0.79977
80	35	0.8321
81	35	0.80955
87	35	0.82955
92	35	0.81227
93	35	0.85423
96	35	0.87839
97	35	0.79175
100	35	0.8241
101	35	0.88715
103	35	0.84501
105	35	0.24791
106	35	0.8204
110	35	0.83373
114	35	0.84168
132	35	0.87401
141	35	0.8201
143	35	0.72791
144	35	0.7958
148	35	0.79717
2	36	0.86014
3	36	0.64852
7	36	0.81858
8	36	0.67025
9	36	0.76986
10	36	0.61154
12	36	0.85562
15	36	0.84269
16	36	0.82304
19	36	0.84165
21	36	0.81376
25	36	0.84607
26	36	0.87568
28	36	0.77492
29	36	0.86476
32	36	0.8174
33	36	0.90165
34	36	0.78177
35	36	0.78802
37	36	0.80469
38	36	0.88461
40	36	0.83625
41	36	0.87417
42	36	0.88746
45	36	0.84238
48	36	0.82401
50	36	0.44233
51	36	0.83552
52	36	0.83433
55	36	0.85926
56	36	0.83726
58	36	0.9059
62	36	0.91738
73	36	0.62939
74	36	0.91535
76	36	0.84159
79	36	0.84227
80	36	0.85679
81	36	0.83061
83	36	0.80236
85	36	0.89784
87	36	0.89844
92	36	0.88199
93	36	0.86894
94	36	0.8121
96	36	0.89129
97	36	0.85144
100	36	0.86282
101	36	0.86282
103	36	0.80462
106	36	0.90284
108	36	0.81591
110	36	0.80881
113	36	0.8381
114	36	0.82536
116	36	0.77384
117	36	0.80166
132	36	0.86161
141	36	0.84899
148	36	0.85525
3	37	0.68089
4	37	0.68377
5	37	0.83278
7	37	0.85277
8	37	0.70032
9	37	0.84081
11	37	0.60691
12	37	0.93432
14	37	0.71787
15	37	0.90758
16	37	0.93355
17	37	0.79804
20	37	0.85094
22	37	0.65201
24	37	0.73705
25	37	0.84422
26	37	0.92354
29	37	0.88657
30	37	0.82012
32	37	0.89408
33	37	0.88233
34	37	0.77545
35	37	0.8823
36	37	0.80469
40	37	0.82382
41	37	0.92564
45	37	0.90552
47	37	0.89345
48	37	0.859
49	37	0.73824
51	37	0.8345
52	37	0.92533
55	37	0.90421
56	37	0.87278
57	37	0.66792
58	37	0.89489
62	37	0.91887
72	37	0.65943
74	37	0.91176
76	37	0.90966
79	37	0.86634
80	37	0.938
81	37	0.87369
83	37	0.82772
85	37	0.79105
87	37	0.88614
92	37	0.86662
93	37	0.86864
94	37	0.85833
95	37	0.85084
96	37	0.84454
97	37	0.88912
100	37	0.93014
101	37	0.95906
103	37	0.90094
106	37	0.91001
110	37	0.87826
111	37	0.76745
113	37	0.82434
114	37	0.86694
116	37	0.77706
117	37	0.87446
132	37	0.89012
141	37	0.84254
143	37	0.81715
144	37	0.77727
148	37	0.86348
150	37	0.7254
2	38	0.96725
3	38	0.61851
5	38	0.84973
6	38	0.89776
7	38	0.9053
8	38	0.65302
13	38	0.87798
15	38	0.89934
18	38	0.87293
19	38	0.89726
21	38	0.89395
23	38	0.89193
25	38	0.87941
26	38	0.87712
27	38	0.86086
29	38	0.83942
30	38	0.87908
32	38	0.87413
33	38	0.95569
34	38	0.7654
35	38	0.8242
36	38	0.88461
40	38	0.92331
41	38	0.91912
42	38	0.93507
46	38	0.87724
48	38	0.84632
51	38	0.89239
53	38	0.76124
55	38	0.89684
56	38	0.90608
58	38	0.92368
60	38	0.79844
61	38	0.84257
62	38	0.90567
71	38	0.8586
74	38	0.86044
76	38	0.85848
79	38	0.89975
80	38	0.82639
81	38	0.87565
83	38	0.87184
84	38	0.86017
87	38	0.88314
90	38	0.88733
92	38	0.91337
93	38	0.87304
96	38	0.88501
100	38	0.83723
101	38	0.84356
102	38	0.84654
106	38	0.88719
108	38	0.89612
113	38	0.85856
114	38	0.89263
117	38	0.86078
132	38	0.90453
141	38	0.94365
142	38	0.80971
148	38	0.91362
6	39	0.90448
13	39	0.8879
18	39	0.88474
21	39	0.89949
23	39	0.84021
25	39	0.90302
27	39	0.95668
31	39	0.94039
43	39	0.93086
44	39	0.92408
46	39	0.87959
48	39	0.89979
51	39	0.9085
53	39	0.75871
54	39	0.89462
59	39	0.91158
61	39	0.94839
63	39	0.93029
64	39	0.92217
65	39	0.85486
66	39	0.74768
67	39	0.87721
68	39	0.94093
69	39	0.93312
70	39	0.94562
71	39	0.96284
75	39	0.91858
78	39	0.9272
82	39	0.9293
83	39	0.92578
84	39	0.91988
86	39	0.94292
88	39	0.9063
89	39	0.95938
90	39	0.95059
91	39	0.93735
94	39	0.85419
95	39	0.90467
98	39	0.8743
99	39	0.86153
104	39	0.93094
107	39	0.9708
108	39	0.90188
109	39	0.85991
112	39	0.92182
113	39	0.90041
115	39	0.86192
117	39	0.91183
118	39	0.82028
119	39	0.91636
120	39	0.91165
121	39	0.91231
122	39	0.81286
123	39	0.94162
124	39	0.746
125	39	0.96046
126	39	0.81506
127	39	0.96375
128	39	0.85683
129	39	0.84952
130	39	0.88825
131	39	0.90365
133	39	0.82917
134	39	0.89422
136	39	0.91294
137	39	0.76496
138	39	0.9376
139	39	0.96272
145	39	0.89796
146	39	0.80539
147	39	0.84838
148	39	0.89775
149	39	0.74153
2	40	0.95259
3	40	0.59346
6	40	0.86281
7	40	0.91629
8	40	0.66282
18	40	0.91802
19	40	0.90041
21	40	0.88743
25	40	0.92887
26	40	0.9086
27	40	0.90797
32	40	0.89018
33	40	0.89101
34	40	0.76086
35	40	0.8119
36	40	0.83625
37	40	0.82382
38	40	0.92331
41	40	0.89661
42	40	0.89288
44	40	0.86589
46	40	0.95369
48	40	0.89861
51	40	0.88739
55	40	0.87569
56	40	0.90922
58	40	0.92235
60	40	0.785
62	40	0.85654
64	40	0.88074
69	40	0.86385
71	40	0.86265
74	40	0.85114
78	40	0.90571
79	40	0.92752
80	40	0.84441
81	40	0.87521
83	40	0.92552
84	40	0.90892
87	40	0.90548
90	40	0.90056
92	40	0.89251
94	40	0.90259
98	40	0.90351
100	40	0.85894
101	40	0.88237
102	40	0.8545
104	40	0.88141
106	40	0.90095
107	40	0.86809
108	40	0.91018
114	40	0.90361
117	40	0.90452
120	40	0.88623
123	40	0.8613
124	40	0.75645
132	40	0.87565
138	40	0.9119
141	40	0.91712
148	40	0.93255
2	41	0.93461
3	41	0.61285
4	41	0.65263
5	41	0.91041
6	41	0.8582
7	41	0.95109
8	41	0.62891
9	41	0.79686
12	41	0.92034
13	41	0.90193
14	41	0.64033
15	41	0.93204
16	41	0.9415
17	41	0.78349
19	41	0.87253
20	41	0.9004
24	41	0.73389
25	41	0.93164
26	41	0.96647
28	41	0.70487
29	41	0.89158
30	41	0.91428
32	41	0.95025
33	41	0.93629
34	41	0.79631
35	41	0.87056
36	41	0.87417
37	41	0.92564
38	41	0.91912
40	41	0.89661
42	41	0.9036
45	41	0.89299
47	41	0.91226
48	41	0.93657
49	41	0.70572
51	41	0.92506
52	41	0.87596
55	41	0.9492
56	41	0.92149
57	41	0.59004
58	41	0.96572
62	41	0.96621
74	41	0.91572
76	41	0.93247
79	41	0.9464
80	41	0.92339
81	41	0.94306
83	41	0.93043
85	41	0.83675
87	41	0.94449
90	41	0.91864
91	41	0.88651
92	41	0.95587
93	41	0.92093
94	41	0.9202
95	41	0.91408
96	41	0.9058
97	41	0.92068
100	41	0.92903
101	41	0.94157
103	41	0.88952
105	41	0.18487
106	41	0.95399
108	41	0.88355
110	41	0.90819
111	41	0.74662
113	41	0.92812
114	41	0.95521
116	41	0.81316
117	41	0.9446
126	41	0.8226
132	41	0.94646
139	41	0.86503
141	41	0.94046
142	41	0.82227
143	41	0.71553
144	41	0.70287
148	41	0.96795
2	42	0.95662
3	42	0.60869
5	42	0.88497
6	42	0.9094
7	42	0.93418
8	42	0.60713
13	42	0.90447
15	42	0.86858
16	42	0.83141
18	42	0.86183
19	42	0.93867
20	42	0.88819
21	42	0.88599
23	42	0.92888
25	42	0.88439
26	42	0.89979
27	42	0.88003
28	42	0.7649
29	42	0.82862
30	42	0.91242
32	42	0.86492
33	42	0.91341
34	42	0.73924
35	42	0.81513
36	42	0.88746
38	42	0.93507
40	42	0.89288
41	42	0.9036
43	42	0.83205
44	42	0.87289
46	42	0.90332
50	42	0.40911
51	42	0.90966
53	42	0.88758
55	42	0.90542
56	42	0.81834
58	42	0.9056
60	42	0.87306
61	42	0.90314
62	42	0.91043
63	42	0.86706
71	42	0.89744
74	42	0.82896
75	42	0.89023
76	42	0.87024
77	42	0.82637
79	42	0.87922
80	42	0.82452
81	42	0.91664
83	42	0.88389
84	42	0.91289
85	42	0.80813
87	42	0.91801
90	42	0.8823
92	42	0.93179
93	42	0.9327
96	42	0.93525
98	42	0.89704
100	42	0.80936
102	42	0.91494
103	42	0.83932
105	42	0.25768
106	42	0.84724
108	42	0.93791
110	42	0.87454
113	42	0.91919
114	42	0.91546
116	42	0.76463
117	42	0.8733
132	42	0.91968
135	42	0.71479
140	42	0.7913
141	42	0.93829
142	42	0.86164
148	42	0.92128
6	43	0.89162
13	43	0.86054
21	43	0.85941
23	43	0.87423
27	43	0.86773
30	43	0.85351
31	43	0.85622
39	43	0.93086
42	43	0.83205
44	43	0.89976
50	43	0.44114
51	43	0.8581
53	43	0.85432
54	43	0.84499
60	43	0.78335
61	43	0.93269
63	43	0.92113
65	43	0.76722
66	43	0.83007
68	43	0.84174
69	43	0.85917
70	43	0.89833
71	43	0.92596
75	43	0.90932
77	43	0.78789
83	43	0.82889
84	43	0.8717
86	43	0.90522
88	43	0.81422
89	43	0.90409
90	43	0.84866
91	43	0.84882
92	43	0.81866
95	43	0.85947
98	43	0.8249
107	43	0.88804
108	43	0.8615
110	43	0.81924
112	43	0.91383
113	43	0.887
114	43	0.8165
115	43	0.7668
119	43	0.83154
121	43	0.82881
122	43	0.72132
123	43	0.873
125	43	0.87576
126	43	0.81551
127	43	0.90652
128	43	0.81133
129	43	0.75874
130	43	0.82776
131	43	0.85491
133	43	0.73251
135	43	0.69193
136	43	0.87612
137	43	0.74302
139	43	0.92172
140	43	0.74193
141	43	0.8147
142	43	0.8135
145	43	0.82361
146	43	0.7732
149	43	0.70324
2	44	0.87641
5	44	0.86845
6	44	0.90558
7	44	0.89066
13	44	0.87142
18	44	0.86655
19	44	0.87058
21	44	0.8609
23	44	0.84955
24	44	0.72882
25	44	0.89622
26	44	0.87626
27	44	0.91894
30	44	0.90067
31	44	0.88282
32	44	0.86914
39	44	0.92408
40	44	0.86589
42	44	0.87289
43	44	0.89976
46	44	0.88076
47	44	0.89397
48	44	0.89341
51	44	0.91925
53	44	0.79947
54	44	0.85024
55	44	0.90261
58	44	0.88107
60	44	0.83343
61	44	0.91305
63	44	0.91773
66	44	0.73294
68	44	0.86302
69	44	0.89147
70	44	0.87634
71	44	0.93222
75	44	0.92
77	44	0.83557
79	44	0.86348
81	44	0.91298
82	44	0.8481
83	44	0.92128
84	44	0.93712
86	44	0.87157
87	44	0.92116
88	44	0.83525
89	44	0.87579
90	44	0.9154
91	44	0.93021
92	44	0.9276
93	44	0.8665
94	44	0.8565
95	44	0.90946
98	44	0.92731
102	44	0.82379
107	44	0.90457
108	44	0.91246
110	44	0.89353
112	44	0.88631
113	44	0.91366
114	44	0.93585
117	44	0.91764
123	44	0.90856
124	44	0.79012
125	44	0.88017
126	44	0.82146
127	44	0.86971
128	44	0.77082
130	44	0.84994
131	44	0.84581
132	44	0.89117
136	44	0.89779
137	44	0.72717
138	44	0.89643
139	44	0.89904
140	44	0.76895
141	44	0.90999
146	44	0.82499
147	44	0.85147
148	44	0.90692
149	44	0.61075
3	45	0.66574
4	45	0.77445
5	45	0.84086
8	45	0.65242
9	45	0.88489
10	45	0.66465
11	45	0.77974
12	45	0.95482
13	45	0.87166
14	45	0.82037
15	45	0.89741
16	45	0.87911
17	45	0.87564
20	45	0.9129
22	45	0.76076
24	45	0.81852
26	45	0.87728
28	45	0.79275
29	45	0.93722
30	45	0.87764
32	45	0.83455
33	45	0.83241
34	45	0.78111
35	45	0.82362
36	45	0.84238
37	45	0.90552
41	45	0.89299
47	45	0.86054
48	45	0.88065
49	45	0.87003
50	45	0.55193
51	45	0.86554
52	45	0.93128
55	45	0.939
57	45	0.75937
58	45	0.87929
62	45	0.8951
66	45	0.75527
72	45	0.75914
73	45	0.76384
74	45	0.87722
76	45	0.94379
80	45	0.85964
85	45	0.9095
87	45	0.91167
91	45	0.83736
