7	2	0.97664
12	2	0.95318
13	2	0.98192
15	2	0.93855
19	2	0.99084
20	2	0.99721
23	2	0.99737
24	2	0.94328
28	2	0.98727
31	2	0.9931
32	2	0.98522
33	2	0.98369
34	2	0.99713
36	2	0.98893
38	2	0.99637
40	2	0.96197
41	2	0.99669
42	2	0.99812
43	2	0.9755
45	2	0.99534
46	2	0.93902
47	2	0.93218
48	2	0.9831
53	2	0.9957
54	2	0.99142
65	2	0.99495
66	2	0.99534
67	2	0.99774
69	2	0.99488
74	2	0.97432
76	2	0.98121
78	2	0.95703
80	2	0.99357
84	2	0.99626
85	2	0.97681
88	2	0.9818
90	2	0.98999
93	2	0.99114
96	2	0.97085
99	2	0.98939
100	2	0.9948
102	2	0.98593
103	2	0.99854
104	2	0.99847
105	2	0.95935
106	2	0.97539
109	2	0.98482
110	2	0.99104
112	2	0.98939
113	2	0.99454
114	2	0.99451
116	2	0.99563
117	2	0.98219
128	2	0.99674
131	2	0.98185
132	2	0.98339
135	2	0.98162
136	2	0.99304
137	2	0.98198
140	2	0.98242
141	2	0.97463
144	2	0.9966
145	2	0.99237
146	2	0.98181
147	2	0.99584
150	2	0.94619
4	3	0.83936
5	3	0.76803
7	3	0.57145
8	3	0.81178
9	3	0.78041
10	3	0.89321
11	3	0.88386
12	3	0.63079
13	3	0.58321
14	3	0.83394
15	3	0.66847
16	3	0.84208
17	3	0.83809
18	3	0.8014
21	3	0.77713
22	3	0.81241
24	3	0.63004
26	3	0.82361
29	3	0.79261
33	3	0.58711
35	3	0.82353
37	3	0.79264
39	3	0.71307
43	3	0.57431
46	3	0.64758
47	3	0.71413
49	3	0.85467
50	3	0.86363
52	3	0.80602
56	3	0.79421
57	3	0.83964
72	3	0.83485
73	3	0.81677
74	3	0.59471
78	3	0.63997
81	3	0.72788
85	3	0.59212
96	3	0.61009
101	3	0.71622
105	3	0.62934
106	3	0.59465
111	3	0.77942
124	3	0.80916
130	3	0.7264
133	3	0.70402
141	3	0.59712
143	3	0.71573
148	3	0.78228
149	3	0.84745
150	3	0.68197
3	4	0.83936
5	4	0.95679
7	4	0.76793
8	4	0.94963
9	4	0.96884
10	4	0.98092
11	4	0.9902
12	4	0.83103
13	4	0.75919
14	4	0.98875
15	4	0.85928
16	4	0.99208
17	4	0.99442
18	4	0.98571
21	4	0.95349
22	4	0.98613
24	4	0.8294
26	4	0.99682
29	4	0.97361
35	4	0.99682
37	4	0.97989
39	4	0.8849
43	4	0.75702
46	4	0.85228
47	4	0.85363
49	4	0.99394
50	4	0.98344
52	4	0.98031
56	4	0.97395
57	4	0.99223
72	4	0.96184
73	4	0.99206
74	4	0.79081
78	4	0.82604
81	4	0.90666
85	4	0.78412
96	4	0.799
101	4	0.91538
105	4	0.82409
106	4	0.77943
111	4	0.9484
124	4	0.94012
130	4	0.91091
132	4	0.7603
133	4	0.8951
141	4	0.78227
143	4	0.91883
148	4	0.94714
149	4	0.97388
150	4	0.8438
3	5	0.76803
4	5	0.95679
7	5	0.91552
8	5	0.86627
9	5	0.98975
10	5	0.8985
11	5	0.96166
12	5	0.95459
13	5	0.91351
14	5	0.9783
15	5	0.97048
16	5	0.94684
17	5	0.98014
18	5	0.99057
21	5	0.99767
22	5	0.98794
24	5	0.94619
26	5	0.9555
29	5	0.9932
33	5	0.90337
35	5	0.96717
37	5	0.9941
39	5	0.97652
43	5	0.91062
46	5	0.96338
47	5	0.96302
48	5	0.90565
49	5	0.9381
50	5	0.90865
52	5	0.9916
56	5	0.91501
57	5	0.97864
72	5	0.99038
73	5	0.97408
74	5	0.93398
78	5	0.9515
81	5	0.9844
85	5	0.92942
96	5	0.93764
101	5	0.99047
105	5	0.95204
106	5	0.92628
111	5	0.99513
124	5	0.98942
130	5	0.98638
132	5	0.91428
133	5	0.98374
140	5	0.90366
141	5	0.92555
143	5	0.99218
148	5	0.99692
149	5	0.92258
150	5	0.96146
25	6	0.99579
27	6	0.99822
30	6	0.99726
44	6	0.99674
51	6	0.99773
55	6	0.99656
58	6	0.99917
59	6	0.99322
60	6	0.99708
61	6	0.99938
62	6	0.99832
63	6	0.99956
64	6	0.99909
68	6	0.99864
70	6	0.99809
71	6	0.9976
75	6	0.99438
76	6	0.99325
77	6	0.99437
79	6	0.99951
82	6	0.99987
83	6	0.99669
86	6	0.99421
87	6	0.99302
89	6	0.99479
91	6	0.99782
92	6	0.9977
94	6	0.99896
95	6	0.99394
97	6	0.99978
98	6	0.99903
107	6	0.99933
108	6	0.99655
115	6	0.99971
117	6	0.99248
118	6	0.99051
119	6	0.99959
120	6	0.99881
121	6	0.99631
122	6	0.99935
123	6	0.99293
125	6	0.99312
126	6	0.99286
127	6	0.99943
129	6	0.99953
134	6	0.99221
135	6	0.99098
138	6	0.99949
139	6	0.99461
142	6	0.99944
146	6	0.99223
2	7	0.97664
3	7	0.57145
4	7	0.76793
5	7	0.91552
8	7	0.61963
9	7	0.88756
10	7	0.66323
11	7	0.7949
12	7	0.9879
13	7	0.99098
14	7	0.81454
15	7	0.97847
16	7	0.73776
17	7	0.82678
18	7	0.85669
19	7	0.9928
20	7	0.98907
21	7	0.91008
22	7	0.84365
23	7	0.97867
24	7	0.99007
26	7	0.77724
29	7	0.87416
33	7	0.98909
34	7	0.98746
35	7	0.79576
36	7	0.99209
37	7	0.87409
39	7	0.95427
40	7	0.99005
41	7	0.96825
42	7	0.9671
43	7	0.98104
46	7	0.98557
47	7	0.97176
48	7	0.98675
49	7	0.72792
50	7	0.67501
52	7	0.8584
53	7	0.98569
54	7	0.97195
56	7	0.73458
57	7	0.82995
65	7	0.96151
67	7	0.97609
72	7	0.88058
73	7	0.81983
74	7	0.99293
78	7	0.99345
80	7	0.9641
81	7	0.96321
84	7	0.98271
85	7	0.99579
93	7	0.99004
96	7	0.99382
99	7	0.96513
100	7	0.96613
101	7	0.96041
102	7	0.96279
103	7	0.98269
104	7	0.9774
105	7	0.98913
106	7	0.98918
111	7	0.92696
113	7	0.97182
114	7	0.99109
116	7	0.96329
124	7	0.9073
128	7	0.96892
130	7	0.94328
132	7	0.99568
133	7	0.97067
136	7	0.97426
140	7	0.99374
141	7	0.99735
143	7	0.95263
144	7	0.98723
147	7	0.97573
148	7	0.92768
150	7	0.9801
3	8	0.81178
4	8	0.94963
5	8	0.86627
7	8	0.61963
9	8	0.88291
10	8	0.96588
11	8	0.92374
12	8	0.69112
13	8	0.61229
14	8	0.93059
15	8	0.73965
16	8	0.95745
17	8	0.9276
18	8	0.91414
21	8	0.86377
22	8	0.91742
24	8	0.68
26	8	0.93735
29	8	0.90871
35	8	0.94273
37	8	0.89616
39	8	0.76131
43	8	0.60732
46	8	0.71598
47	8	0.73222
49	8	0.9672
50	8	0.96895
52	8	0.91541
56	8	0.92335
57	8	0.91951
72	8	0.87911
73	8	0.92992
74	8	0.65468
78	8	0.69119
81	8	0.78114
85	8	0.64361
96	8	0.65728
101	8	0.80107
105	8	0.68998
106	8	0.63713
111	8	0.84097
124	8	0.84334
130	8	0.79298
132	8	0.61194
133	8	0.77995
141	8	0.6322
143	8	0.80563
148	8	0.84408
149	8	0.92904
150	8	0.71981
3	9	0.78041
4	9	0.96884
5	9	0.98975
7	9	0.88756
8	9	0.88291
10	9	0.92089
11	9	0.97508
12	9	0.92744
13	9	0.8733
14	9	0.97402
15	9	0.93977
16	9	0.95051
17	9	0.9839
18	9	0.98803
21	9	0.98753
22	9	0.9841
24	9	0.93021
26	9	0.96805
29	9	0.9883
35	9	0.98179
37	9	0.9926
39	9	0.94613
40	9	0.88569
43	9	0.86662
46	9	0.94587
47	9	0.93021
49	9	0.95011
50	9	0.92679
52	9	0.98536
56	9	0.9546
57	9	0.98589
72	9	0.97517
73	9	0.99048
74	9	0.89896
78	9	0.92835
81	9	0.97328
85	9	0.89543
96	9	0.90598
101	9	0.97777
105	9	0.92338
106	9	0.88537
111	9	0.98972
124	9	0.96761
130	9	0.96208
132	9	0.87669
133	9	0.96286
141	9	0.89369
143	9	0.97214
148	9	0.98679
149	9	0.92028
150	9	0.92968
3	10	0.89321
4	10	0.98092
5	10	0.8985
7	10	0.66323
8	10	0.96588
9	10	0.92089
11	10	0.97315
12	10	0.73206
13	10	0.65296
14	10	0.95827
15	10	0.77295
16	10	0.97882
17	10	0.96326
18	10	0.94394
21	10	0.8957
22	10	0.94588
24	10	0.73035
26	10	0.97234
29	10	0.93338
35	10	0.97264
37	10	0.9299
39	10	0.801
40	10	0.64651
46	10	0.75922
47	10	0.77271
49	10	0.99227
50	10	0.9959
52	10	0.94176
56	10	0.95864
57	10	0.9616
72	10	0.91899
73	10	0.96202
74	10	0.69015
78	10	0.73471
81	10	0.82947
85	10	0.68206
96	10	0.69921
101	10	0.83992
105	10	0.72992
106	10	0.6751
111	10	0.88664
124	10	0.88537
130	10	0.83108
132	10	0.65249
133	10	0.81799
141	10	0.67788
143	10	0.84106
148	10	0.8866
149	10	0.95617
150	10	0.76108
3	11	0.88386
4	11	0.9902
5	11	0.96166
7	11	0.7949
8	11	0.92374
9	11	0.97508
10	11	0.97315
12	11	0.85414
13	11	0.79004
14	11	0.98604
15	11	0.87631
16	11	0.98052
17	11	0.99296
18	11	0.98092
21	11	0.96285
22	11	0.98422
24	11	0.85458
26	11	0.98433
29	11	0.97134
35	11	0.99007
37	11	0.9807
39	11	0.90444
40	11	0.78798
46	11	0.87352
47	11	0.88211
49	11	0.98066
50	11	0.96877
52	11	0.97771
56	11	0.96513
57	11	0.99275
72	11	0.97405
73	11	0.9903
74	11	0.81442
78	11	0.85139
81	11	0.92651
85	11	0.80994
96	11	0.82512
101	11	0.92737
105	11	0.84646
106	11	0.80582
111	11	0.96283
124	11	0.9568
130	11	0.92511
132	11	0.78793
133	11	0.90788
141	11	0.81085
143	11	0.92706
148	11	0.961
149	11	0.96763
150	11	0.86817
2	12	0.95318
3	12	0.63079
4	12	0.83103
5	12	0.95459
7	12	0.9879
8	12	0.69112
9	12	0.92744
10	12	0.73206
11	12	0.85414
13	12	0.99094
14	12	0.87881
15	12	0.99438
16	12	0.8133
17	12	0.88158
18	12	0.90757
19	12	0.98097
20	12	0.96598
21	12	0.9548
22	12	0.90212
23	12	0.96107
24	12	0.99253
26	12	0.83507
29	12	0.91856
33	12	0.98621
34	12	0.96622
35	12	0.85297
36	12	0.98636
37	12	0.92432
39	12	0.98679
40	12	0.97812
42	12	0.93901
43	12	0.98897
46	12	0.99683
47	12	0.98935
48	12	0.98756
49	12	0.79284
50	12	0.74591
52	12	0.91008
53	12	0.97327
54	12	0.96338
56	12	0.78462
57	12	0.88306
67	12	0.95088
72	12	0.93034
73	12	0.87335
74	12	0.99492
78	12	0.99591
81	12	0.98424
84	12	0.95391
85	12	0.99469
93	12	0.98188
96	12	0.99698
101	12	0.98207
103	12	0.96432
104	12	0.94824
105	12	0.99734
106	12	0.99351
111	12	0.96133
114	12	0.97589
116	12	0.94041
124	12	0.95191
130	12	0.98057
132	12	0.99137
133	12	0.9859
136	12	0.9598
140	12	0.98752
141	12	0.99414
143	12	0.98116
144	12	0.96132
147	12	0.95051
148	12	0.96279
149	12	0.79244
150	12	0.99271
2	13	0.98192
3	13	0.58321
4	13	0.75919
5	13	0.91351
7	13	0.99098
8	13	0.61229
9	13	0.8733
10	13	0.65296
11	13	0.79004
12	13	0.99094
14	13	0.82093
15	13	0.98309
16	13	0.74316
17	13	0.82103
18	13	0.85267
19	13	0.99367
20	13	0.98728
21	13	0.91424
22	13	0.84641
23	13	0.98866
24	13	0.97965
26	13	0.76368
29	13	0.86938
33	13	0.9992
34	13	0.9875
35	13	0.7832
36	13	0.9984
37	13	0.87106
38	13	0.96742
39	13	0.96881
40	13	0.97551
41	13	0.97127
42	13	0.97241
43	13	0.99751
46	13	0.98066
47	13	0.98231
48	13	0.99891
49	13	0.71974
50	13	0.66738
52	13	0.85868
53	13	0.99315
54	13	0.98802
56	13	0.70046
57	13	0.82227
65	13	0.97282
66	13	0.96768
67	13	0.9804
69	13	0.96661
72	13	0.89059
73	13	0.80629
74	13	0.99664
78	13	0.98867
80	13	0.9625
81	13	0.95657
84	13	0.97831
85	13	0.99751
93	13	0.99803
96	13	0.9965
100	13	0.96464
101	13	0.95248
103	13	0.98927
104	13	0.97808
105	13	0.99127
106	13	0.99901
111	13	0.92176
113	13	0.97007
114	13	0.9937
116	13	0.9741
124	13	0.92043
128	13	0.97135
130	13	0.95413
132	13	0.99886
133	13	0.96474
136	13	0.98601
140	13	0.99608
141	13	0.99664
143	13	0.95242
144	13	0.98435
147	13	0.98008
148	13	0.92581
149	13	0.72341
150	13	0.98657
3	14	0.83394
4	14	0.98875
5	14	0.9783
7	14	0.81454
8	14	0.93059
9	14	0.97402
10	14	0.95827
11	14	0.98604
12	14	0.87881
13	14	0.82093
15	14	0.90649
16	14	0.99202
17	14	0.99464
18	14	0.99321
21	14	0.97912
22	14	0.99808
24	14	0.86347
26	14	0.98095
29	14	0.98739
35	14	0.98819
37	14	0.99038
39	14	0.93122
43	14	0.82323
46	14	0.89016
47	14	0.90377
49	14	0.98155
50	14	0.96521
52	14	0.99471
56	14	0.93882
57	14	0.99007
72	14	0.98752
73	14	0.98568
74	14	0.84641
78	14	0.86998
81	14	0.93312
85	14	0.83859
96	14	0.85156
101	14	0.94136
105	14	0.87362
106	14	0.83994
111	14	0.96685
124	14	0.97408
130	14	0.94928
132	14	0.81775
133	14	0.92739
141	14	0.83289
143	14	0.94937
148	14	0.96993
149	14	0.97952
150	14	0.89421
2	15	0.93855
3	15	0.66847
4	15	0.85928
5	15	0.97048
7	15	0.97847
8	15	0.73965
9	15	0.93977
10	15	0.77295
11	15	0.87631
12	15	0.99438
13	15	0.98309
14	15	0.90649
16	15	0.84776
17	15	0.90556
18	15	0.93079
19	15	0.96411
20	15	0.95318
21	15	0.96877
22	15	0.92506
23	15	0.94707
24	15	0.98144
26	15	0.86095
29	15	0.94415
33	15	0.97786
34	15	0.95654
35	15	0.87805
36	15	0.97888
37	15	0.94087
39	15	0.99063
40	15	0.95775
43	15	0.97972
46	15	0.9917
47	15	0.99356
48	15	0.97975
49	15	0.83131
50	15	0.78806
52	15	0.93633
53	15	0.95765
54	15	0.94594
56	15	0.80292
57	15	0.90506
72	15	0.95201
73	15	0.89351
74	15	0.99181
78	15	0.99304
81	15	0.98513
84	15	0.93454
85	15	0.98951
93	15	0.97246
96	15	0.99178
101	15	0.98804
103	15	0.95177
105	15	0.9958
106	15	0.98884
111	15	0.96949
114	15	0.96193
124	15	0.96854
130	15	0.98603
132	15	0.98319
133	15	0.99429
136	15	0.94073
140	15	0.97591
141	15	0.98523
143	15	0.9894
144	15	0.94592
148	15	0.97395
149	15	0.82175
150	15	0.9978
3	16	0.84208
4	16	0.99208
5	16	0.94684
7	16	0.73776
8	16	0.95745
9	16	0.95051
10	16	0.97882
11	16	0.98052
12	16	0.8133
13	16	0.74316
14	16	0.99202
15	16	0.84776
17	16	0.98504
18	16	0.97776
21	16	0.94763
22	16	0.98438
24	16	0.79705
26	16	0.98216
29	16	0.96783
35	16	0.98643
37	16	0.96993
39	16	0.87872
43	16	0.7465
46	16	0.82904
47	16	0.8429
49	16	0.99267
50	16	0.98533
52	16	0.97836
56	16	0.946
57	16	0.97972
72	16	0.96122
73	16	0.97853
74	16	0.77467
78	16	0.8034
81	16	0.88328
85	16	0.76492
96	16	0.78034
101	16	0.89481
105	16	0.80776
106	16	0.76587
111	16	0.93033
124	16	0.93872
130	16	0.90336
132	16	0.73998
133	16	0.87586
141	16	0.75768
143	16	0.90443
148	16	0.93311
149	16	0.98826
150	16	0.83217
3	17	0.83809
4	17	0.99442
5	17	0.98014
7	17	0.82678
8	17	0.9276
9	17	0.9839
10	17	0.96326
11	17	0.99296
12	17	0.88158
13	17	0.82103
14	17	0.99464
15	17	0.90556
16	17	0.98504
18	17	0.99541
21	17	0.97718
22	17	0.99574
24	17	0.87841
26	17	0.99125
29	17	0.98777
35	17	0.9953
37	17	0.99358
39	17	0.92664
43	17	0.81835
46	17	0.89788
47	17	0.90313
49	17	0.9835
50	17	0.96551
52	17	0.99225
56	17	0.96226
57	17	0.99722
72	17	0.9834
73	17	0.99426
74	17	0.84713
78	17	0.87734
81	17	0.94373
85	17	0.84183
96	17	0.85443
101	17	0.9498
105	17	0.87506
106	17	0.83845
111	17	0.97512
124	17	0.96931
130	17	0.94643
132	17	0.82132
133	17	0.93432
141	17	0.84054
143	17	0.95245
148	17	0.9751
149	17	0.96728
150	17	0.89326
3	18	0.8014
4	18	0.98571
5	18	0.99057
7	18	0.85669
8	18	0.91414
9	18	0.98803
10	18	0.94394
11	18	0.98092
12	18	0.90757
13	18	0.85267
14	18	0.99321
15	18	0.93079
16	18	0.97776
17	18	0.99541
21	18	0.98798
22	18	0.99705
24	18	0.90091
26	18	0.9853
29	18	0.99565
35	18	0.98843
37	18	0.99726
39	18	0.94483
43	18	0.85048
46	18	0.92227
47	18	0.92187
48	18	0.84321
49	18	0.97346
50	18	0.95375
52	18	0.99771
56	18	0.94533
57	18	0.99511
72	18	0.98717
73	18	0.98992
74	18	0.87941
78	18	0.90336
81	18	0.95676
85	18	0.873
96	18	0.8847
101	18	0.96565
105	18	0.90473
106	18	0.86937
111	18	0.9818
124	18	0.97626
130	18	0.96243
132	18	0.85372
133	18	0.95387
141	18	0.86919
143	18	0.9699
148	18	0.98241
149	18	0.95473
150	18	0.9188
2	19	0.99084
7	19	0.9928
12	19	0.98097
13	19	0.99367
15	19	0.96411
20	19	0.99511
23	19	0.99222
24	19	0.9774
31	19	0.9802
33	19	0.99289
34	19	0.99309
36	19	0.99549
38	19	0.98076
39	19	0.94201
40	19	0.98669
41	19	0.98461
42	19	0.98626
43	19	0.98874
45	19	0.97725
46	19	0.97252
47	19	0.95902
48	19	0.99224
53	19	0.99768
54	19	0.99071
65	19	0.98332
66	19	0.98146
67	19	0.99092
69	19	0.97892
74	19	0.98906
78	19	0.98108
80	19	0.98242
81	19	0.93851
84	19	0.99312
85	19	0.99189
93	19	0.99578
96	19	0.98939
99	19	0.98057
100	19	0.98377
101	19	0.93274
102	19	0.97753
103	19	0.9938
104	19	0.98923
105	19	0.98106
106	19	0.98924
110	19	0.97319
113	19	0.98641
114	19	0.99813
116	19	0.98537
128	19	0.98512
130	19	0.92593
132	19	0.99559
133	19	0.94481
136	19	0.99168
140	19	0.99546
141	19	0.99309
143	19	0.92782
144	19	0.99438
145	19	0.97304
147	19	0.99043
150	19	0.96783
2	20	0.99721
7	20	0.98907
12	20	0.96598
13	20	0.98728
15	20	0.95318
19	20	0.99511
23	20	0.99531
24	20	0.96138
28	20	0.98082
31	20	0.98739
32	20	0.97701
33	20	0.98807
34	20	0.99926
36	20	0.99323
38	20	0.98835
40	20	0.97516
41	20	0.99323
42	20	0.9931
43	20	0.9783
45	20	0.9888
46	20	0.956
47	20	0.94599
48	20	0.98654
53	20	0.99592
54	20	0.98757
65	20	0.98826
66	20	0.98824
67	20	0.99566
69	20	0.98844
74	20	0.98311
78	20	0.97205
80	20	0.99011
81	20	0.9169
84	20	0.99756
85	20	0.98613
90	20	0.97986
93	20	0.99408
96	20	0.98079
99	20	0.98819
100	20	0.99127
102	20	0.98563
103	20	0.99786
104	20	0.99747
105	20	0.97111
106	20	0.98204
109	20	0.97526
110	20	0.98289
112	20	0.98057
113	20	0.99318
114	20	0.99768
116	20	0.98933
128	20	0.99347
132	20	0.99069
133	20	0.93245
136	20	0.99028
140	20	0.98944
141	20	0.98531
144	20	0.99932
145	20	0.98273
147	20	0.9943
150	20	0.95894
3	21	0.77713
4	21	0.95349
5	21	0.99767
7	21	0.91008
8	21	0.86377
9	21	0.98753
10	21	0.8957
11	21	0.96285
12	21	0.9548
13	21	0.91424
14	21	0.97912
15	21	0.96877
16	21	0.94763
17	21	0.97718
18	21	0.98798
22	21	0.98779
24	21	0.94352
26	21	0.95081
29	21	0.9897
33	21	0.90448
35	21	0.96301
36	21	0.90113
37	21	0.99293
39	21	0.97968
43	21	0.914
46	21	0.96266
47	21	0.96428
48	21	0.90607
49	21	0.93363
50	21	0.90659
52	21	0.98974
56	21	0.90641
57	21	0.97746
72	21	0.99226
73	21	0.97178
74	21	0.93274
78	21	0.94897
81	21	0.98232
85	21	0.92755
96	21	0.93729
101	21	0.98635
105	21	0.95174
106	21	0.92618
111	21	0.99382
124	21	0.9917
130	21	0.98886
132	21	0.91244
133	21	0.97832
141	21	0.92338
143	21	0.98955
148	21	0.9953
149	21	0.92874
150	21	0.96153
3	22	0.81241
4	22	0.98613
5	22	0.98794
7	22	0.84365
8	22	0.91742
9	22	0.9841
10	22	0.94588
11	22	0.98422
12	22	0.90212
13	22	0.84641
14	22	0.99808
15	22	0.92506
16	22	0.98438
17	22	0.99574
18	22	0.99705
21	22	0.98779
24	22	0.89011
26	22	0.98059
29	22	0.99203
35	22	0.98876
37	22	0.99685
39	22	0.94589
43	22	0.84778
46	22	0.91356
47	22	0.92018
48	22	0.83785
49	22	0.97395
50	22	0.95365
52	22	0.9972
56	22	0.94196
57	22	0.99195
72	22	0.99015
73	22	0.98902
74	22	0.87091
78	22	0.89376
81	22	0.95114
85	22	0.86415
96	22	0.87611
101	22	0.95854
105	22	0.89625
106	22	0.86392
111	22	0.97903
124	22	0.97988
130	22	0.96282
132	22	0.8448
133	22	0.9449
141	22	0.85963
143	22	0.96458
148	22	0.98093
149	22	0.96946
150	22	0.91239
2	23	0.99737
7	23	0.97867
12	23	0.96107
13	23	0.98866
15	23	0.94707
19	23	0.99222
20	23	0.99531
24	23	0.94984
28	23	0.98054
31	23	0.98931
32	23	0.97914
33	23	0.99144
34	23	0.99455
36	23	0.99196
38	23	0.99345
39	23	0.92208
40	23	0.96217
41	23	0.99469
42	23	0.99478
43	23	0.98436
45	23	0.99084
46	23	0.94505
47	23	0.94732
48	23	0.98974
53	23	0.99767
54	23	0.99595
65	23	0.99586
66	23	0.99374
67	23	0.99721
69	23	0.994
74	23	0.97826
78	23	0.96198
80	23	0.98878
84	23	0.99261
85	23	0.98108
88	23	0.9805
90	23	0.9874
93	23	0.99553
96	23	0.97606
99	23	0.98497
100	23	0.98915
102	23	0.9798
103	23	0.99893
104	23	0.99591
105	23	0.96424
106	23	0.98286
109	23	0.97937
110	23	0.98742
112	23	0.98639
113	23	0.99211
114	23	0.99637
116	23	0.99534
128	23	0.99429
132	23	0.98788
136	23	0.99696
137	23	0.97944
140	23	0.98721
141	23	0.98062
144	23	0.99514
145	23	0.98954
147	23	0.99682
150	23	0.95521
2	24	0.94328
3	24	0.63004
4	24	0.8294
5	24	0.94619
7	24	0.99007
8	24	0.68
9	24	0.93021
10	24	0.73035
11	24	0.85458
12	24	0.99253
13	24	0.97965
14	24	0.86347
15	24	0.98144
16	24	0.79705
17	24	0.87841
18	24	0.90091
19	24	0.9774
20	24	0.96138
21	24	0.94352
22	24	0.89011
23	24	0.94984
26	24	0.83952
29	24	0.9083
33	24	0.97536
34	24	0.95834
35	24	0.85232
36	24	0.9749
37	24	0.91897
39	24	0.97119
40	24	0.98942
43	24	0.97254
46	24	0.99603
47	24	0.97699
48	24	0.97284
49	24	0.78617
50	24	0.73921
52	24	0.89714
53	24	0.96385
54	24	0.94836
56	24	0.80421
57	24	0.88364
67	24	0.94487
72	24	0.91551
73	24	0.87523
74	24	0.98413
78	24	0.99315
81	24	0.98632
84	24	0.95413
85	24	0.98669
93	24	0.9712
96	24	0.98935
101	24	0.9809
103	24	0.95329
104	24	0.94261
105	24	0.9883
106	24	0.97993
111	24	0.96121
113	24	0.93833
114	24	0.96968
124	24	0.93578
128	24	0.9322
130	24	0.96751
132	24	0.98371
133	24	0.98191
136	24	0.94924
140	24	0.9829
141	24	0.99166
143	24	0.97396
144	24	0.95869
147	24	0.94543
148	24	0.95821
149	24	0.77146
150	24	0.9802
6	25	0.99579
27	25	0.99911
28	25	0.99694
30	25	0.99919
31	25	0.99198
32	25	0.99815
38	25	0.98804
44	25	0.99899
45	25	0.99168
51	25	0.98787
55	25	0.9975
58	25	0.99201
59	25	0.99854
60	25	0.99868
61	25	0.99283
62	25	0.98926
63	25	0.99782
64	25	0.99834
66	25	0.98898
68	25	0.99109
69	25	0.98899
70	25	0.98845
71	25	0.99925
75	25	0.99897
76	25	0.99927
77	25	0.99932
79	25	0.99703
80	25	0.99032
82	25	0.99559
83	25	0.99919
86	25	0.99835
87	25	0.99824
88	25	0.99496
89	25	0.99811
90	25	0.9936
91	25	0.99848
92	25	0.99824
94	25	0.99857
95	25	0.99869
97	25	0.99563
98	25	0.99343
99	25	0.98826
100	25	0.98708
102	25	0.98708
107	25	0.9977
108	25	0.99875
109	25	0.99856
110	25	0.99478
112	25	0.99343
113	25	0.98543
115	25	0.9939
117	25	0.99841
118	25	0.97477
119	25	0.99339
120	25	0.99043
121	25	0.98491
122	25	0.99788
123	25	0.97913
125	25	0.99813
126	25	0.99924
127	25	0.99716
129	25	0.99308
131	25	0.99679
134	25	0.9985
135	25	0.99849
137	25	0.99714
138	25	0.99542
139	25	0.99865
142	25	0.993
145	25	0.99252
146	25	0.99852
3	26	0.82361
4	26	0.99682
5	26	0.9555
7	26	0.77724
8	26	0.93735
9	26	0.96805
10	26	0.97234
11	26	0.98433
12	26	0.83507
13	26	0.76368
14	26	0.98095
15	26	0.86095
16	26	0.98216
17	26	0.99125
18	26	0.9853
21	26	0.95081
22	26	0.98059
24	26	0.83952
29	26	0.97039
35	26	0.992
37	26	0.97841
39	26	0.88429
40	26	0.76468
46	26	0.85875
47	26	0.8529
49	26	0.98708
50	26	0.97665
52	26	0.9756
56	26	0.97299
57	26	0.99289
72	26	0.95595
73	26	0.98874
74	26	0.79547
78	26	0.83109
81	26	0.91058
85	26	0.78945
96	26	0.80473
101	26	0.91904
105	26	0.82885
106	26	0.78297
111	26	0.94927
124	26	0.93467
130	26	0.91117
132	26	0.76683
133	26	0.8995
141	26	0.79005
143	26	0.92233
148	26	0.94593
149	26	0.96145
150	26	0.84573
6	27	0.99822
25	27	0.99911
28	27	0.99319
30	27	0.99959
32	27	0.99576
44	27	0.99961
51	27	0.99246
55	27	0.9987
58	27	0.99586
59	27	0.99804
60	27	0.99802
61	27	0.99648
62	27	0.99332
63	27	0.99919
64	27	0.99948
68	27	0.99513
70	27	0.99285
71	27	0.99985
75	27	0.99886
76	27	0.99823
77	27	0.9988
79	27	0.99891
82	27	0.99834
83	27	0.99946
86	27	0.99841
87	27	0.99789
88	27	0.99369
89	27	0.9986
90	27	0.992
91	27	0.99967
92	27	0.99962
94	27	0.99981
95	27	0.99845
97	27	0.99772
98	27	0.99562
107	27	0.99935
108	27	0.99921
109	27	0.99662
112	27	0.99086
115	27	0.99695
117	27	0.99769
118	27	0.98102
119	27	0.99677
120	27	0.99452
121	27	0.98983
122	27	0.99897
123	27	0.98456
125	27	0.99796
126	27	0.99777
127	27	0.99932
129	27	0.99636
131	27	0.99474
134	27	0.99613
135	27	0.99634
137	27	0.99589
138	27	0.99772
139	27	0.9985
142	27	0.99629
145	27	0.99046
146	27	0.99741
2	28	0.98727
20	28	0.98082
23	28	0.98054
25	28	0.99694
27	28	0.99319
30	28	0.99418
31	28	0.99754
32	28	0.99903
34	28	0.97704
38	28	0.99347
41	28	0.99487
42	28	0.99404
44	28	0.99409
45	28	0.99683
53	28	0.97495
54	28	0.97208
55	28	0.99126
59	28	0.99605
60	28	0.99379
64	28	0.99119
65	28	0.99034
66	28	0.99439
67	28	0.98973
69	28	0.99434
71	28	0.99401
75	28	0.99588
76	28	0.99743
77	28	0.99649
80	28	0.99785
83	28	0.99468
84	28	0.98913
86	28	0.99469
87	28	0.9956
88	28	0.99366
89	28	0.99378
90	28	0.99499
91	28	0.99226
92	28	0.99181
94	28	0.99173
95	28	0.9958
99	28	0.99662
100	28	0.9957
102	28	0.99587
103	28	0.98055
104	28	0.9909
108	28	0.99342
109	28	0.9985
110	28	0.99761
112	28	0.99579
113	28	0.99493
116	28	0.99005
117	28	0.9966
125	28	0.99525
126	28	0.99799
128	28	0.99478
131	28	0.99624
134	28	0.99783
135	28	0.99822
136	28	0.97894
137	28	0.99558
139	28	0.99523
144	28	0.98482
145	28	0.99507
146	28	0.99693
147	28	0.98907
3	29	0.79261
4	29	0.97361
5	29	0.9932
7	29	0.87416
8	29	0.90871
9	29	0.9883
10	29	0.93338
11	29	0.97134
12	29	0.91856
13	29	0.86938
14	29	0.98739
15	29	0.94415
16	29	0.96783
17	29	0.98777
18	29	0.99565
21	29	0.9897
22	29	0.99203
24	29	0.9083
26	29	0.97039
35	29	0.98123
37	29	0.9922
39	29	0.94851
43	29	0.86414
46	29	0.93192
47	29	0.93299
48	29	0.85977
49	29	0.96594
50	29	0.94454
52	29	0.99817
56	29	0.93276
57	29	0.98643
72	29	0.98698
73	29	0.98392
74	29	0.89734
78	29	0.91921
81	29	0.96038
85	29	0.89062
96	29	0.90019
101	29	0.97158
105	29	0.91985
106	29	0.88511
111	29	0.98133
124	29	0.97755
130	29	0.96297
132	29	0.87084
133	29	0.96366
141	29	0.88323
143	29	0.97313
148	29	0.98405
149	29	0.93583
150	29	0.93401
6	30	0.99726
25	30	0.99919
27	30	0.99959
28	30	0.99418
32	30	0.99702
44	30	0.99951
51	30	0.99021
55	30	0.99902
58	30	0.99424
59	30	0.99889
60	30	0.9975
61	30	0.99519
62	30	0.9915
63	30	0.99841
64	30	0.99878
68	30	0.99412
70	30	0.99118
71	30	0.99976
75	30	0.99895
76	30	0.99867
77	30	0.99901
79	30	0.99755
82	30	0.99721
83	30	0.99995
86	30	0.99909
87	30	0.99863
88	30	0.99563
89	30	0.99907
90	30	0.99384
91	30	0.99978
92	30	0.9995
94	30	0.99943
95	30	0.99924
97	30	0.99677
98	30	0.9942
102	30	0.98163
107	30	0.99825
108	30	0.99864
109	30	0.99765
110	30	0.99382
112	30	0.993
115	30	0.99558
117	30	0.99875
118	30	0.97794
119	30	0.99556
120	30	0.99307
121	30	0.98751
122	30	0.99855
123	30	0.98172
125	30	0.99866
126	30	0.99879
127	30	0.99877
129	30	0.99489
131	30	0.99653
134	30	0.99612
135	30	0.9978
137	30	0.99733
138	30	0.99646
139	30	0.99946
142	30	0.99484
145	30	0.99211
146	30	0.99861
2	31	0.9931
19	31	0.9802
20	31	0.98739
23	31	0.98931
25	31	0.99198
28	31	0.99754
32	31	0.99657
33	31	0.96496
34	31	0.98392
36	31	0.96939
38	31	0.99737
40	31	0.95005
41	31	0.99797
42	31	0.99791
44	31	0.98951
45	31	0.99802
53	31	0.98618
54	31	0.98457
59	31	0.99376
65	31	0.99619
66	31	0.99833
67	31	0.99617
69	31	0.99703
75	31	0.99271
76	31	0.99484
77	31	0.99335
80	31	0.99891
83	31	0.99019
84	31	0.99395
86	31	0.99227
87	31	0.9938
88	31	0.99455
89	31	0.99118
90	31	0.99645
93	31	0.97443
95	31	0.99295
99	31	0.99736
100	31	0.99747
102	31	0.99457
103	31	0.98857
104	31	0.99492
108	31	0.98936
109	31	0.9966
110	31	0.99856
112	31	0.99814
113	31	0.9981
114	31	0.98419
116	31	0.99617
117	31	0.99427
125	31	0.99284
126	31	0.99468
128	31	0.99814
131	31	0.99641
134	31	0.99179
135	31	0.99546
136	31	0.9896
137	31	0.99443
139	31	0.99174
140	31	0.96805
144	31	0.99032
145	31	0.99707
146	31	0.99518
147	31	0.99556
2	32	0.98522
20	32	0.97701
23	32	0.97914
25	32	0.99815
27	32	0.99576
28	32	0.99903
30	32	0.99702
31	32	0.99657
34	32	0.97354
38	32	0.9932
41	32	0.9942
42	32	0.99267
44	32	0.99665
45	32	0.99693
55	32	0.9945
59	32	0.99832
60	32	0.99496
63	32	0.9926
64	32	0.99399
65	32	0.99002
66	32	0.99428
67	32	0.98858
69	32	0.99451
71	32	0.99669
75	32	0.99775
76	32	0.99861
77	32	0.99807
80	32	0.99543
83	32	0.99741
84	32	0.98501
86	32	0.99718
87	32	0.99759
88	32	0.99561
89	32	0.99638
90	32	0.99659
91	32	0.99552
92	32	0.99498
94	32	0.9948
95	32	0.99814
99	32	0.99389
100	32	0.99238
102	32	0.99183
103	32	0.97852
104	32	0.98921
108	32	0.9953
109	32	0.99966
110	32	0.99806
112	32	0.99679
113	32	0.99296
116	32	0.98977
117	32	0.99875
122	32	0.99308
125	32	0.99762
126	32	0.99932
128	32	0.9941
131	32	0.99775
134	32	0.99781
135	32	0.99913
136	32	0.97804
137	32	0.99745
139	32	0.99791
144	32	0.98119
145	32	0.99599
146	32	0.99875
147	32	0.98796
2	33	0.98369
3	33	0.58711
5	33	0.90337
7	33	0.98909
12	33	0.98621
13	33	0.9992
15	33	0.97786
19	33	0.99289
20	33	0.98807
21	33	0.90448
23	33	0.99144
24	33	0.97536
31	33	0.96496
34	33	0.98792
36	33	0.99728
38	33	0.97095
39	33	0.96339
40	33	0.97303
41	33	0.97486
42	33	0.97496
43	33	0.99601
45	33	0.96559
46	33	0.97474
47	33	0.98059
48	33	0.99778
53	33	0.99353
54	33	0.98915
65	33	0.9775
66	33	0.97149
67	33	0.98279
69	33	0.97176
72	33	0.88309
74	33	0.99347
78	33	0.98504
80	33	0.96566
81	33	0.95035
84	33	0.97972
85	33	0.99502
93	33	0.99871
96	33	0.99354
100	33	0.96779
101	33	0.94457
103	33	0.99064
104	33	0.98044
105	33	0.98682
106	33	0.99706
111	33	0.91365
113	33	0.97342
114	33	0.99393
116	33	0.97677
124	33	0.91436
128	33	0.97453
130	33	0.94675
132	33	0.99731
133	33	0.95841
136	33	0.98787
140	33	0.99445
141	33	0.99495
143	33	0.94404
144	33	0.98576
147	33	0.98293
148	33	0.91808
150	33	0.98348
2	34	0.99713
7	34	0.98746
12	34	0.96622
13	34	0.9875
15	34	0.95654
19	34	0.99309
20	34	0.99926
23	34	0.99455
24	34	0.95834
28	34	0.97704
31	34	0.98392
32	34	0.97354
33	34	0.98792
36	34	0.99414
38	34	0.9872
39	34	0.92233
40	34	0.97102
41	34	0.9908
42	34	0.99148
43	34	0.97865
45	34	0.98725
46	34	0.95607
47	34	0.94769
48	34	0.98701
53	34	0.99478
54	34	0.98612
65	34	0.98607
66	34	0.98599
67	34	0.9934
69	34	0.98643
74	34	0.98499
78	34	0.97284
80	34	0.98654
84	34	0.99501
85	34	0.98693
90	34	0.97762
93	34	0.99427
96	34	0.98175
99	34	0.9833
100	34	0.98883
102	34	0.98035
103	34	0.99762
104	34	0.99599
105	34	0.97342
106	34	0.98307
110	34	0.97986
112	34	0.97717
113	34	0.98947
114	34	0.99612
116	34	0.98722
128	34	0.99102
132	34	0.99054
133	34	0.93489
136	34	0.9877
140	34	0.98768
141	34	0.98404
144	34	0.99732
145	34	0.98088
147	34	0.99117
150	34	0.9625
3	35	0.82353
4	35	0.99682
5	35	0.96717
7	35	0.79576
8	35	0.94273
9	35	0.98179
10	35	0.97264
11	35	0.99007
12	35	0.85297
13	35	0.7832
14	35	0.98819
15	35	0.87805
16	35	0.98643
17	35	0.9953
18	35	0.98843
21	35	0.96301
22	35	0.98876
24	35	0.85232
26	35	0.992
29	35	0.98123
37	35	0.98559
39	35	0.897
40	35	0.7848
46	35	0.87431
47	35	0.86988
49	35	0.98931
50	35	0.9751
52	35	0.98493
56	35	0.9798
57	35	0.9923
72	35	0.96527
73	35	0.99793
74	35	0.81517
78	35	0.85064
81	35	0.92316
85	35	0.80928
96	35	0.82245
101	35	0.93192
105	35	0.84651
106	35	0.80196
111	35	0.9598
124	35	0.94604
130	35	0.92127
132	35	0.7856
133	35	0.91183
141	35	0.80638
143	35	0.93124
148	35	0.95839
149	35	0.96238
150	35	0.86254
2	36	0.98893
7	36	0.99209
12	36	0.98636
13	36	0.9984
15	36	0.97888
19	36	0.99549
20	36	0.99323
21	36	0.90113
23	36	0.99196
24	36	0.9749
31	36	0.96939
33	36	0.99728
34	36	0.99414
38	36	0.97521
39	36	0.95758
40	36	0.97524
41	36	0.97864
42	36	0.98019
43	36	0.99427
45	36	0.97129
46	36	0.97616
47	36	0.97345
48	36	0.998
53	36	0.9958
54	36	0.98942
65	36	0.97757
66	36	0.97464
67	36	0.98606
69	36	0.97353
74	36	0.99651
78	36	0.98652
80	36	0.97111
81	36	0.94647
84	36	0.98514
85	36	0.99718
93	36	0.99884
96	36	0.99485
100	36	0.97331
101	36	0.94471
103	36	0.99412
104	36	0.98552
105	36	0.98934
106	36	0.99698
113	36	0.97701
114	36	0.99655
116	36	0.97987
124	36	0.9046
128	36	0.97895
130	36	0.94195
132	36	0.99888
133	36	0.9593
136	36	0.98805
140	36	0.99596
141	36	0.99477
143	36	0.94365
144	36	0.99015
147	36	0.98471
148	36	0.91254
150	36	0.98225
3	37	0.79264
4	37	0.97989
5	37	0.9941
7	37	0.87409
8	37	0.89616
9	37	0.9926
10	37	0.9299
11	37	0.9807
12	37	0.92432
13	37	0.87106
14	37	0.99038
15	37	0.94087
16	37	0.96993
17	37	0.99358
18	37	0.99726
21	37	0.99293
22	37	0.99685
24	37	0.91897
26	37	0.97841
29	37	0.9922
35	37	0.98559
39	37	0.95746
43	37	0.87042
46	37	0.93714
47	37	0.93471
48	37	0.86185
49	37	0.96134
50	37	0.9375
52	37	0.99463
56	37	0.94457
57	37	0.99227
72	37	0.98877
73	37	0.98967
74	37	0.89398
78	37	0.91756
81	37	0.96926
85	37	0.88896
96	37	0.90022
101	37	0.9745
105	37	0.91779
106	37	0.88612
111	37	0.99018
124	37	0.9818
130	37	0.9733
132	37	0.87147
133	37	0.96104
141	37	0.88707
143	37	0.97742
148	37	0.98982
149	37	0.95207
150	37	0.92889
2	38	0.99637
13	38	0.96742
19	38	0.98076
20	38	0.98835
23	38	0.99345
25	38	0.98804
28	38	0.99347
31	38	0.99737
32	38	0.9932
33	38	0.97095
34	38	0.9872
36	38	0.97521
41	38	0.99727
42	38	0.99898
43	38	0.96307
45	38	0.99849
48	38	0.97037
53	38	0.98919
54	38	0.9894
59	38	0.99261
65	38	0.99816
66	38	0.99939
67	38	0.99603
69	38	0.99833
75	38	0.99183
76	38	0.99264
77	38	0.99169
80	38	0.99562
84	38	0.99141
86	38	0.99133
87	38	0.99259
88	38	0.99346
89	38	0.99037
90	38	0.99775
93	38	0.97994
95	38	0.99178
99	38	0.99084
100	38	0.99553
102	38	0.98703
103	38	0.99249
104	38	0.99506
109	38	0.99404
110	38	0.99763
112	38	0.9969
113	38	0.99439
114	38	0.98551
116	38	0.99816
117	38	0.99304
125	38	0.9925
126	38	0.99161
128	38	0.99709
131	38	0.99273
132	38	0.96758
135	38	0.99149
136	38	0.99161
137	38	0.99319
139	38	0.99003
140	38	0.96881
144	38	0.98947
145	38	0.99894
146	38	0.99297
147	38	0.99459
3	39	0.71307
4	39	0.8849
5	39	0.97652
7	39	0.95427
8	39	0.76131
9	39	0.94613
10	39	0.801
11	39	0.90444
12	39	0.98679
13	39	0.96881
14	39	0.93122
15	39	0.99063
16	39	0.87872
17	39	0.92664
18	39	0.94483
19	39	0.94201
21	39	0.97968
22	39	0.94589
23	39	0.92208
24	39	0.97119
26	39	0.88429
29	39	0.94851
33	39	0.96339
34	39	0.92233
35	39	0.897
36	39	0.95758
37	39	0.95746
40	39	0.93616
43	39	0.97241
46	39	0.98216
47	39	0.9927
48	39	0.9659
49	39	0.85303
50	39	0.81251
52	39	0.94811
53	39	0.93533
54	39	0.92918
56	39	0.8206
57	39	0.92481
72	39	0.97018
73	39	0.91021
74	39	0.97361
78	39	0.97609
81	39	0.98614
85	39	0.97095
93	39	0.95202
96	39	0.97663
101	39	0.98447
103	39	0.92328
105	39	0.98139
106	39	0.97629
111	39	0.97883
114	39	0.9376
124	39	0.98522
130	39	0.99782
132	39	0.96471
133	39	0.98517
140	39	0.9594
141	39	0.96967
143	39	0.99125
148	39	0.98255
149	39	0.87133
150	39	0.98735
2	40	0.96197
7	40	0.99005
9	40	0.88569
10	40	0.64651
11	40	0.78798
12	40	0.97812
13	40	0.97551
15	40	0.95775
19	40	0.98669
20	40	0.97516
23	40	0.96217
24	40	0.98942
26	40	0.76468
31	40	0.95005
33	40	0.97303
34	40	0.97102
35	40	0.7848
36	40	0.97524
39	40	0.93616
41	40	0.95331
42	40	0.95474
43	40	0.96527
46	40	0.98144
47	40	0.95112
48	40	0.96779
53	40	0.97365
54	40	0.95709
56	40	0.74029
57	40	0.81953
65	40	0.94951
67	40	0.96192
73	40	0.81503
74	40	0.97684
78	40	0.98352
80	40	0.95662
81	40	0.95637
84	40	0.9753
85	40	0.98118
93	40	0.9745
96	40	0.98167
99	40	0.9594
100	40	0.96129
101	40	0.94834
102	40	0.95974
103	40	0.96527
104	40	0.96152
105	40	0.97657
106	40	0.97037
111	40	0.91834
113	40	0.96188
114	40	0.97728
116	40	0.94952
128	40	0.95416
130	40	0.92729
132	40	0.98085
133	40	0.95169
136	40	0.96016
140	40	0.97933
141	40	0.98606
143	40	0.93514
144	40	0.97424
147	40	0.96168
148	40	0.91375
150	40	0.96068
2	41	0.99669
7	41	0.96825
13	41	0.97127
19	41	0.98461
20	41	0.99323
23	41	0.99469
28	41	0.99487
31	41	0.99797
32	41	0.9942
33	41	0.97486
34	41	0.9908
36	41	0.97864
38	41	0.99727
40	41	0.95331
42	41	0.99879
43	41	0.96403
45	41	0.99864
48	41	0.97326
53	41	0.99076
54	41	0.98833
59	41	0.99045
65	41	0.99685
66	41	0.99833
67	41	0.99872
69	41	0.99853
74	41	0.95912
75	41	0.98843
76	41	0.99035
77	41	0.98882
80	41	0.9979
84	41	0.9957
85	41	0.96378
87	41	0.98957
88	41	0.99124
90	41	0.99562
93	41	0.98291
95	41	0.98961
96	41	0.95602
99	41	0.99595
100	41	0.99614
102	41	0.99277
103	41	0.99461
104	41	0.99881
106	41	0.96289
109	41	0.99355
110	41	0.99714
112	41	0.99588
113	41	0.99877
114	41	0.99039
116	41	0.99714
117	41	0.99156
125	41	0.9897
126	41	0.99142
128	41	0.99991
131	41	0.9921
132	41	0.97353
135	41	0.99232
136	41	0.99279
137	41	0.99165
139	41	0.98861
140	41	0.97593
141	41	0.96485
144	41	0.99538
145	41	0.99642
146	41	0.99164
147	41	0.99835
2	42	0.99812
7	42	0.9671
12	42	0.93901
13	42	0.97241
19	42	0.98626
20	42	0.9931
23	42	0.99478
28	42	0.99404
31	42	0.99791
32	42	0.99267
33	42	0.97496
34	42	0.99148
36	42	0.98019
38	42	0.99898
40	42	0.95474
41	42	0.99879
43	42	0.96676
45	42	0.99853
48	42	0.97475
53	42	0.99234
54	42	0.99039
59	42	0.98967
65	42	0.99705
66	42	0.99892
67	42	0.99817
69	42	0.99763
74	42	0.96132
75	42	0.98868
76	42	0.99037
77	42	0.98875
78	42	0.94154
80	42	0.99774
84	42	0.99562
85	42	0.96499
86	42	0.98787
87	42	0.98982
88	42	0.99071
90	42	0.99587
93	42	0.98366
95	42	0.98895
96	42	0.95782
99	42	0.99395
100	42	0.99699
102	42	0.99115
103	42	0.99524
104	42	0.99796
105	42	0.94344
106	42	0.96418
109	42	0.9925
110	42	0.99711
112	42	0.99612
113	42	0.99704
114	42	0.99039
116	42	0.99837
117	42	0.99068
125	42	0.98914
126	42	0.99016
128	42	0.99885
131	42	0.99102
132	42	0.9741
135	42	0.99084
136	42	0.99324
137	42	0.99031
140	42	0.9755
141	42	0.96435
144	42	0.99438
145	42	0.99725
146	42	0.99087
147	42	0.99698
2	43	0.9755
3	43	0.57431
4	43	0.75702
5	43	0.91062
7	43	0.98104
8	43	0.60732
9	43	0.86662
12	43	0.98897
13	43	0.99751
14	43	0.82323
15	43	0.97972
16	43	0.7465
17	43	0.81835
18	43	0.85048
19	43	0.98874
20	43	0.9783
21	43	0.914
22	43	0.84778
23	43	0.98436
24	43	0.97254
29	43	0.86414
33	43	0.99601
34	43	0.97865
36	43	0.99427
37	43	0.87042
38	43	0.96307
39	43	0.97241
40	43	0.96527
41	43	0.96403
42	43	0.96676
46	43	0.9755
47	43	0.97985
48	43	0.99851
49	43	0.71517
50	43	0.66268
52	43	0.85669
53	43	0.99017
54	43	0.98955
65	43	0.96881
66	43	0.96353
67	43	0.97486
69	43	0.96031
72	43	0.89077
74	43	0.99209
78	43	0.98058
81	43	0.95113
84	43	0.96899
85	43	0.99208
93	43	0.99358
96	43	0.99195
100	43	0.95529
101	43	0.9464
103	43	0.98399
104	43	0.96978
105	43	0.98674
106	43	0.9975
111	43	0.91776
113	43	0.96149
114	43	0.98843
116	43	0.97194
124	43	0.92189
128	43	0.96424
130	43	0.95764
132	43	0.99426
133	43	0.95737
136	43	0.98542
140	43	0.9927
141	43	0.99087
143	43	0.95048
144	43	0.97528
147	43	0.97483
148	43	0.92237
149	43	0.73545
150	43	0.98186
6	44	0.99674
25	44	0.99899
27	44	0.99961
28	44	0.99409
30	44	0.99951
31	44	0.98951
32	44	0.99665
45	44	0.99069
51	44	0.98983
55	44	0.99863
58	44	0.99398
59	44	0.99908
60	44	0.99683
61	44	0.99484
62	44	0.99067
63	44	0.99791
64	44	0.99867
68	44	0.9933
69	44	0.9885
70	44	0.9904
71	44	0.99973
75	44	0.99944
76	44	0.99878
77	44	0.99938
79	44	0.99766
82	44	0.99695
83	44	0.99944
86	44	0.99921
87	44	0.9986
88	44	0.99534
89	44	0.99916
90	44	0.9942
91	44	0.99949
92	44	0.99952
94	44	0.99917
95	44	0.99923
97	44	0.99603
98	44	0.99327
107	44	0.9984
108	44	0.99925
109	44	0.99772
110	44	0.99377
112	44	0.99271
115	44	0.9951
117	44	0.99873
118	44	0.97697
119	44	0.99517
120	44	0.99232
121	44	0.98679
122	44	0.99783
123	44	0.98081
125	44	0.9991
126	44	0.99835
127	44	0.99856
129	44	0.99437
131	44	0.99594
134	44	0.99568
135	44	0.99684
137	44	0.99746
138	44	0.99622
139	44	0.99918
142	44	0.99429
145	44	0.99297
146	44	0.99829
2	45	0.99534
19	45	0.97725
20	45	0.9888
23	45	0.99084
25	45	0.99168
28	45	0.99683
31	45	0.99802
32	45	0.99693
33	45	0.96559
34	45	0.98725
36	45	0.97129
38	45	0.99849
41	45	0.99864
42	45	0.99853
44	45	0.99069
48	45	0.9646
53	45	0.98546
54	45	0.9838
59	45	0.99466
65	45	0.99579
66	45	0.99843
67	45	0.99578
69	45	0.99848
75	45	0.99378
76	45	0.99462
77	45	0.99372
80	45	0.99733
83	45	0.99095
84	45	0.99231
86	45	0.99289
87	45	0.9939
88	45	0.9933
89	45	0.99171
90	45	0.99782
93	45	0.97581
95	45	0.99408
99	45	0.99402
100	45	0.99617
102	45	0.99107
103	45	0.99095
104	45	0.99655
109	45	0.99669
110	45	0.99857
112	45	0.99709
113	45	0.99625
114	45	0.98377
116	45	0.99606
117	45	0.99542
125	45	0.99423
126	45	0.99486
128	45	0.99853
131	45	0.99405
134	45	0.99119
135	45	0.99476
136	45	0.98797
137	45	0.99446
139	45	0.99298
144	45	0.99066
145	45	0.99846
146	45	0.99501
147	45	0.99445
2	46	0.93902
3	46	0.64758
4	46	0.85228
5	46	0.96338
7	46	0.98557
8	46	0.71598
9	46	0.94587
10	46	0.75922
11	46	0.87352
12	46	0.99683
13	46	0.98066
14	46	0.89016
15	46	0.9917
16	46	0.82904
17	46	0.89788
18	46	0.92227
19	46	0.97252
20	46	0.956
21	46	0.96266
22	46	0.91356
23	46	0.94505
24	46	0.99603
26	46	0.85875
29	46	0.93192
33	46	0.97474
34	46	0.95607
35	46	0.87431
36	46	0.97616
37	46	0.93714
39	46	0.98216
40	46	0.98144
43	46	0.9755
47	46	0.98381
48	46	0.97443
49	46	0.81533
50	46	0.77248
52	46	0.92204
53	46	0.96001
54	46	0.94462
56	46	0.81758
57	46	0.9026
67	46	0.93575
72	46	0.93583
73	46	0.89527
74	46	0.98902
78	46	0.99633
81	46	0.99073
84	46	0.94435
85	46	0.98891
93	46	0.97037
96	46	0.99262
101	46	0.98922
103	46	0.94972
105	46	0.99529
106	46	0.98331
111	46	0.97119
114	46	0.96439
124	46	0.95284
130	46	0.97981
132	46	0.98324
133	46	0.99003
136	46	0.94194
140	46	0.97864
141	46	0.98922
143	46	0.98498
144	46	0.95046
147	46	0.93469
148	46	0.97019
149	46	0.80165
150	46	0.98961
2	47	0.93218
3	47	0.71413
4	47	0.85363
5	47	0.96302
7	47	0.97176
8	47	0.73222
9	47	0.93021
10	47	0.77271
11	47	0.88211
12	47	0.98935
13	47	0.98231
14	47	0.90377
15	47	0.99356
16	47	0.8429
17	47	0.90313
18	47	0.92187
19	47	0.95902
20	47	0.94599
21	47	0.96428
22	47	0.92018
23	47	0.94732
24	47	0.97699
26	47	0.8529
29	47	0.93299
33	47	0.98059
34	47	0.94769
35	47	0.86988
36	47	0.97345
37	47	0.93471
39	47	0.9927
40	47	0.95112
43	47	0.97985
46	47	0.98381
48	47	0.97772
49	47	0.82407
50	47	0.7801
52	47	0.92792
53	47	0.95398
54	47	0.94578
56	47	0.79258
57	47	0.90138
67	47	0.92919
72	47	0.95633
73	47	0.88557
74	47	0.98437
78	47	0.98676
81	47	0.98354
85	47	0.98364
93	47	0.97152
96	47	0.98639
101	47	0.98038
103	47	0.94744
105	47	0.98769
106	47	0.9864
111	47	0.96858
114	47	0.95772
124	47	0.97469
130	47	0.98531
132	47	0.97879
133	47	0.98679
136	47	0.94109
140	47	0.97161
141	47	0.98269
143	47	0.98222
144	47	0.94025
147	47	0.93003
148	47	0.97345
149	47	0.82776
150	47	0.9953
2	48	0.9831
5	48	0.90565
7	48	0.98675
12	48	0.98756
13	48	0.99891
15	48	0.97975
18	48	0.84321
19	48	0.99224
20	48	0.98654
21	48	0.90607
22	48	0.83785
23	48	0.98974
24	48	0.97284
29	48	0.85977
33	48	0.99778
34	48	0.98701
36	48	0.998
37	48	0.86185
38	48	0.97037
39	48	0.9659
40	48	0.96779
41	48	0.97326
42	48	0.97475
43	48	0.99851
45	48	0.9646
46	48	0.97443
47	48	0.97772
52	48	0.84983
53	48	0.99401
54	48	0.99158
65	48	0.97461
66	48	0.97082
67	48	0.98222
69	48	0.96875
72	48	0.8821
74	48	0.99453
78	48	0.98272
80	48	0.96366
81	48	0.94799
84	48	0.9774
85	48	0.99498
93	48	0.99707
96	48	0.99319
100	48	0.96416
101	48	0.94492
103	48	0.99059
104	48	0.97924
105	48	0.98731
106	48	0.99856
111	48	0.91183
113	48	0.97064
114	48	0.99386
116	48	0.97793
124	48	0.9138
128	48	0.97351
130	48	0.95024
132	48	0.99745
133	48	0.95844
136	48	0.98901
140	48	0.99591
141	48	0.99333
143	48	0.94729
144	48	0.9839
147	48	0.98192
148	48	0.91698
149	48	0.71611
150	48	0.98193
3	49	0.85467
4	49	0.99394
5	49	0.9381
7	49	0.72792
8	49	0.9672
9	49	0.95011
10	49	0.99227
11	49	0.98066
12	49	0.79284
13	49	0.71974
14	49	0.98155
15	49	0.83131
16	49	0.99267
17	49	0.9835
18	49	0.97346
21	49	0.93363
22	49	0.97395
24	49	0.78617
26	49	0.98708
29	49	0.96594
35	49	0.98931
37	49	0.96134
39	49	0.85303
43	49	0.71517
46	49	0.81533
47	49	0.82407
