3	2	0.94581
4	2	0.96361
5	2	0.95317
7	2	0.97412
8	2	0.95705
10	2	0.94919
12	2	0.95123
13	2	0.97462
14	2	0.9612
15	2	0.97011
17	2	0.95822
18	2	0.95333
19	2	0.96797
20	2	0.97804
23	2	0.94937
24	2	0.97463
25	2	0.99198
27	2	0.92238
28	2	0.9418
30	2	0.98403
32	2	0.96717
33	2	0.92707
34	2	0.96451
36	2	0.89437
38	2	0.95502
40	2	0.94472
41	2	0.95366
42	2	0.92015
43	2	0.92016
44	2	0.97519
45	2	0.91669
48	2	0.97609
52	2	0.922
54	2	0.95067
55	2	0.95847
58	2	0.96634
59	2	0.96092
60	2	0.9555
62	2	0.97351
63	2	0.90029
64	2	0.95348
66	2	0.92423
68	2	0.94982
71	2	0.9361
72	2	0.97686
73	2	0.97116
75	2	0.97133
76	2	0.96062
77	2	0.97944
78	2	0.94556
79	2	0.95268
80	2	0.97397
82	2	0.95022
83	2	0.94889
84	2	0.95164
85	2	0.95361
86	2	0.96064
87	2	0.99179
88	2	0.91686
89	2	0.95453
90	2	0.94096
91	2	0.97831
92	2	0.9342
94	2	0.96013
96	2	0.95513
97	2	0.92202
98	2	0.97279
106	2	0.96928
107	2	0.93268
108	2	0.96165
109	2	0.94919
111	2	0.9343
112	2	0.97635
113	2	0.95269
114	2	0.99014
115	2	0.90208
118	2	0.96594
119	2	0.94755
121	2	0.9578
123	2	0.95645
124	2	0.9604
125	2	0.89948
127	2	0.93224
128	2	0.95742
132	2	0.98328
133	2	0.94333
134	2	0.945
135	2	0.9378
137	2	0.9221
138	2	0.98881
139	2	0.96835
141	2	0.96232
142	2	0.97109
150	2	0.97658
2	3	0.94581
5	3	0.95354
7	3	0.96241
8	3	0.9463
10	3	0.95798
12	3	0.92941
13	3	0.93682
14	3	0.94647
15	3	0.94562
18	3	0.92829
19	3	0.93634
20	3	0.94261
24	3	0.94186
25	3	0.93957
32	3	0.92488
33	3	0.93287
38	3	0.93827
41	3	0.92725
44	3	0.92545
47	3	0.92791
49	3	0.91478
50	3	0.93395
57	3	0.93639
59	3	0.92765
62	3	0.95566
72	3	0.95968
73	3	0.92935
75	3	0.94018
77	3	0.95654
79	3	0.9298
80	3	0.95718
83	3	0.927
87	3	0.93196
94	3	0.93992
96	3	0.93102
98	3	0.95046
102	3	0.93451
104	3	0.94241
106	3	0.94699
112	3	0.94147
113	3	0.94059
114	3	0.96435
123	3	0.93055
124	3	0.93384
128	3	0.92577
132	3	0.94829
133	3	0.92859
138	3	0.94028
139	3	0.94289
141	3	0.94357
150	3	0.93702
2	4	0.96361
5	4	0.95746
7	4	0.95182
8	4	0.94841
9	4	0.92137
11	4	0.93172
12	4	0.95203
14	4	0.95332
15	4	0.95708
16	4	0.95102
17	4	0.9662
18	4	0.95377
19	4	0.94977
20	4	0.97893
22	4	0.91525
23	4	0.96458
24	4	0.97989
25	4	0.96878
26	4	0.97368
27	4	0.93157
28	4	0.95813
29	4	0.94478
30	4	0.95395
32	4	0.96129
34	4	0.9552
35	4	0.89204
36	4	0.89571
37	4	0.96071
40	4	0.97541
42	4	0.93224
43	4	0.92328
45	4	0.90861
46	4	0.95052
47	4	0.95064
48	4	0.95178
50	4	0.95125
51	4	0.80237
52	4	0.91831
55	4	0.98512
60	4	0.95961
66	4	0.95801
72	4	0.95158
73	4	0.97547
74	4	0.91004
76	4	0.96318
77	4	0.95704
78	4	0.94832
80	4	0.95283
81	4	0.90126
84	4	0.96857
85	4	0.97397
87	4	0.95562
96	4	0.96115
97	4	0.95365
100	4	0.95631
101	4	0.94896
103	4	0.88857
107	4	0.92773
110	4	0.94389
111	4	0.93359
114	4	0.96427
116	4	0.93982
128	4	0.96449
133	4	0.94431
134	4	0.96009
138	4	0.96131
141	4	0.9553
142	4	0.96448
143	4	0.96834
144	4	0.88495
150	4	0.94832
2	5	0.95317
3	5	0.95354
4	5	0.95746
7	5	0.98657
8	5	0.97324
9	5	0.94812
10	5	0.98212
11	5	0.9762
12	5	0.93899
14	5	0.97593
15	5	0.98696
16	5	0.97847
17	5	0.94704
18	5	0.98336
19	5	0.9768
20	5	0.98427
21	5	0.93766
22	5	0.91875
24	5	0.9822
25	5	0.9591
26	5	0.93033
28	5	0.94749
29	5	0.90536
32	5	0.96668
33	5	0.92483
34	5	0.95698
35	5	0.92577
37	5	0.96707
40	5	0.95981
41	5	0.95033
44	5	0.95274
46	5	0.97467
47	5	0.97417
48	5	0.95797
49	5	0.92088
50	5	0.97841
52	5	0.94532
56	5	0.96341
57	5	0.97075
60	5	0.95332
66	5	0.92191
72	5	0.95295
73	5	0.97709
77	5	0.9695
78	5	0.97565
80	5	0.95229
84	5	0.98957
85	5	0.95762
87	5	0.94946
96	5	0.973
98	5	0.96185
100	5	0.93177
101	5	0.96963
102	5	0.9694
103	5	0.90725
104	5	0.9688
105	5	0.91462
106	5	0.97444
110	5	0.95686
114	5	0.97198
116	5	0.96524
133	5	0.96038
134	5	0.96275
141	5	0.97454
143	5	0.94077
144	5	0.92241
150	5	0.95375
13	6	0.95878
25	6	0.94744
27	6	0.93843
30	6	0.96638
39	6	0.86926
41	6	0.93879
43	6	0.92861
54	6	0.98052
59	6	0.94505
60	6	0.93821
63	6	0.93251
65	6	0.97482
68	6	0.98506
70	6	0.97001
71	6	0.93253
72	6	0.94659
75	6	0.94477
80	6	0.94424
82	6	0.96869
83	6	0.94193
86	6	0.95499
88	6	0.93971
89	6	0.95921
90	6	0.9314
91	6	0.94799
92	6	0.92699
98	6	0.95422
99	6	0.9597
109	6	0.96621
111	6	0.95872
112	6	0.95731
113	6	0.95874
115	6	0.97188
117	6	0.96453
118	6	0.97039
119	6	0.98821
120	6	0.94247
121	6	0.93646
122	6	0.97111
124	6	0.95936
125	6	0.93605
127	6	0.95212
130	6	0.99129
131	6	0.96392
132	6	0.96402
135	6	0.97914
136	6	0.96748
137	6	0.92296
139	6	0.95768
142	6	0.95989
145	6	0.95499
146	6	0.94851
147	6	0.98441
148	6	0.97367
149	6	0.67736
150	6	0.93791
2	7	0.97412
3	7	0.96241
4	7	0.95182
5	7	0.98657
8	7	0.97398
9	7	0.92038
10	7	0.99067
11	7	0.95906
13	7	0.98074
14	7	0.97482
15	7	0.99244
16	7	0.96879
17	7	0.93866
18	7	0.97893
19	7	0.98146
20	7	0.98465
24	7	0.98882
25	7	0.98269
30	7	0.9475
32	7	0.97945
34	7	0.95263
35	7	0.89967
37	7	0.9515
38	7	0.9394
41	7	0.98001
44	7	0.97402
46	7	0.95566
47	7	0.97953
48	7	0.96699
49	7	0.95005
50	7	0.95557
52	7	0.92985
56	7	0.95647
57	7	0.95945
58	7	0.93094
60	7	0.96537
62	7	0.95789
64	7	0.97653
72	7	0.97252
73	7	0.97992
75	7	0.9569
77	7	0.9755
78	7	0.97812
80	7	0.96687
83	7	0.96999
84	7	0.97263
86	7	0.95895
87	7	0.97063
90	7	0.93269
91	7	0.96134
96	7	0.96274
98	7	0.98722
99	7	0.9475
101	7	0.957
102	7	0.96686
103	7	0.87068
104	7	0.98409
105	7	0.93803
106	7	0.98807
108	7	0.93739
110	7	0.94247
111	7	0.95704
112	7	0.95809
113	7	0.96048
114	7	0.97871
116	7	0.94992
117	7	0.95359
118	7	0.953
121	7	0.97372
122	7	0.94839
132	7	0.96607
133	7	0.97328
134	7	0.96232
138	7	0.95325
139	7	0.97137
141	7	0.97665
143	7	0.91856
144	7	0.88788
146	7	0.93765
148	7	0.90069
150	7	0.9817
2	8	0.95705
3	8	0.9463
4	8	0.94841
5	8	0.97324
7	8	0.97398
9	8	0.96505
10	8	0.97915
11	8	0.9766
14	8	0.98918
15	8	0.98221
16	8	0.97582
18	8	0.98692
19	8	0.99035
20	8	0.98517
21	8	0.95382
22	8	0.92145
24	8	0.97308
25	8	0.95603
28	8	0.94298
29	8	0.90432
32	8	0.98312
34	8	0.97498
35	8	0.95135
37	8	0.9609
38	8	0.94547
40	8	0.95369
41	8	0.94822
44	8	0.95312
46	8	0.97706
47	8	0.97953
48	8	0.98116
50	8	0.97583
52	8	0.96859
56	8	0.95478
57	8	0.96732
58	8	0.92599
64	8	0.95255
73	8	0.98561
77	8	0.96151
78	8	0.9683
84	8	0.97333
85	8	0.94895
87	8	0.96821
96	8	0.97864
100	8	0.92866
101	8	0.98285
102	8	0.95244
103	8	0.93071
104	8	0.95431
105	8	0.93639
106	8	0.9839
110	8	0.97653
114	8	0.96563
116	8	0.97874
141	8	0.97105
143	8	0.95277
144	8	0.94143
150	8	0.94973
4	9	0.92137
5	9	0.94812
7	9	0.92038
8	9	0.96505
10	9	0.93708
11	9	0.98283
12	9	0.91268
14	9	0.97369
15	9	0.93928
16	9	0.96129
18	9	0.96991
19	9	0.96284
20	9	0.95412
21	9	0.97575
22	9	0.96187
24	9	0.92729
26	9	0.91816
28	9	0.93754
29	9	0.93609
32	9	0.95415
34	9	0.97266
35	9	0.99423
37	9	0.94604
40	9	0.94202
46	9	0.98146
47	9	0.9468
48	9	0.95714
50	9	0.97546
52	9	0.98962
56	9	0.93179
57	9	0.96564
73	9	0.95529
77	9	0.91565
78	9	0.9288
84	9	0.96676
85	9	0.94427
87	9	0.91676
96	9	0.96098
100	9	0.93354
101	9	0.98511
102	9	0.91957
103	9	0.99044
105	9	0.91267
106	9	0.94563
110	9	0.99396
114	9	0.91597
116	9	0.99006
141	9	0.92806
143	9	0.97137
144	9	0.99299
2	10	0.94919
3	10	0.95798
5	10	0.98212
7	10	0.99067
8	10	0.97915
9	10	0.93708
11	10	0.97151
13	10	0.96313
14	10	0.98108
15	10	0.98769
16	10	0.96933
18	10	0.98099
19	10	0.98144
20	10	0.97768
24	10	0.9781
25	10	0.95967
32	10	0.98005
34	10	0.9483
35	10	0.9251
37	10	0.94659
41	10	0.97379
44	10	0.95936
46	10	0.96128
47	10	0.98619
48	10	0.96044
49	10	0.95308
50	10	0.96148
52	10	0.9387
56	10	0.97271
57	10	0.97716
64	10	0.97455
72	10	0.95312
73	10	0.97311
77	10	0.96169
78	10	0.9757
83	10	0.96558
84	10	0.96554
87	10	0.95151
90	10	0.91999
96	10	0.96149
98	10	0.96624
101	10	0.96731
102	10	0.96602
103	10	0.89507
104	10	0.98751
105	10	0.95339
106	10	0.98865
110	10	0.95207
111	10	0.937
114	10	0.96038
116	10	0.96394
117	10	0.9434
121	10	0.96278
133	10	0.96462
134	10	0.94569
139	10	0.95698
141	10	0.97047
144	10	0.91384
146	10	0.91774
150	10	0.9673
4	11	0.93172
5	11	0.9762
7	11	0.95906
8	11	0.9766
9	11	0.98283
10	11	0.97151
14	11	0.98092
15	11	0.96897
16	11	0.97979
18	11	0.98769
19	11	0.97857
20	11	0.9705
21	11	0.95736
22	11	0.93451
24	11	0.95662
26	11	0.91352
28	11	0.93452
29	11	0.90851
32	11	0.96891
34	11	0.96566
35	11	0.97301
37	11	0.96155
40	11	0.94811
44	11	0.93953
46	11	0.98697
47	11	0.97484
48	11	0.96137
50	11	0.98082
52	11	0.97225
56	11	0.96491
57	11	0.98083
64	11	0.93234
73	11	0.9702
77	11	0.94386
78	11	0.96091
84	11	0.9815
85	11	0.9414
87	11	0.93102
96	11	0.96745
101	11	0.98496
102	11	0.95961
103	11	0.96061
104	11	0.94375
105	11	0.93858
106	11	0.97177
110	11	0.98211
114	11	0.93868
116	11	0.98536
133	11	0.92914
141	11	0.95774
143	11	0.95537
144	11	0.97132
2	12	0.95123
3	12	0.92941
4	12	0.95203
5	12	0.93899
9	12	0.91268
14	12	0.94789
17	12	0.95482
20	12	0.95974
21	12	0.96609
22	12	0.95981
23	12	0.94588
24	12	0.93946
25	12	0.93552
26	12	0.93992
28	12	0.99454
29	12	0.94396
31	12	0.92663
33	12	0.97196
34	12	0.94667
36	12	0.98171
38	12	0.9802
40	12	0.95358
42	12	0.99018
43	12	0.91493
45	12	0.96511
48	12	0.94281
50	12	0.9612
51	12	0.82119
52	12	0.92003
53	12	0.8572
55	12	0.95109
59	12	0.94942
61	12	0.88036
62	12	0.96429
66	12	0.98564
67	12	0.94598
69	12	0.9004
74	12	0.97204
76	12	0.99074
77	12	0.97246
79	12	0.98471
80	12	0.95324
81	12	0.90502
84	12	0.93931
85	12	0.98701
87	12	0.94033
93	12	0.94819
94	12	0.96664
95	12	0.76319
96	12	0.97067
97	12	0.95503
100	12	0.98134
101	12	0.94497
103	12	0.87302
107	12	0.96606
110	12	0.93306
112	12	0.93993
114	12	0.97708
116	12	0.93684
123	12	0.96556
126	12	0.77885
128	12	0.9653
129	12	0.74218
138	12	0.97271
140	12	0.86309
141	12	0.95526
143	12	0.92076
144	12	0.87374
2	13	0.97462
3	13	0.93682
6	13	0.95878
7	13	0.98074
10	13	0.96313
15	13	0.97193
19	13	0.95685
20	13	0.96488
24	13	0.97522
25	13	0.99067
30	13	0.96816
32	13	0.96618
41	13	0.98863
44	13	0.97355
47	13	0.96239
48	13	0.94883
49	13	0.94391
54	13	0.96477
56	13	0.91899
58	13	0.94481
59	13	0.95085
60	13	0.97146
62	13	0.96366
64	13	0.98618
65	13	0.9347
68	13	0.9824
70	13	0.94929
71	13	0.92681
72	13	0.97335
73	13	0.95817
75	13	0.97574
77	13	0.96583
78	13	0.96271
80	13	0.97169
82	13	0.98285
83	13	0.98505
86	13	0.98541
87	13	0.96721
89	13	0.96299
90	13	0.96585
91	13	0.98565
94	13	0.94312
98	13	0.99022
99	13	0.97096
102	13	0.94607
104	13	0.96669
105	13	0.93157
106	13	0.96962
108	13	0.96343
109	13	0.95489
111	13	0.96769
112	13	0.97947
113	13	0.97181
114	13	0.96373
115	13	0.9198
117	13	0.97989
118	13	0.99103
119	13	0.95666
120	13	0.93334
121	13	0.99226
122	13	0.98038
124	13	0.96376
127	13	0.94897
130	13	0.9555
131	13	0.96489
132	13	0.98065
133	13	0.96646
134	13	0.95749
135	13	0.94558
136	13	0.93638
137	13	0.92756
138	13	0.95964
139	13	0.98639
141	13	0.96547
142	13	0.95464
145	13	0.87609
146	13	0.961
147	13	0.95387
148	13	0.94359
150	13	0.98505
2	14	0.9612
3	14	0.94647
4	14	0.95332
5	14	0.97593
7	14	0.97482
8	14	0.98918
9	14	0.97369
10	14	0.98108
11	14	0.98092
12	14	0.94789
15	14	0.9802
16	14	0.97291
18	14	0.98617
19	14	0.9908
20	14	0.98775
21	14	0.96591
22	14	0.94259
24	14	0.97192
25	14	0.95661
26	14	0.91174
28	14	0.95667
29	14	0.90934
32	14	0.98754
33	14	0.92631
34	14	0.98635
35	14	0.95866
36	14	0.89974
37	14	0.95377
38	14	0.95713
40	14	0.95085
44	14	0.95887
46	14	0.97555
47	14	0.97714
48	14	0.98729
50	14	0.98363
52	14	0.98041
56	14	0.94725
57	14	0.98337
58	14	0.93817
64	14	0.9506
66	14	0.92992
73	14	0.98202
77	14	0.97063
78	14	0.96098
84	14	0.97586
85	14	0.95999
87	14	0.97014
96	14	0.98096
100	14	0.93549
101	14	0.98827
102	14	0.95561
103	14	0.94009
104	14	0.95628
105	14	0.94791
106	14	0.98755
110	14	0.98738
114	14	0.97311
116	14	0.98904
141	14	0.96917
143	14	0.95594
144	14	0.94877
150	14	0.95355
2	15	0.97011
3	15	0.94562
4	15	0.95708
5	15	0.98696
7	15	0.99244
8	15	0.98221
9	15	0.93928
10	15	0.98769
11	15	0.96897
13	15	0.97193
14	15	0.9802
16	15	0.97892
18	15	0.98608
19	15	0.98987
20	15	0.99199
21	15	0.92681
22	15	0.89269
24	15	0.98971
25	15	0.97839
26	15	0.91108
32	15	0.9847
33	15	0.92445
34	15	0.96223
35	15	0.92098
37	15	0.96511
38	15	0.94656
40	15	0.95624
41	15	0.97611
44	15	0.97243
46	15	0.97102
47	15	0.98653
48	15	0.97243
49	15	0.939
50	15	0.96642
52	15	0.94236
56	15	0.96263
57	15	0.96375
58	15	0.92548
60	15	0.96644
62	15	0.95197
64	15	0.97429
72	15	0.96399
73	15	0.98408
77	15	0.97615
78	15	0.98417
80	15	0.95894
83	15	0.9614
84	15	0.97936
85	15	0.94472
86	15	0.94432
87	15	0.96933
90	15	0.92016
91	15	0.95323
96	15	0.97353
98	15	0.97627
99	15	0.9366
101	15	0.96959
102	15	0.96917
103	15	0.89706
104	15	0.97924
105	15	0.9425
106	15	0.98906
110	15	0.95654
111	15	0.94397
114	15	0.97521
116	15	0.96367
117	15	0.94134
121	15	0.96918
133	15	0.96669
134	15	0.96433
139	15	0.96658
141	15	0.98008
143	15	0.93699
144	15	0.91095
146	15	0.91579
150	15	0.97638
4	16	0.95102
5	16	0.97847
7	16	0.96879
8	16	0.97582
9	16	0.96129
10	16	0.96933
11	16	0.97979
14	16	0.97291
15	16	0.97892
18	16	0.99545
19	16	0.98402
20	16	0.98078
21	16	0.94403
22	16	0.90745
24	16	0.97391
25	16	0.95139
26	16	0.93705
29	16	0.92505
32	16	0.97088
34	16	0.95794
35	16	0.94934
37	16	0.99086
40	16	0.97938
41	16	0.94545
44	16	0.94303
46	16	0.99388
47	16	0.9876
48	16	0.96679
50	16	0.9719
52	16	0.95239
56	16	0.97181
57	16	0.95496
60	16	0.95353
64	16	0.94855
73	16	0.97812
77	16	0.95447
78	16	0.98888
84	16	0.99094
85	16	0.94533
87	16	0.9523
96	16	0.98091
100	16	0.93877
101	16	0.97974
102	16	0.96615
103	16	0.93528
104	16	0.94383
105	16	0.9205
106	16	0.97373
110	16	0.96554
114	16	0.95103
116	16	0.96603
121	16	0.94368
134	16	0.96646
141	16	0.98005
143	16	0.96472
144	16	0.9474
2	17	0.95822
4	17	0.9662
5	17	0.94704
7	17	0.93866
12	17	0.95482
20	17	0.95123
23	17	0.97987
24	17	0.95585
25	17	0.95971
26	17	0.95374
27	17	0.96394
28	17	0.94397
29	17	0.91715
30	17	0.96149
31	17	0.90842
33	17	0.92881
36	17	0.89796
37	17	0.94622
40	17	0.96302
42	17	0.93993
43	17	0.95506
45	17	0.93565
51	17	0.85237
53	17	0.77706
55	17	0.97715
59	17	0.93707
60	17	0.96358
62	17	0.94857
66	17	0.93454
67	17	0.9196
69	17	0.90901
72	17	0.94695
73	17	0.93686
74	17	0.91091
75	17	0.9426
76	17	0.97331
77	17	0.95483
79	17	0.93934
80	17	0.97601
81	17	0.95671
84	17	0.94766
85	17	0.95832
87	17	0.93832
88	17	0.94283
93	17	0.92754
94	17	0.94025
95	17	0.69261
96	17	0.94241
97	17	0.96709
98	17	0.94668
100	17	0.94556
107	17	0.95874
109	17	0.94056
112	17	0.94803
113	17	0.93987
114	17	0.96585
123	17	0.94552
126	17	0.73526
128	17	0.97728
129	17	0.76503
132	17	0.96306
134	17	0.96812
138	17	0.9714
140	17	0.84911
141	17	0.95187
142	17	0.95871
2	18	0.95333
3	18	0.92829
4	18	0.95377
5	18	0.98336
7	18	0.97893
8	18	0.98692
9	18	0.96991
10	18	0.98099
11	18	0.98769
14	18	0.98617
15	18	0.98608
16	18	0.99545
19	18	0.99239
20	18	0.98794
21	18	0.95131
22	18	0.91883
24	18	0.97838
25	18	0.95955
26	18	0.92787
28	18	0.93864
29	18	0.9157
32	18	0.98497
34	18	0.97306
35	18	0.95845
37	18	0.98231
40	18	0.97135
41	18	0.95452
44	18	0.95904
46	18	0.99252
47	18	0.99034
48	18	0.98013
50	18	0.97784
52	18	0.96733
56	18	0.97146
57	18	0.96914
64	18	0.9608
73	18	0.98708
77	18	0.96466
78	18	0.98589
84	18	0.99156
85	18	0.95095
87	18	0.96336
96	18	0.98341
100	18	0.93598
101	18	0.98794
102	18	0.97139
103	18	0.94145
104	18	0.95604
105	18	0.94086
106	18	0.98721
110	18	0.97856
114	18	0.9626
116	18	0.97923
121	18	0.95188
133	18	0.94199
134	18	0.95833
141	18	0.98214
143	18	0.96433
144	18	0.95286
2	19	0.96797
3	19	0.93634
4	19	0.94977
5	19	0.9768
7	19	0.98146
8	19	0.99035
9	19	0.96284
10	19	0.98144
11	19	0.97857
13	19	0.95685
14	19	0.9908
15	19	0.98987
16	19	0.98402
18	19	0.99239
20	19	0.98899
21	19	0.95003
22	19	0.91444
24	19	0.97942
25	19	0.96799
26	19	0.90901
28	19	0.94007
29	19	0.90034
32	19	0.98756
34	19	0.9798
35	19	0.94763
37	19	0.96574
38	19	0.94713
40	19	0.95897
41	19	0.95568
44	19	0.96575
46	19	0.98086
47	19	0.9837
48	19	0.98796
50	19	0.97443
52	19	0.96942
56	19	0.9581
57	19	0.96652
58	19	0.93738
64	19	0.9657
73	19	0.98472
77	19	0.96892
78	19	0.97699
84	19	0.98028
85	19	0.94797
87	19	0.97934
96	19	0.98091
98	19	0.95277
101	19	0.98209
102	19	0.95938
103	19	0.9255
104	19	0.95682
105	19	0.94026
106	19	0.99075
108	19	0.92654
110	19	0.97538
114	19	0.97126
116	19	0.97513
121	19	0.95783
133	19	0.93842
134	19	0.94654
141	19	0.97657
143	19	0.95082
144	19	0.93791
150	19	0.95832
2	20	0.97804
3	20	0.94261
4	20	0.97893
5	20	0.98427
7	20	0.98465
8	20	0.98517
9	20	0.95412
10	20	0.97768
11	20	0.9705
12	20	0.95974
13	20	0.96488
14	20	0.98775
15	20	0.99199
16	20	0.98078
17	20	0.95123
18	20	0.98794
19	20	0.98899
21	20	0.95401
22	20	0.92829
23	20	0.94518
24	20	0.99253
25	20	0.98177
26	20	0.94377
28	20	0.96409
29	20	0.92591
32	20	0.99047
33	20	0.94211
34	20	0.9777
35	20	0.93371
36	20	0.90043
37	20	0.97614
38	20	0.96563
40	20	0.97649
41	20	0.96713
42	20	0.92661
44	20	0.96971
46	20	0.97863
47	20	0.98503
48	20	0.98295
49	20	0.9221
50	20	0.97961
52	20	0.95574
55	20	0.95247
56	20	0.95028
57	20	0.96212
58	20	0.93366
60	20	0.96448
62	20	0.96151
64	20	0.96169
66	20	0.94793
72	20	0.96321
73	20	0.99074
74	20	0.89126
75	20	0.95335
76	20	0.96446
77	20	0.98545
78	20	0.98052
79	20	0.94462
80	20	0.96462
83	20	0.94965
84	20	0.98584
85	20	0.97337
87	20	0.97726
91	20	0.94885
94	20	0.94381
96	20	0.98868
97	20	0.9152
98	20	0.96589
100	20	0.95419
101	20	0.98271
102	20	0.96726
103	20	0.91804
104	20	0.96645
105	20	0.93994
106	20	0.98576
110	20	0.97291
111	20	0.93243
113	20	0.9507
114	20	0.98561
116	20	0.97597
121	20	0.9578
128	20	0.95338
133	20	0.95895
134	20	0.96899
138	20	0.96721
139	20	0.96623
141	20	0.98663
142	20	0.94308
143	20	0.96248
144	20	0.92464
150	20	0.96923
5	21	0.93766
8	21	0.95382
9	21	0.97575
11	21	0.95736
12	21	0.96609
14	21	0.96591
15	21	0.92681
16	21	0.94403
18	21	0.95131
19	21	0.95003
20	21	0.95401
22	21	0.9874
26	21	0.92869
28	21	0.97938
29	21	0.95774
32	21	0.93807
33	21	0.93921
34	21	0.96338
35	21	0.9594
36	21	0.95431
37	21	0.94312
38	21	0.95634
40	21	0.95052
42	21	0.94323
46	21	0.96255
47	21	0.92979
48	21	0.9512
50	21	0.98278
52	21	0.96929
53	21	0.75792
57	21	0.94076
66	21	0.95371
73	21	0.93385
74	21	0.94225
76	21	0.94707
77	21	0.94289
79	21	0.93048
84	21	0.95105
85	21	0.97201
96	21	0.97589
100	21	0.97361
101	21	0.97783
102	21	0.92885
103	21	0.95867
106	21	0.93416
110	21	0.97595
114	21	0.94013
116	21	0.97697
141	21	0.94313
143	21	0.95113
144	21	0.95908
4	22	0.91525
5	22	0.91875
8	22	0.92145
9	22	0.96187
11	22	0.93451
12	22	0.95981
14	22	0.94259
15	22	0.89269
16	22	0.90745
18	22	0.91883
19	22	0.91444
20	22	0.92829
21	22	0.9874
26	22	0.93172
28	22	0.97734
29	22	0.95937
32	22	0.90671
33	22	0.9065
34	22	0.95275
35	22	0.93884
36	22	0.96452
37	22	0.90956
38	22	0.93129
40	22	0.92744
42	22	0.94476
46	22	0.93362
48	22	0.92521
50	22	0.96567
52	22	0.95709
53	22	0.77689
57	22	0.9252
66	22	0.95872
73	22	0.91182
74	22	0.95343
76	22	0.93345
77	22	0.91856
79	22	0.90894
84	22	0.93344
85	22	0.97255
96	22	0.94589
100	22	0.96564
101	22	0.95121
102	22	0.89357
103	22	0.94649
106	22	0.89759
110	22	0.96133
114	22	0.92035
116	22	0.95864
141	22	0.90438
143	22	0.93998
144	22	0.94102
2	23	0.94937
4	23	0.96458
12	23	0.94588
17	23	0.97987
20	23	0.94518
24	23	0.94659
25	23	0.95762
26	23	0.95074
27	23	0.98224
29	23	0.9155
30	23	0.96064
31	23	0.92271
33	23	0.93277
36	23	0.88887
37	23	0.94414
39	23	0.85864
40	23	0.96257
42	23	0.94609
43	23	0.97006
45	23	0.93611
51	23	0.87647
53	23	0.78937
54	23	0.95415
55	23	0.98295
59	23	0.95657
60	23	0.96673
61	23	0.85755
62	23	0.94651
63	23	0.90977
65	23	0.92402
66	23	0.94126
67	23	0.9348
69	23	0.92486
72	23	0.9374
74	23	0.91172
75	23	0.94849
76	23	0.96856
77	23	0.95283
79	23	0.94517
80	23	0.96717
81	23	0.96695
85	23	0.94866
88	23	0.95533
93	23	0.93839
94	23	0.95048
95	23	0.71709
96	23	0.93664
97	23	0.98252
100	23	0.94779
107	23	0.97083
109	23	0.95753
112	23	0.95568
113	23	0.94572
114	23	0.94975
119	23	0.95931
123	23	0.95358
126	23	0.74953
128	23	0.97999
129	23	0.78916
131	23	0.94229
132	23	0.95475
134	23	0.96712
138	23	0.96965
139	23	0.94609
140	23	0.85902
141	23	0.95075
142	23	0.96794
148	23	0.89841
2	24	0.97463
3	24	0.94186
4	24	0.97989
5	24	0.9822
7	24	0.98882
8	24	0.97308
9	24	0.92729
10	24	0.9781
11	24	0.95662
12	24	0.93946
13	24	0.97522
14	24	0.97192
15	24	0.98971
16	24	0.97391
17	24	0.95585
18	24	0.97838
19	24	0.97942
20	24	0.99253
23	24	0.94659
25	24	0.98671
26	24	0.93439
28	24	0.94334
29	24	0.90175
30	24	0.95535
32	24	0.98268
33	24	0.92565
34	24	0.95453
35	24	0.90447
37	24	0.97007
38	24	0.94709
40	24	0.96782
41	24	0.97918
44	24	0.96783
46	24	0.96602
47	24	0.98378
48	24	0.96533
49	24	0.9431
50	24	0.9627
52	24	0.9257
55	24	0.95265
56	24	0.94967
57	24	0.94883
60	24	0.97902
62	24	0.95603
64	24	0.96443
66	24	0.93
72	24	0.96847
73	24	0.985
75	24	0.95252
76	24	0.95155
77	24	0.97589
78	24	0.98259
80	24	0.9713
83	24	0.96345
84	24	0.97798
85	24	0.95396
87	24	0.97048
91	24	0.95082
96	24	0.97406
98	24	0.97986
99	24	0.94429
100	24	0.93194
101	24	0.96434
102	24	0.95763
103	24	0.88542
104	24	0.97656
105	24	0.92971
106	24	0.97682
109	24	0.94668
110	24	0.94807
111	24	0.96069
112	24	0.95937
113	24	0.96659
114	24	0.97792
116	24	0.95339
117	24	0.9472
121	24	0.96502
128	24	0.95751
132	24	0.9617
133	24	0.97183
134	24	0.97915
138	24	0.9621
139	24	0.97484
141	24	0.98189
142	24	0.95353
143	24	0.94664
144	24	0.89471
146	24	0.91783
148	24	0.90735
150	24	0.97575
2	25	0.99198
3	25	0.93957
4	25	0.96878
5	25	0.9591
6	25	0.94744
7	25	0.98269
8	25	0.95603
10	25	0.95967
12	25	0.93552
13	25	0.99067
14	25	0.95661
15	25	0.97839
16	25	0.95139
17	25	0.95971
18	25	0.95955
19	25	0.96799
20	25	0.98177
23	25	0.95762
24	25	0.98671
26	25	0.91134
27	25	0.93258
30	25	0.9846
32	25	0.97333
33	25	0.92362
34	25	0.94909
37	25	0.94648
38	25	0.94747
40	25	0.95016
41	25	0.97661
43	25	0.9228
44	25	0.97971
47	25	0.96299
48	25	0.96766
49	25	0.92894
54	25	0.96686
55	25	0.95739
56	25	0.91132
58	25	0.95075
59	25	0.95992
60	25	0.97769
62	25	0.97172
64	25	0.96965
65	25	0.91811
68	25	0.96659
70	25	0.93154
71	25	0.92495
72	25	0.98078
73	25	0.97566
75	25	0.97511
76	25	0.95112
77	25	0.97915
78	25	0.9646
79	25	0.94001
80	25	0.98071
81	25	0.89422
82	25	0.96779
83	25	0.96786
84	25	0.95616
86	25	0.96967
87	25	0.9842
88	25	0.91672
89	25	0.95525
90	25	0.94631
91	25	0.98059
92	25	0.92095
94	25	0.95569
96	25	0.95574
97	25	0.92013
98	25	0.98687
99	25	0.95483
102	25	0.94628
104	25	0.95771
105	25	0.91954
106	25	0.97179
107	25	0.92327
108	25	0.95541
109	25	0.96133
111	25	0.96109
112	25	0.98136
113	25	0.96993
114	25	0.98303
115	25	0.9175
117	25	0.95736
118	25	0.98037
119	25	0.96153
121	25	0.97709
122	25	0.95985
123	25	0.94917
124	25	0.95896
127	25	0.93386
128	25	0.96254
130	25	0.93008
131	25	0.95687
132	25	0.9873
133	25	0.96337
134	25	0.96663
135	25	0.94468
136	25	0.8992
137	25	0.91524
138	25	0.98194
139	25	0.98258
141	25	0.97269
142	25	0.97598
143	25	0.91835
145	25	0.85283
146	25	0.93295
147	25	0.93665
148	25	0.92391
150	25	0.98614
4	26	0.97368
5	26	0.93033
9	26	0.91816
11	26	0.91352
12	26	0.93992
14	26	0.91174
15	26	0.91108
16	26	0.93705
17	26	0.95374
18	26	0.92787
19	26	0.90901
20	26	0.94377
21	26	0.92869
22	26	0.93172
23	26	0.95074
24	26	0.93439
25	26	0.91134
28	26	0.95229
29	26	0.98442
32	26	0.90921
34	26	0.92611
35	26	0.88785
36	26	0.90142
37	26	0.96144
40	26	0.98068
42	26	0.93241
45	26	0.89678
46	26	0.94549
47	26	0.91073
48	26	0.91156
50	26	0.93913
51	26	0.8169
55	26	0.97049
60	26	0.9239
66	26	0.94955
73	26	0.93869
74	26	0.9376
76	26	0.94916
77	26	0.91788
78	26	0.91712
81	26	0.89288
84	26	0.95894
85	26	0.97262
96	26	0.94412
97	26	0.94898
100	26	0.97417
101	26	0.92884
103	26	0.90197
110	26	0.92514
114	26	0.92076
116	26	0.91664
128	26	0.9357
134	26	0.93765
138	26	0.9151
141	26	0.92627
143	26	0.97043
144	26	0.8931
2	27	0.92238
4	27	0.93157
6	27	0.93843
17	27	0.96394
23	27	0.98224
25	27	0.93258
30	27	0.96057
31	27	0.93225
39	27	0.88361
42	27	0.91155
43	27	0.98234
45	27	0.92936
51	27	0.91398
53	27	0.78243
54	27	0.95062
55	27	0.96789
59	27	0.94156
60	27	0.94265
61	27	0.87497
62	27	0.91913
63	27	0.9384
65	27	0.93513
67	27	0.92506
69	27	0.93185
72	27	0.9169
75	27	0.92348
76	27	0.93677
79	27	0.91426
80	27	0.9506
81	27	0.97805
82	27	0.91436
88	27	0.97316
93	27	0.93525
94	27	0.92873
95	27	0.74649
97	27	0.97683
98	27	0.91147
99	27	0.91354
107	27	0.96685
109	27	0.95599
112	27	0.93502
113	27	0.93068
114	27	0.9134
115	27	0.91307
119	27	0.97046
123	27	0.94127
125	27	0.89977
126	27	0.78394
128	27	0.96283
129	27	0.84663
131	27	0.92472
132	27	0.94173
134	27	0.9333
135	27	0.94076
138	27	0.94948
139	27	0.92168
140	27	0.87466
142	27	0.97145
145	27	0.84465
148	27	0.91128
2	28	0.9418
4	28	0.95813
5	28	0.94749
8	28	0.94298
9	28	0.93754
11	28	0.93452
12	28	0.99454
14	28	0.95667
17	28	0.94397
18	28	0.93864
19	28	0.94007
20	28	0.96409
21	28	0.97938
22	28	0.97734
24	28	0.94334
26	28	0.95229
29	28	0.95889
31	28	0.8975
33	28	0.9609
34	28	0.95548
35	28	0.90636
36	28	0.97762
37	28	0.94113
38	28	0.9754
40	28	0.95947
42	28	0.98465
45	28	0.94512
46	28	0.94208
48	28	0.94456
50	28	0.97543
51	28	0.79575
52	28	0.9356
53	28	0.83402
55	28	0.94797
57	28	0.92445
61	28	0.84361
62	28	0.9456
66	28	0.98985
67	28	0.9265
73	28	0.93852
74	28	0.97171
76	28	0.98253
77	28	0.96737
79	28	0.96816
84	28	0.95095
85	28	0.99247
93	28	0.92761
94	28	0.94815
95	28	0.72657
96	28	0.97443
97	28	0.94331
100	28	0.98647
101	28	0.95864
103	28	0.90496
107	28	0.9451
110	28	0.95071
114	28	0.96939
116	28	0.95426
123	28	0.944
126	28	0.74306
128	28	0.95796
138	28	0.95614
140	28	0.83702
141	28	0.95364
143	28	0.93924
144	28	0.90379
4	29	0.94478
5	29	0.90536
8	29	0.90432
9	29	0.93609
11	29	0.90851
12	29	0.94396
14	29	0.90934
16	29	0.92505
17	29	0.91715
18	29	0.9157
19	29	0.90034
20	29	0.92591
21	29	0.95774
22	29	0.95937
23	29	0.9155
24	29	0.90175
26	29	0.98442
28	29	0.95889
34	29	0.9264
35	29	0.9113
36	29	0.92765
37	29	0.9485
38	29	0.89735
40	29	0.97026
42	29	0.93691
46	29	0.94328
48	29	0.90603
50	29	0.9429
51	29	0.78542
52	29	0.91641
55	29	0.9407
66	29	0.94807
73	29	0.91516
74	29	0.96109
76	29	0.94307
77	29	0.89754
84	29	0.94102
85	29	0.96898
96	29	0.94559
97	29	0.92593
100	29	0.98405
101	29	0.93449
103	29	0.92927
110	29	0.93376
114	29	0.90108
116	29	0.92388
128	29	0.89873
134	29	0.9017
141	29	0.90912
143	29	0.96904
144	29	0.91846
2	30	0.98403
4	30	0.95395
6	30	0.96638
7	30	0.9475
13	30	0.96816
17	30	0.96149
23	30	0.96064
24	30	0.95535
25	30	0.9846
27	30	0.96057
31	30	0.893
39	30	0.85907
43	30	0.95759
44	30	0.95248
45	30	0.92077
51	30	0.82101
54	30	0.97643
55	30	0.96177
58	30	0.93775
59	30	0.96744
60	30	0.95667
61	30	0.84015
62	30	0.96116
63	30	0.9429
65	30	0.92691
67	30	0.90945
68	30	0.96512
70	30	0.94423
71	30	0.94366
72	30	0.97748
75	30	0.96423
76	30	0.94389
77	30	0.95553
79	30	0.93629
80	30	0.97494
81	30	0.91646
82	30	0.95565
86	30	0.95381
87	30	0.96347
88	30	0.9509
89	30	0.96324
90	30	0.93177
91	30	0.96721
92	30	0.94705
94	30	0.95722
97	30	0.93835
98	30	0.96856
99	30	0.93782
107	30	0.94569
108	30	0.94426
109	30	0.97136
111	30	0.95131
112	30	0.97593
113	30	0.96139
114	30	0.96799
115	30	0.94829
117	30	0.93832
118	30	0.96962
119	30	0.98203
120	30	0.92855
122	30	0.94431
123	30	0.96029
124	30	0.96783
125	30	0.93096
127	30	0.94276
128	30	0.96334
129	30	0.74099
130	30	0.93842
131	30	0.9505
132	30	0.98844
135	30	0.9722
136	30	0.89956
137	30	0.92379
138	30	0.98397
139	30	0.96656
140	30	0.82897
142	30	0.99306
145	30	0.89198
147	30	0.94787
148	30	0.92461
149	30	0.61074
150	30	0.96721
12	31	0.92663
17	31	0.90842
23	31	0.92271
27	31	0.93225
28	31	0.8975
30	31	0.893
33	31	0.91742
36	31	0.919
38	31	0.90575
39	31	0.95803
42	31	0.95314
43	31	0.95538
45	31	0.97359
51	31	0.93115
53	31	0.94447
55	31	0.8971
59	31	0.94256
61	31	0.98451
62	31	0.91428
63	31	0.95529
66	31	0.91316
67	31	0.98064
69	31	0.98096
71	31	0.90095
74	31	0.91583
75	31	0.89252
76	31	0.92751
79	31	0.94856
80	31	0.90815
81	31	0.93589
88	31	0.96863
92	31	0.92609
93	31	0.98109
94	31	0.94622
95	31	0.92033
97	31	0.95033
107	31	0.9804
109	31	0.91247
112	31	0.90306
120	31	0.90476
123	31	0.9622
125	31	0.92736
126	31	0.93622
128	31	0.93764
129	31	0.93403
132	31	0.89159
135	31	0.89346
138	31	0.92629
140	31	0.96787
142	31	0.89405
2	32	0.96717
3	32	0.92488
4	32	0.96129
5	32	0.96668
7	32	0.97945
8	32	0.98312
9	32	0.95415
10	32	0.98005
11	32	0.96891
13	32	0.96618
14	32	0.98754
15	32	0.9847
16	32	0.97088
18	32	0.98497
19	32	0.98756
20	32	0.99047
21	32	0.93807
22	32	0.90671
24	32	0.98268
25	32	0.97333
26	32	0.90921
34	32	0.9757
35	32	0.94316
37	32	0.9579
38	32	0.95045
40	32	0.95197
41	32	0.9721
44	32	0.97247
46	32	0.97025
47	32	0.98596
48	32	0.98441
49	32	0.93011
50	32	0.96445
52	32	0.95812
56	32	0.94883
57	32	0.96296
58	32	0.94263
64	32	0.97492
66	32	0.92132
73	32	0.98725
77	32	0.9706
78	32	0.9724
83	32	0.96327
84	32	0.97039
85	32	0.94609
87	32	0.97297
90	32	0.92938
91	32	0.95701
96	32	0.97407
98	32	0.95651
101	32	0.98127
102	32	0.95601
103	32	0.92294
104	32	0.97006
105	32	0.96696
106	32	0.98978
108	32	0.92654
110	32	0.97612
114	32	0.96808
116	32	0.97764
121	32	0.96672
133	32	0.95858
134	32	0.94557
139	32	0.9603
141	32	0.97332
143	32	0.95428
144	32	0.92876
150	32	0.97109
2	33	0.92707
3	33	0.93287
5	33	0.92483
12	33	0.97196
14	33	0.92631
15	33	0.92445
17	33	0.92881
20	33	0.94211
21	33	0.93921
22	33	0.9065
23	33	0.93277
24	33	0.92565
25	33	0.92362
28	33	0.9609
31	33	0.91742
36	33	0.93753
37	33	0.92801
38	33	0.98479
39	33	0.85954
40	33	0.9306
42	33	0.96202
45	33	0.9159
50	33	0.94312
53	33	0.85356
59	33	0.9578
61	33	0.88865
62	33	0.97667
66	33	0.94746
67	33	0.95843
69	33	0.91926
74	33	0.9208
75	33	0.96133
76	33	0.96705
77	33	0.97323
78	33	0.92717
79	33	0.9849
80	33	0.95811
81	33	0.90221
85	33	0.94311
93	33	0.9379
94	33	0.97498
95	33	0.7596
96	33	0.96241
97	33	0.91615
100	33	0.95046
101	33	0.92967
102	33	0.95699
106	33	0.92886
107	33	0.94588
112	33	0.95246
113	33	0.93231
114	33	0.9606
120	33	0.93307
123	33	0.9675
126	33	0.77049
128	33	0.95179
129	33	0.73468
131	33	0.92732
132	33	0.9292
134	33	0.93793
138	33	0.95419
139	33	0.9436
140	33	0.85333
141	33	0.96884
2	34	0.96451
4	34	0.9552
5	34	0.95698
7	34	0.95263
8	34	0.97498
9	34	0.97266
10	34	0.9483
11	34	0.96566
12	34	0.94667
14	34	0.98635
15	34	0.96223
16	34	0.95794
18	34	0.97306
19	34	0.9798
20	34	0.9777
21	34	0.96338
22	34	0.95275
24	34	0.95453
25	34	0.94909
26	34	0.92611
28	34	0.95548
29	34	0.9264
32	34	0.9757
35	34	0.95306
36	34	0.91165
37	34	0.94231
38	34	0.94022
40	34	0.95166
42	34	0.90892
44	34	0.95591
46	34	0.96484
47	34	0.94903
48	34	0.9911
50	34	0.96631
52	34	0.98834
57	34	0.95911
58	34	0.93796
66	34	0.9287
73	34	0.9803
74	34	0.88882
76	34	0.94027
77	34	0.95607
84	34	0.97133
85	34	0.9678
87	34	0.97377
96	34	0.96716
100	34	0.93934
101	34	0.97467
103	34	0.94114
105	34	0.92289
106	34	0.97011
110	34	0.98814
114	34	0.96539
116	34	0.97793
138	34	0.94161
141	34	0.94593
143	34	0.96476
144	34	0.94309
150	34	0.9403
4	35	0.89204
5	35	0.92577
7	35	0.89967
8	35	0.95135
9	35	0.99423
10	35	0.9251
11	35	0.97301
14	35	0.95866
15	35	0.92098
16	35	0.94934
18	35	0.95845
19	35	0.94763
20	35	0.93371
21	35	0.9594
22	35	0.93884
24	35	0.90447
26	35	0.88785
28	35	0.90636
29	35	0.9113
32	35	0.94316
34	35	0.95306
37	35	0.93258
40	35	0.92069
46	35	0.97267
47	35	0.93906
48	35	0.93741
50	35	0.95689
52	35	0.97864
56	35	0.93401
57	35	0.95329
73	35	0.93622
77	35	0.8884
78	35	0.91909
84	35	0.94706
85	35	0.91096
87	35	0.88919
96	35	0.94565
100	35	0.90869
101	35	0.97861
102	35	0.90297
103	35	0.99446
104	35	0.88719
105	35	0.90964
106	35	0.93224
110	35	0.98505
114	35	0.8847
116	35	0.98352
141	35	0.91021
143	35	0.95914
144	35	0.99792
2	36	0.89437
4	36	0.89571
12	36	0.98171
14	36	0.89974
17	36	0.89796
20	36	0.90043
21	36	0.95431
22	36	0.96452
23	36	0.88887
26	36	0.90142
28	36	0.97762
29	36	0.92765
31	36	0.919
33	36	0.93753
34	36	0.91165
38	36	0.95061
40	36	0.89901
42	36	0.98419
45	36	0.9651
48	36	0.89668
50	36	0.92305
51	36	0.82104
52	36	0.89165
53	36	0.89614
55	36	0.90406
59	36	0.90155
61	36	0.88364
62	36	0.91168
66	36	0.96853
67	36	0.92159
69	36	0.87457
74	36	0.98263
76	36	0.95628
77	36	0.92203
79	36	0.9576
80	36	0.88537
85	36	0.96329
87	36	0.8854
93	36	0.93622
94	36	0.92587
95	36	0.80494
96	36	0.92165
97	36	0.92087
100	36	0.95885
101	36	0.89644
107	36	0.93899
110	36	0.8962
114	36	0.92831
116	36	0.89528
123	36	0.92807
126	36	0.81026
128	36	0.91593
129	36	0.74506
138	36	0.92569
140	36	0.86574
141	36	0.88964
4	37	0.96071
5	37	0.96707
7	37	0.9515
8	37	0.9609
9	37	0.94604
10	37	0.94659
11	37	0.96155
14	37	0.95377
15	37	0.96511
16	37	0.99086
17	37	0.94622
18	37	0.98231
19	37	0.96574
20	37	0.97614
21	37	0.94312
22	37	0.90956
23	37	0.94414
24	37	0.97007
25	37	0.94648
26	37	0.96144
28	37	0.94113
29	37	0.9485
32	37	0.9579
33	37	0.92801
34	37	0.94231
35	37	0.93258
40	37	0.99353
41	37	0.93703
46	37	0.98835
47	37	0.97782
48	37	0.94799
50	37	0.9657
52	37	0.92842
55	37	0.93904
56	37	0.96019
57	37	0.92633
60	37	0.96319
73	37	0.9677
74	37	0.8858
76	37	0.94921
77	37	0.95191
78	37	0.98604
80	37	0.93685
84	37	0.98469
85	37	0.95364
96	37	0.98346
100	37	0.96214
101	37	0.97304
102	37	0.95811
103	37	0.92552
106	37	0.95252
110	37	0.95122
114	37	0.9461
116	37	0.95346
134	37	0.98008
141	37	0.98153
143	37	0.96914
144	37	0.93289
2	38	0.95502
3	38	0.93827
7	38	0.9394
8	38	0.94547
12	38	0.9802
14	38	0.95713
15	38	0.94656
19	38	0.94713
20	38	0.96563
21	38	0.95634
22	38	0.93129
24	38	0.94709
25	38	0.94747
28	38	0.9754
29	38	0.89735
31	38	0.90575
32	38	0.95045
33	38	0.98479
34	38	0.94022
36	38	0.95061
39	38	0.85591
42	38	0.96657
45	38	0.92741
47	38	0.93891
48	38	0.95073
50	38	0.96031
53	38	0.82402
58	38	0.94838
59	38	0.96975
61	38	0.87496
62	38	0.97948
66	38	0.96556
67	38	0.94813
69	38	0.88072
71	38	0.92741
72	38	0.9474
74	38	0.92307
75	38	0.95966
76	38	0.96816
77	38	0.98718
79	38	0.98669
80	38	0.95798
85	38	0.96429
87	38	0.94511
92	38	0.92583
93	38	0.91827
94	38	0.98215
95	38	0.73195
96	38	0.969
97	38	0.92033
100	38	0.95225
101	38	0.94946
102	38	0.95674
105	38	0.91384
106	38	0.95375
107	38	0.94488
108	38	0.92448
110	38	0.93222
112	38	0.96091
113	38	0.94257
114	38	0.97718
116	38	0.94323
120	38	0.93607
123	38	0.97251
126	38	0.74047
128	38	0.95821
132	38	0.94196
138	38	0.96937
139	38	0.95772
140	38	0.84463
141	38	0.9687
6	39	0.86926
23	39	0.85864
27	39	0.88361
30	39	0.85907
31	39	0.95803
33	39	0.85954
38	39	0.85591
42	39	0.86748
43	39	0.92733
45	39	0.89221
51	39	0.86211
53	39	0.88999
54	39	0.87266
59	39	0.92922
61	39	0.97007
62	39	0.87273
63	39	0.96626
67	39	0.95824
69	39	0.93831
70	39	0.89154
71	39	0.92469
75	39	0.86355
79	39	0.89127
80	39	0.86591
81	39	0.86255
88	39	0.95082
92	39	0.92696
93	39	0.90001
94	39	0.9185
95	39	0.89945
97	39	0.86726
107	39	0.91785
109	39	0.91037
112	39	0.88175
113	39	0.86915
119	39	0.87482
120	39	0.93107
123	39	0.93127
124	39	0.87465
125	39	0.96126
126	39	0.91395
128	39	0.89036
129	39	0.92078
131	39	0.89493
132	39	0.86713
135	39	0.90127
138	39	0.86925
140	39	0.96439
142	39	0.85927
147	39	0.85819
149	39	0.69708
2	40	0.94472
4	40	0.97541
5	40	0.95981
8	40	0.95369
9	40	0.94202
11	40	0.94811
12	40	0.95358
14	40	0.95085
15	40	0.95624
16	40	0.97938
17	40	0.96302
18	40	0.97135
19	40	0.95897
20	40	0.97649
21	40	0.95052
22	40	0.92744
23	40	0.96257
24	40	0.96782
25	40	0.95016
26	40	0.98068
28	40	0.95947
29	40	0.97026
32	40	0.95197
33	40	0.9306
34	40	0.95166
35	40	0.92069
36	40	0.89901
37	40	0.99353
42	40	0.93247
46	40	0.97899
47	40	0.96158
48	40	0.95191
50	40	0.96331
52	40	0.92983
55	40	0.96565
56	40	0.92893
60	40	0.95875
66	40	0.94375
73	40	0.96734
74	40	0.9214
76	40	0.96768
77	40	0.9551
78	40	0.97004
81	40	0.90535
84	40	0.98181
85	40	0.97292
87	40	0.94492
93	40	0.88517
96	40	0.98242
97	40	0.93932
100	40	0.97915
101	40	0.96613
102	40	0.94378
103	40	0.91889
106	40	0.9421
110	40	0.95084
114	40	0.9547
116	40	0.94796
128	40	0.94482
134	40	0.97437
138	40	0.94535
141	40	0.97407
143	40	0.97584
144	40	0.92071
2	41	0.95366
3	41	0.92725
5	41	0.95033
6	41	0.93879
7	41	0.98001
8	41	0.94822
10	41	0.97379
13	41	0.98863
15	41	0.97611
16	41	0.94545
18	41	0.95452
19	41	0.95568
20	41	0.96713
24	41	0.97918
25	41	0.97661
32	41	0.9721
37	41	0.93703
44	41	0.96185
47	41	0.9778
49	41	0.96797
54	41	0.94883
56	41	0.9466
60	41	0.97195
64	41	0.98977
65	41	0.9192
68	41	0.97004
72	41	0.96311
73	41	0.95718
75	41	0.96151
77	41	0.96074
78	41	0.97427
80	41	0.95917
82	41	0.97262
83	41	0.99173
86	41	0.96427
89	41	0.92787
90	41	0.94898
91	41	0.96536
98	41	0.98471
99	41	0.97142
102	41	0.95556
104	41	0.98516
105	41	0.94846
106	41	0.97222
108	41	0.93303
109	41	0.95028
111	41	0.97273
112	41	0.96333
113	41	0.97642
114	41	0.95156
117	41	0.98533
118	41	0.97129
120	41	0.9247
121	41	0.98984
122	41	0.97914
124	41	0.94042
130	41	0.94167
131	41	0.95992
132	41	0.95757
133	41	0.97504
134	41	0.96377
136	41	0.93063
139	41	0.98786
141	41	0.96904
146	41	0.95437
147	41	0.94247
148	41	0.94177
150	41	0.97657
2	42	0.92015
4	42	0.93224
12	42	0.99018
17	42	0.93993
20	42	0.92661
21	42	0.94323
22	42	0.94476
23	42	0.94609
26	42	0.93241
27	42	0.91155
28	42	0.98465
29	42	0.93691
31	42	0.95314
33	42	0.96202
34	42	0.90892
36	42	0.98419
38	42	0.96657
39	42	0.86748
40	42	0.93247
43	42	0.92856
45	42	0.97646
50	42	0.93013
51	42	0.86858
53	42	0.90483
55	42	0.94508
59	42	0.94362
61	42	0.91303
62	42	0.94208
66	42	0.98723
67	42	0.96207
69	42	0.9286
74	42	0.98405
75	42	0.91098
76	42	0.98072
77	42	0.94927
79	42	0.9781
80	42	0.93168
81	42	0.91369
85	42	0.97352
88	42	0.91635
93	42	0.96939
94	42	0.95799
95	42	0.82343
96	42	0.94141
97	42	0.96633
100	42	0.97578
107	42	0.97664
109	42	0.91442
112	42	0.91918
114	42	0.94833
123	42	0.96196
126	42	0.83639
128	42	0.96253
129	42	0.80015
138	42	0.95475
140	42	0.90178
141	42	0.92583
2	43	0.92016
4	43	0.92328
6	43	0.92861
12	43	0.91493
17	43	0.95506
23	43	0.97006
25	43	0.9228
27	43	0.98234
30	43	0.95759
31	43	0.95538
39	43	0.92733
42	43	0.92856
45	43	0.94989
51	43	0.92844
53	43	0.82864
54	43	0.95328
55	43	0.95539
59	43	0.95546
60	43	0.91495
61	43	0.90539
62	43	0.91871
63	43	0.96437
65	43	0.90449
66	43	0.91634
67	43	0.95094
69	43	0.93832
72	43	0.93177
74	43	0.87914
76	43	0.92915
77	43	0.91644
79	43	0.92251
80	43	0.94368
81	43	0.94817
88	43	0.97997
92	43	0.9159
93	43	0.93489
94	43	0.94248
95	43	0.79325
97	43	0.97102
107	43	0.9706
109	43	0.96442
112	43	0.93689
113	43	0.93264
114	43	0.91819
115	43	0.90508
119	43	0.95592
123	43	0.95454
125	43	0.92741
126	43	0.83025
128	43	0.97363
129	43	0.8732
131	43	0.93684
132	43	0.94648
135	43	0.93595
138	43	0.95095
139	43	0.91677
140	43	0.93245
142	43	0.96712
149	43	0.61924
2	44	0.97519
3	44	0.92545
5	44	0.95274
7	44	0.97402
8	44	0.95312
10	44	0.95936
11	44	0.93953
13	44	0.97355
14	44	0.95887
15	44	0.97243
16	44	0.94303
18	44	0.95904
19	44	0.96575
20	44	0.96971
24	44	0.96783
25	44	0.97971
30	44	0.95248
32	44	0.97247
34	44	0.95591
41	44	0.96185
47	44	0.95533
48	44	0.97234
52	44	0.9224
54	44	0.94932
57	44	0.94172
58	44	0.95077
64	44	0.96842
68	44	0.94751
72	44	0.9717
73	44	0.97447
77	44	0.96656
78	44	0.94171
83	44	0.95161
84	44	0.95194
86	44	0.96554
87	44	0.97155
89	44	0.94799
90	44	0.93853
91	44	0.97888
98	44	0.96904
102	44	0.95018
104	44	0.94933
105	44	0.95178
106	44	0.97653
108	44	0.94576
110	44	0.93412
111	44	0.94562
112	44	0.95374
114	44	0.96345
115	44	0.89283
117	44	0.94394
118	44	0.96233
121	44	0.96125
122	44	0.944
124	44	0.94928
127	44	0.92172
132	44	0.96444
133	44	0.96878
137	44	0.92202
138	44	0.94876
139	44	0.95821
141	44	0.95136
142	44	0.94136
146	44	0.91592
149	44	0.6161
150	44	0.98821
2	45	0.91669
4	45	0.90861
12	45	0.96511
17	45	0.93565
23	45	0.93611
26	45	0.89678
27	45	0.92936
28	45	0.94512
30	45	0.92077
31	45	0.97359
33	45	0.9159
36	45	0.9651
38	45	0.92741
39	45	0.89221
42	45	0.97646
43	45	0.94989
51	45	0.92373
53	45	0.90157
55	45	0.94449
59	45	0.93805
61	45	0.93728
62	45	0.92468
63	45	0.93232
66	45	0.94985
67	45	0.95059
69	45	0.93106
74	45	0.95987
75	45	0.89458
76	45	0.95999
77	45	0.9146
79	45	0.95894
80	45	0.91681
81	45	0.91849
85	45	0.94226
88	45	0.94081
92	45	0.92129
93	45	0.96826
94	45	0.94557
95	45	0.8528
97	45	0.9686
100	45	0.93044
107	45	0.98324
109	45	0.90375
112	45	0.90931
114	45	0.92895
123	45	0.95877
125	45	0.89939
126	45	0.86923
128	45	0.9465
129	45	0.85977
132	45	0.90589
138	45	0.95572
140	45	0.92354
142	45	0.92188
4	46	0.95052
5	46	0.97467
7	46	0.95566
8	46	0.97706
9	46	0.98146
10	46	0.96128
11	46	0.98697
14	46	0.97555
15	46	0.97102
16	46	0.99388
18	46	0.99252
19	46	0.98086
20	46	0.97863
21	46	0.96255
22	46	0.93362
24	46	0.96602
26	46	0.94549
28	46	0.94208
29	46	0.94328
32	46	0.97025
34	46	0.96484
35	46	0.97267
37	46	0.98835
40	46	0.97899
47	46	0.98107
48	46	0.96356
50	46	0.98135
