5	2	0.99083
6	2	0.99503
9	2	0.98824
12	2	0.99058
13	2	0.99649
14	2	0.98926
15	2	0.99103
16	2	0.99619
17	2	0.9937
19	2	0.99608
20	2	0.99569
21	2	0.98625
22	2	0.98554
23	2	0.96594
25	2	0.99422
27	2	0.99437
29	2	0.97212
31	2	0.99816
32	2	0.99015
33	2	0.99153
34	2	0.9496
36	2	0.97996
37	2	0.98963
38	2	0.99891
39	2	0.99255
40	2	0.98882
41	2	0.99525
42	2	0.99639
43	2	0.99526
44	2	0.98433
45	2	0.98654
46	2	0.99773
49	2	0.9908
50	2	0.97696
51	2	0.99722
52	2	0.99036
58	2	0.99643
59	2	0.99332
61	2	0.99624
63	2	0.99281
64	2	0.99519
65	2	0.97779
66	2	0.99038
68	2	0.99584
69	2	0.99318
70	2	0.99577
71	2	0.9982
74	2	0.98346
76	2	0.99501
77	2	0.99798
78	2	0.9951
79	2	0.99231
80	2	0.98917
82	2	0.98952
84	2	0.99809
85	2	0.99599
88	2	0.99146
90	2	0.99842
94	2	0.98709
95	2	0.99759
96	2	0.98842
99	2	0.99007
100	2	0.99862
101	2	0.99056
103	2	0.97961
106	2	0.97843
107	2	0.99972
108	2	0.99888
109	2	0.99085
111	2	0.98592
112	2	0.99065
115	2	0.99606
116	2	0.98975
117	2	0.99572
119	2	0.99829
121	2	0.98354
123	2	0.99229
125	2	0.9961
127	2	0.99715
128	2	0.99347
130	2	0.9979
132	2	0.99634
133	2	0.98883
134	2	0.99572
137	2	0.99065
138	2	0.99392
139	2	0.99532
140	2	0.99745
141	2	0.99616
144	2	0.98212
145	2	0.99513
146	2	0.99893
150	2	0.99347
4	3	0.97448
5	3	0.97751
6	3	0.95646
8	3	0.99155
9	3	0.97448
10	3	0.9966
12	3	0.97777
14	3	0.97102
18	3	0.98054
19	3	0.96425
20	3	0.95822
21	3	0.97455
24	3	0.96782
25	3	0.96643
26	3	0.98271
27	3	0.96919
29	3	0.98579
32	3	0.95412
36	3	0.98037
37	3	0.97747
45	3	0.97955
48	3	0.97495
50	3	0.98329
56	3	0.98699
57	3	0.99153
70	3	0.96802
73	3	0.9942
74	3	0.97883
77	3	0.95862
79	3	0.96354
80	3	0.9767
93	3	0.97999
96	3	0.9698
100	3	0.95132
101	3	0.97789
103	3	0.97622
108	3	0.95808
111	3	0.96159
116	3	0.96096
117	3	0.95409
127	3	0.95202
128	3	0.96279
130	3	0.95561
132	3	0.95752
134	3	0.95835
138	3	0.96744
139	3	0.97047
140	3	0.9634
141	3	0.96765
144	3	0.97953
149	3	0.89273
3	4	0.97448
5	4	0.99682
6	4	0.99426
8	4	0.98598
9	4	0.99149
10	4	0.97725
12	4	0.99584
14	4	0.99867
18	4	0.99544
19	4	0.99526
20	4	0.99576
21	4	0.98392
24	4	0.99909
25	4	0.99709
26	4	0.99457
27	4	0.98967
28	4	0.97247
29	4	0.98196
30	4	0.9931
31	4	0.98865
32	4	0.99311
34	4	0.95213
36	4	0.98223
37	4	0.99692
41	4	0.9926
45	4	0.99053
48	4	0.9991
50	4	0.98321
56	4	0.99081
57	4	0.98254
62	4	0.98689
70	4	0.98924
73	4	0.98827
74	4	0.98865
76	4	0.99138
77	4	0.98655
79	4	0.99761
80	4	0.99213
81	4	0.97846
87	4	0.98862
88	4	0.99081
93	4	0.99564
95	4	0.99053
101	4	0.9923
103	4	0.98058
108	4	0.99083
109	4	0.99436
111	4	0.99837
112	4	0.99243
113	4	0.97351
116	4	0.99769
117	4	0.99405
123	4	0.98707
128	4	0.99782
132	4	0.99181
134	4	0.99592
137	4	0.98826
138	4	0.9878
139	4	0.99437
140	4	0.98947
141	4	0.99101
143	4	0.98714
144	4	0.98318
148	4	0.99091
149	4	0.87999
2	5	0.99083
3	5	0.97751
4	5	0.99682
6	5	0.99296
8	5	0.99277
9	5	0.99777
10	5	0.9804
12	5	0.99952
14	5	0.99716
17	5	0.99053
18	5	0.99563
19	5	0.99796
20	5	0.99519
21	5	0.99355
24	5	0.99358
25	5	0.99714
26	5	0.9963
27	5	0.99525
29	5	0.98995
30	5	0.98344
31	5	0.99137
32	5	0.99002
34	5	0.96483
36	5	0.99159
37	5	0.9983
41	5	0.99093
45	5	0.9964
48	5	0.99497
50	5	0.99074
52	5	0.98642
56	5	0.99439
57	5	0.98844
70	5	0.99557
73	5	0.98908
74	5	0.99587
77	5	0.99323
79	5	0.99604
80	5	0.99785
93	5	0.99799
95	5	0.9921
96	5	0.99132
100	5	0.99283
101	5	0.99785
103	5	0.99152
107	5	0.99091
108	5	0.99533
109	5	0.99078
111	5	0.99326
116	5	0.99508
117	5	0.99294
128	5	0.9968
130	5	0.991
132	5	0.99284
134	5	0.99548
138	5	0.99387
139	5	0.99795
140	5	0.99556
141	5	0.99592
143	5	0.97879
144	5	0.99139
148	5	0.98092
149	5	0.88553
2	6	0.99503
3	6	0.95646
4	6	0.99426
5	6	0.99296
8	6	0.97919
10	6	0.95909
12	6	0.99186
13	6	0.99224
14	6	0.99632
18	6	0.98923
19	6	0.99657
20	6	0.99921
24	6	0.99299
25	6	0.99833
26	6	0.98497
27	6	0.9933
28	6	0.97076
30	6	0.99166
31	6	0.99797
32	6	0.99753
37	6	0.99398
38	6	0.99199
41	6	0.9991
42	6	0.98934
43	6	0.99026
45	6	0.98678
46	6	0.98845
47	6	0.97195
48	6	0.99312
49	6	0.99464
51	6	0.9901
56	6	0.98201
57	6	0.96911
59	6	0.99262
62	6	0.98924
66	6	0.99513
68	6	0.99127
70	6	0.99356
71	6	0.99488
72	6	0.97581
73	6	0.97411
76	6	0.99807
77	6	0.994
78	6	0.9972
79	6	0.99848
80	6	0.98804
81	6	0.98405
82	6	0.99236
87	6	0.99393
88	6	0.99771
90	6	0.99627
92	6	0.98677
93	6	0.98706
94	6	0.98785
95	6	0.99738
99	6	0.98979
100	6	0.99152
101	6	0.98994
107	6	0.99309
108	6	0.99664
109	6	0.99752
111	6	0.99566
112	6	0.99769
113	6	0.97762
115	6	0.99132
116	6	0.99626
117	6	0.99956
119	6	0.99403
123	6	0.99737
125	6	0.99122
126	6	0.96338
127	6	0.99144
128	6	0.99783
130	6	0.9934
132	6	0.99892
133	6	0.99253
134	6	0.99924
136	6	0.98098
137	6	0.9959
138	6	0.99185
139	6	0.99585
140	6	0.99431
141	6	0.99483
143	6	0.97922
144	6	0.97978
145	6	0.98812
146	6	0.99423
148	6	0.99007
149	6	0.88088
150	6	0.99163
11	7	0.99089
28	7	0.98253
30	7	0.97853
32	7	0.97362
35	7	0.97398
41	7	0.97641
44	7	0.97157
47	7	0.99666
49	7	0.98261
54	7	0.97342
55	7	0.97063
59	7	0.9789
60	7	0.96679
62	7	0.98858
64	7	0.97264
66	7	0.98676
67	7	0.98738
69	7	0.97683
72	7	0.99641
75	7	0.99298
76	7	0.97932
78	7	0.98071
81	7	0.99356
82	7	0.98628
83	7	0.99856
87	7	0.98791
88	7	0.98225
89	7	0.99282
91	7	0.99542
92	7	0.99407
94	7	0.98813
95	7	0.97333
97	7	0.99281
98	7	0.96441
99	7	0.98837
102	7	0.92886
104	7	0.98305
105	7	0.97327
109	7	0.97867
110	7	0.96671
112	7	0.98189
113	7	0.99376
114	7	0.99488
117	7	0.97112
120	7	0.94789
122	7	0.98686
123	7	0.98247
124	7	0.87717
126	7	0.99477
131	7	0.98731
133	7	0.98641
135	7	0.97572
136	7	0.99528
137	7	0.98464
142	7	0.92439
143	7	0.97214
147	7	0.97652
148	7	0.982
3	8	0.99155
4	8	0.98598
5	8	0.99277
6	8	0.97919
9	8	0.99144
10	8	0.99239
12	8	0.99374
14	8	0.98643
16	8	0.97985
18	8	0.99193
19	8	0.98646
20	8	0.98058
21	8	0.99361
24	8	0.97951
25	8	0.98642
26	8	0.99285
27	8	0.99136
29	8	0.99511
34	8	0.95113
36	8	0.9957
37	8	0.99253
45	8	0.99493
48	8	0.98592
50	8	0.99552
56	8	0.99632
57	8	0.99523
70	8	0.99049
73	8	0.9948
74	8	0.99415
77	8	0.98598
79	8	0.98277
80	8	0.99363
93	8	0.99221
96	8	0.99217
100	8	0.98017
101	8	0.99503
103	8	0.9924
107	8	0.97843
108	8	0.98427
116	8	0.97907
127	8	0.97995
128	8	0.98217
130	8	0.98403
132	8	0.98146
134	8	0.98059
138	8	0.9906
139	8	0.99114
140	8	0.98777
141	8	0.99023
144	8	0.99544
146	8	0.97981
149	8	0.90224
2	9	0.98824
3	9	0.97448
4	9	0.99149
5	9	0.99777
8	9	0.99144
10	9	0.98005
12	9	0.99845
14	9	0.99138
17	9	0.99202
18	9	0.9927
19	9	0.99582
20	9	0.98997
21	9	0.99683
24	9	0.98739
25	9	0.99265
26	9	0.99569
27	9	0.99338
29	9	0.99343
31	9	0.9867
34	9	0.97526
36	9	0.99492
37	9	0.99532
40	9	0.97725
45	9	0.9947
48	9	0.98908
50	9	0.99238
52	9	0.99038
56	9	0.99411
57	9	0.99019
70	9	0.99317
73	9	0.98621
74	9	0.99853
77	9	0.9915
79	9	0.98996
80	9	0.99876
84	9	0.98694
93	9	0.99773
95	9	0.9871
96	9	0.99431
100	9	0.99289
101	9	0.99746
103	9	0.99636
107	9	0.98945
108	9	0.99298
111	9	0.98605
116	9	0.98947
117	9	0.98634
128	9	0.99208
130	9	0.98839
134	9	0.99031
138	9	0.99256
139	9	0.99529
140	9	0.99375
141	9	0.9939
143	9	0.97257
144	9	0.99317
146	9	0.9873
149	9	0.87985
3	10	0.9966
4	10	0.97725
5	10	0.9804
6	10	0.95909
8	10	0.99239
9	10	0.98005
12	10	0.98241
14	10	0.97344
18	10	0.98688
19	10	0.96926
20	10	0.96156
21	10	0.98181
24	10	0.97203
25	10	0.97067
26	10	0.98964
27	10	0.97438
29	10	0.99265
32	10	0.95524
36	10	0.98772
37	10	0.98226
45	10	0.98183
48	10	0.97927
50	10	0.99005
56	10	0.99319
57	10	0.99627
70	10	0.97109
73	10	0.99667
74	10	0.98591
77	10	0.96367
79	10	0.9669
80	10	0.98293
93	10	0.98632
96	10	0.97433
100	10	0.95567
101	10	0.98303
103	10	0.98346
108	10	0.96274
111	10	0.96405
116	10	0.96409
117	10	0.95694
128	10	0.96605
130	10	0.95964
132	10	0.9591
134	10	0.96192
138	10	0.97365
139	10	0.97499
140	10	0.96762
141	10	0.9721
144	10	0.98655
146	10	0.95423
149	10	0.90381
7	11	0.99089
13	11	0.98017
28	11	0.98022
35	11	0.94842
41	11	0.98128
44	11	0.97962
47	11	0.98445
49	11	0.98431
54	11	0.97872
55	11	0.97116
59	11	0.98469
60	11	0.97051
61	11	0.98083
62	11	0.98405
63	11	0.97854
64	11	0.98192
66	11	0.98681
67	11	0.99018
68	11	0.97966
69	11	0.98545
72	11	0.99271
75	11	0.98387
76	11	0.9828
78	11	0.98448
81	11	0.98504
82	11	0.98699
83	11	0.98793
87	11	0.98474
88	11	0.98388
89	11	0.99439
91	11	0.98753
92	11	0.98702
94	11	0.9895
95	11	0.98124
97	11	0.97829
98	11	0.97097
99	11	0.99201
102	11	0.9311
104	11	0.98567
105	11	0.94648
106	11	0.978
109	11	0.97928
110	11	0.93767
112	11	0.98248
113	11	0.98591
114	11	0.9788
115	11	0.97708
117	11	0.97718
120	11	0.95949
122	11	0.98313
123	11	0.98237
124	11	0.83834
126	11	0.97977
131	11	0.98162
133	11	0.98693
135	11	0.95176
136	11	0.9909
137	11	0.98771
142	11	0.93039
147	11	0.95094
148	11	0.97789
150	11	0.98269
2	12	0.99058
3	12	0.97777
4	12	0.99584
5	12	0.99952
6	12	0.99186
8	12	0.99374
9	12	0.99845
10	12	0.98241
14	12	0.99602
17	12	0.98953
18	12	0.99642
19	12	0.9978
20	12	0.9943
21	12	0.9958
24	12	0.99228
25	12	0.99688
26	12	0.99726
27	12	0.9963
29	12	0.99247
30	12	0.98047
31	12	0.99078
32	12	0.9881
34	12	0.96393
36	12	0.99436
37	12	0.99868
45	12	0.9966
48	12	0.99456
50	12	0.99331
52	12	0.98614
56	12	0.99612
57	12	0.99043
70	12	0.99574
73	12	0.98997
74	12	0.99744
77	12	0.99404
79	12	0.99484
80	12	0.9991
93	12	0.99858
95	12	0.99045
96	12	0.9931
100	12	0.99289
101	12	0.99901
103	12	0.99354
107	12	0.99095
108	12	0.99543
109	12	0.9885
111	12	0.99129
116	12	0.99349
117	12	0.99178
128	12	0.9957
130	12	0.99156
132	12	0.99179
134	12	0.99446
138	12	0.99553
139	12	0.99842
140	12	0.99597
141	12	0.99687
143	12	0.97492
144	12	0.99425
146	12	0.99045
149	12	0.88747
2	13	0.99649
6	13	0.99224
11	13	0.98017
15	13	0.99239
16	13	0.99302
17	13	0.98638
20	13	0.99126
22	13	0.9843
23	13	0.97781
31	13	0.99459
33	13	0.99476
38	13	0.99815
39	13	0.99729
40	13	0.98396
41	13	0.99394
42	13	0.99891
43	13	0.99855
44	13	0.99431
46	13	0.99676
49	13	0.99351
51	13	0.99774
53	13	0.96419
54	13	0.98123
55	13	0.95504
58	13	0.99542
59	13	0.99482
60	13	0.95738
61	13	0.99941
63	13	0.99502
64	13	0.99841
65	13	0.9868
66	13	0.99317
67	13	0.99061
68	13	0.99898
69	13	0.99744
71	13	0.99723
72	13	0.97599
75	13	0.96392
76	13	0.99358
77	13	0.99169
78	13	0.99613
82	13	0.99293
84	13	0.99423
85	13	0.99257
86	13	0.96578
88	13	0.99111
89	13	0.98338
90	13	0.99747
94	13	0.99366
95	13	0.99535
98	13	0.95988
99	13	0.99412
100	13	0.99233
104	13	0.98823
106	13	0.9865
107	13	0.99539
108	13	0.99298
112	13	0.99009
115	13	0.99876
117	13	0.99271
118	13	0.97629
119	13	0.99751
120	13	0.95962
121	13	0.98974
122	13	0.97076
123	13	0.99287
125	13	0.99744
127	13	0.99571
129	13	0.95801
130	13	0.99304
131	13	0.96212
132	13	0.99348
133	13	0.993
136	13	0.98414
137	13	0.99074
142	13	0.93233
145	13	0.99361
146	13	0.99573
150	13	0.99568
2	14	0.98926
3	14	0.97102
4	14	0.99867
5	14	0.99716
6	14	0.99632
8	14	0.98643
9	14	0.99138
10	14	0.97344
12	14	0.99602
18	14	0.99341
19	14	0.9969
20	14	0.99759
21	14	0.98435
24	14	0.99749
25	14	0.99865
26	14	0.9925
27	14	0.99145
28	14	0.97399
29	14	0.9796
30	14	0.99293
31	14	0.99188
32	14	0.99682
34	14	0.95129
36	14	0.98271
37	14	0.99631
41	14	0.99495
45	14	0.99385
48	14	0.99816
49	14	0.98939
50	14	0.98243
56	14	0.98897
57	14	0.97877
62	14	0.98763
66	14	0.98894
70	14	0.99143
73	14	0.98684
74	14	0.98856
76	14	0.99413
77	14	0.9898
78	14	0.99016
79	14	0.99924
80	14	0.99164
81	14	0.97959
87	14	0.99078
88	14	0.99288
90	14	0.98957
92	14	0.98241
93	14	0.99418
95	14	0.99381
101	14	0.99243
103	14	0.98032
108	14	0.99327
109	14	0.99635
111	14	0.99792
112	14	0.99407
113	14	0.97476
116	14	0.99893
117	14	0.9961
123	14	0.99065
128	14	0.9986
132	14	0.99544
134	14	0.99721
137	14	0.99128
138	14	0.98967
139	14	0.99612
140	14	0.99144
141	14	0.99285
143	14	0.98502
144	14	0.98304
148	14	0.99071
149	14	0.87956
2	15	0.99103
13	15	0.99239
16	15	0.99293
17	15	0.98633
22	15	0.99387
23	15	0.98767
31	15	0.9834
33	15	0.99886
38	15	0.99489
39	15	0.99396
40	15	0.99509
42	15	0.99521
43	15	0.99153
44	15	0.98833
46	15	0.99633
51	15	0.99364
52	15	0.98395
53	15	0.97766
54	15	0.975
55	15	0.95102
58	15	0.99639
59	15	0.9825
60	15	0.95586
61	15	0.99362
63	15	0.99314
64	15	0.99185
65	15	0.9886
68	15	0.99176
69	15	0.98941
70	15	0.98009
71	15	0.9897
77	15	0.98606
78	15	0.98094
84	15	0.99349
85	15	0.99543
86	15	0.97526
90	15	0.98852
95	15	0.9837
98	15	0.96084
99	15	0.98082
100	15	0.98987
102	15	0.88654
106	15	0.99182
107	15	0.99213
108	15	0.98489
115	15	0.99144
118	15	0.98207
119	15	0.99071
120	15	0.96529
121	15	0.98757
125	15	0.99124
127	15	0.99067
129	15	0.97194
130	15	0.98756
140	15	0.98373
141	15	0.9806
142	15	0.93805
145	15	0.98979
146	15	0.99023
150	15	0.98516
2	16	0.99619
8	16	0.97985
13	16	0.99302
15	16	0.99293
17	16	0.99059
19	16	0.98971
20	16	0.98766
21	16	0.98861
22	16	0.99454
23	16	0.96819
27	16	0.99377
29	16	0.97522
31	16	0.99228
33	16	0.99318
36	16	0.98287
38	16	0.9975
39	16	0.99137
40	16	0.99106
42	16	0.99587
43	16	0.99288
46	16	0.99821
50	16	0.97974
51	16	0.99403
52	16	0.9857
53	16	0.95205
57	16	0.96922
58	16	0.99616
61	16	0.9917
63	16	0.98828
64	16	0.98894
68	16	0.99058
70	16	0.99474
71	16	0.99476
77	16	0.99722
80	16	0.98804
84	16	0.99433
85	16	0.99355
90	16	0.9939
95	16	0.98959
96	16	0.99228
100	16	0.99583
101	16	0.99011
103	16	0.98152
107	16	0.9972
108	16	0.99525
115	16	0.99316
119	16	0.99407
125	16	0.99387
127	16	0.99689
129	16	0.94491
130	16	0.99774
132	16	0.99008
134	16	0.98762
138	16	0.99447
139	16	0.99199
140	16	0.99644
141	16	0.9955
144	16	0.98648
145	16	0.996
146	16	0.99821
150	16	0.98749
2	17	0.9937
5	17	0.99053
9	17	0.99202
12	17	0.98953
13	17	0.98638
15	17	0.98633
16	17	0.99059
19	17	0.99222
20	17	0.98819
21	17	0.9873
22	17	0.97864
25	17	0.98655
27	17	0.98727
29	17	0.97543
31	17	0.98845
33	17	0.9837
34	17	0.97402
36	17	0.98065
38	17	0.99112
40	17	0.99291
45	17	0.98576
46	17	0.99073
51	17	0.9898
52	17	0.99745
57	17	0.96941
58	17	0.98959
61	17	0.98635
63	17	0.98978
70	17	0.99047
71	17	0.98745
74	17	0.98619
76	17	0.98647
77	17	0.99109
80	17	0.98934
84	17	0.99722
85	17	0.99683
90	17	0.9877
95	17	0.99223
96	17	0.99042
100	17	0.99741
101	17	0.98825
103	17	0.98556
107	17	0.99513
108	17	0.99317
115	17	0.98696
117	17	0.98597
119	17	0.98717
127	17	0.99281
128	17	0.98853
130	17	0.98968
132	17	0.98584
134	17	0.98849
138	17	0.98614
139	17	0.98944
140	17	0.99253
141	17	0.98966
145	17	0.99081
146	17	0.99068
3	18	0.98054
4	18	0.99544
5	18	0.99563
6	18	0.98923
8	18	0.99193
9	18	0.9927
10	18	0.98688
12	18	0.99642
14	18	0.99341
19	18	0.99299
20	18	0.98986
21	18	0.99149
24	18	0.99359
25	18	0.99421
26	18	0.99863
27	18	0.99393
29	18	0.99206
30	18	0.98074
31	18	0.98659
32	18	0.98432
34	18	0.95047
36	18	0.99121
37	18	0.99871
41	18	0.98446
45	18	0.99036
48	18	0.99632
50	18	0.99303
56	18	0.99793
57	18	0.99213
70	18	0.99167
73	18	0.9922
74	18	0.99386
77	18	0.98841
79	18	0.9925
80	18	0.9958
93	18	0.9975
96	18	0.98434
101	18	0.99627
103	18	0.98863
108	18	0.98965
109	18	0.98438
111	18	0.99008
116	18	0.98965
117	18	0.9882
128	18	0.99173
130	18	0.98573
132	18	0.98744
134	18	0.99093
138	18	0.99293
139	18	0.99485
140	18	0.99075
141	18	0.99259
143	18	0.97172
144	18	0.99284
149	18	0.91099
2	19	0.99608
3	19	0.96425
4	19	0.99526
5	19	0.99796
6	19	0.99657
8	19	0.98646
9	19	0.99582
10	19	0.96926
12	19	0.9978
14	19	0.9969
16	19	0.98971
17	19	0.99222
18	19	0.99299
20	19	0.99823
21	19	0.99164
24	19	0.99292
25	19	0.99892
26	19	0.99237
27	19	0.99649
28	19	0.96983
29	19	0.98366
30	19	0.98559
31	19	0.99668
32	19	0.99303
34	19	0.96088
36	19	0.988
37	19	0.99706
38	19	0.99172
40	19	0.97879
41	19	0.99526
45	19	0.99358
46	19	0.98909
48	19	0.99352
50	19	0.98591
52	19	0.98935
56	19	0.98959
57	19	0.98007
58	19	0.98732
62	19	0.98332
70	19	0.99657
71	19	0.99285
73	19	0.98099
74	19	0.99267
76	19	0.99487
77	19	0.99652
78	19	0.99189
79	19	0.99773
80	19	0.99592
84	19	0.99274
85	19	0.98891
87	19	0.98736
88	19	0.99193
90	19	0.99391
93	19	0.99483
95	19	0.99645
96	19	0.9899
100	19	0.99636
101	19	0.99611
103	19	0.98741
107	19	0.99561
108	19	0.99865
109	19	0.99451
111	19	0.9939
112	19	0.99232
116	19	0.99648
117	19	0.99676
119	19	0.9918
123	19	0.991
127	19	0.992
128	19	0.99836
130	19	0.9947
132	19	0.99619
134	19	0.99835
137	19	0.9903
138	19	0.99536
139	19	0.99878
140	19	0.99729
141	19	0.99742
143	19	0.97964
144	19	0.98834
145	19	0.98881
146	19	0.9946
148	19	0.9835
149	19	0.88352
2	20	0.99569
3	20	0.95822
4	20	0.99576
5	20	0.99519
6	20	0.99921
8	20	0.98058
9	20	0.98997
10	20	0.96156
12	20	0.9943
13	20	0.99126
14	20	0.99759
16	20	0.98766
17	20	0.98819
18	20	0.98986
19	20	0.99823
21	20	0.98386
24	20	0.9943
25	20	0.99909
26	20	0.98747
27	20	0.99326
28	20	0.97472
29	20	0.97458
30	20	0.99177
31	20	0.99709
32	20	0.9973
34	20	0.94754
36	20	0.97948
37	20	0.99487
38	20	0.99208
41	20	0.99899
45	20	0.98956
47	20	0.97125
48	20	0.9941
49	20	0.99417
50	20	0.97838
52	20	0.98344
56	20	0.98387
57	20	0.97189
59	20	0.99102
62	20	0.99008
66	20	0.99476
70	20	0.99362
71	20	0.99415
73	20	0.97631
74	20	0.98518
76	20	0.9986
77	20	0.99418
78	20	0.9963
79	20	0.99902
80	20	0.99071
81	20	0.98349
82	20	0.99026
84	20	0.99089
85	20	0.98671
87	20	0.99395
88	20	0.99725
90	20	0.99567
92	20	0.98634
93	20	0.99013
94	20	0.98695
95	20	0.99836
99	20	0.9892
100	20	0.99388
101	20	0.99172
103	20	0.97766
107	20	0.99432
108	20	0.99739
109	20	0.99807
111	20	0.99677
112	20	0.99765
113	20	0.97778
114	20	0.95637
116	20	0.99809
117	20	0.99937
119	20	0.99273
123	20	0.99599
127	20	0.9912
128	20	0.99936
130	20	0.99293
132	20	0.99819
133	20	0.99014
134	20	0.99977
137	20	0.99587
138	20	0.99201
139	20	0.99683
140	20	0.99504
141	20	0.99543
143	20	0.98278
144	20	0.98153
146	20	0.99407
148	20	0.99027
150	20	0.99069
2	21	0.98625
3	21	0.97455
4	21	0.98392
5	21	0.99355
8	21	0.99361
9	21	0.99683
10	21	0.98181
12	21	0.9958
14	21	0.98435
16	21	0.98861
17	21	0.9873
18	21	0.99149
19	21	0.99164
20	21	0.98386
22	21	0.97535
25	21	0.98824
26	21	0.99327
27	21	0.99542
29	21	0.99658
31	21	0.98455
34	21	0.96539
36	21	0.99882
37	21	0.99337
40	21	0.97816
45	21	0.99241
48	21	0.98264
50	21	0.9966
52	21	0.98549
56	21	0.99508
57	21	0.99251
70	21	0.99412
73	21	0.98437
74	21	0.9982
77	21	0.99294
79	21	0.98336
80	21	0.99834
84	21	0.98365
93	21	0.99403
96	21	0.99776
100	21	0.99049
101	21	0.99801
103	21	0.99857
107	21	0.98811
108	21	0.99128
127	21	0.98458
128	21	0.98473
130	21	0.99055
134	21	0.98448
138	21	0.99573
139	21	0.99406
140	21	0.99403
141	21	0.9945
144	21	0.99842
145	21	0.98327
146	21	0.98817
149	21	0.897
2	22	0.98554
13	22	0.9843
15	22	0.99387
16	22	0.99454
17	22	0.97864
21	22	0.97535
23	22	0.97784
27	22	0.98014
31	22	0.97785
33	22	0.99321
38	22	0.99044
39	22	0.98795
40	22	0.98951
42	22	0.99078
43	22	0.98616
44	22	0.97633
46	22	0.99337
51	22	0.98768
52	22	0.97644
53	22	0.96628
58	22	0.99366
61	22	0.98437
63	22	0.98212
64	22	0.9808
65	22	0.975
68	22	0.98298
69	22	0.97641
70	22	0.98168
71	22	0.98647
77	22	0.98643
84	22	0.98477
85	22	0.98713
86	22	0.95968
90	22	0.98404
96	22	0.98432
100	22	0.98473
106	22	0.97539
107	22	0.98764
108	22	0.98144
115	22	0.9842
118	22	0.96916
119	22	0.98492
125	22	0.98779
127	22	0.98831
129	22	0.95887
130	22	0.98844
132	22	0.97528
138	22	0.98215
139	22	0.97643
140	22	0.98354
141	22	0.98226
145	22	0.98808
146	22	0.98834
150	22	0.97816
2	23	0.96594
13	23	0.97781
15	23	0.98767
16	23	0.96819
22	23	0.97784
33	23	0.98997
38	23	0.97505
39	23	0.98628
40	23	0.97227
42	23	0.98125
43	23	0.97812
44	23	0.98953
46	23	0.97777
51	23	0.97737
53	23	0.99759
54	23	0.98763
55	23	0.97084
58	23	0.97913
59	23	0.96832
60	23	0.97595
61	23	0.98098
63	23	0.97984
64	23	0.98087
65	23	0.9946
67	23	0.97514
68	23	0.9801
69	23	0.9801
71	23	0.96996
84	23	0.96836
85	23	0.9714
86	23	0.99664
90	23	0.96787
94	23	0.96971
98	23	0.97924
99	23	0.96731
102	23	0.90864
104	23	0.98328
106	23	0.99183
107	23	0.96574
115	23	0.97682
118	23	0.99845
119	23	0.97303
120	23	0.98879
121	23	0.98782
122	23	0.96629
125	23	0.97787
127	23	0.96739
129	23	0.9956
142	23	0.97675
145	23	0.96814
150	23	0.9693
3	24	0.96782
4	24	0.99909
5	24	0.99358
6	24	0.99299
8	24	0.97951
9	24	0.98739
10	24	0.97203
12	24	0.99228
14	24	0.99749
18	24	0.99359
19	24	0.99292
20	24	0.9943
25	24	0.99538
26	24	0.99234
27	24	0.98544
28	24	0.97617
29	24	0.97612
30	24	0.99572
31	24	0.98657
32	24	0.99269
34	24	0.94823
35	24	0.93561
37	24	0.9943
41	24	0.99141
45	24	0.98588
48	24	0.99887
50	24	0.97745
56	24	0.98693
57	24	0.9768
62	24	0.99004
66	24	0.98475
70	24	0.98456
73	24	0.98455
74	24	0.9842
76	24	0.99062
78	24	0.98511
79	24	0.99694
80	24	0.98784
81	24	0.98269
87	24	0.99041
88	24	0.9912
92	24	0.98271
93	24	0.99321
95	24	0.98826
101	24	0.98771
108	24	0.98742
109	24	0.99484
111	24	0.99889
112	24	0.99268
113	24	0.97854
116	24	0.99752
117	24	0.99276
123	24	0.98747
128	24	0.99658
132	24	0.98938
134	24	0.99462
137	24	0.98867
139	24	0.99089
140	24	0.98501
141	24	0.98658
143	24	0.99055
148	24	0.99387
149	24	0.87958
2	25	0.99422
3	25	0.96643
4	25	0.99709
5	25	0.99714
6	25	0.99833
8	25	0.98642
9	25	0.99265
10	25	0.97067
12	25	0.99688
14	25	0.99865
17	25	0.98655
18	25	0.99421
19	25	0.99892
20	25	0.99909
21	25	0.98824
24	25	0.99538
26	25	0.99224
27	25	0.9958
28	25	0.96908
29	25	0.98126
30	25	0.98996
31	25	0.99628
32	25	0.99629
34	25	0.94982
36	25	0.98552
37	25	0.9977
41	25	0.99674
45	25	0.99317
48	25	0.99652
49	25	0.99041
50	25	0.98486
52	25	0.98273
56	25	0.98975
57	25	0.97896
62	25	0.98586
66	25	0.99033
70	25	0.99535
71	25	0.99272
73	25	0.98339
74	25	0.98991
76	25	0.99577
77	25	0.995
78	25	0.99277
79	25	0.99927
80	25	0.99387
81	25	0.97779
87	25	0.99021
88	25	0.99426
90	25	0.99401
93	25	0.99388
95	25	0.99585
96	25	0.98596
100	25	0.99294
101	25	0.99497
103	25	0.98283
107	25	0.99306
108	25	0.99729
109	25	0.996
111	25	0.9962
112	25	0.99471
116	25	0.99769
117	25	0.99815
123	25	0.99281
127	25	0.9898
128	25	0.99894
130	25	0.99344
132	25	0.99771
134	25	0.99896
137	25	0.99239
138	25	0.9947
139	25	0.99865
140	25	0.99579
141	25	0.99688
143	25	0.98009
144	25	0.98698
146	25	0.99331
148	25	0.98766
149	25	0.88553
3	26	0.98271
4	26	0.99457
5	26	0.9963
6	26	0.98497
8	26	0.99285
9	26	0.99569
10	26	0.98964
12	26	0.99726
14	26	0.9925
18	26	0.99863
19	26	0.99237
20	26	0.98747
21	26	0.99327
24	26	0.99234
25	26	0.99224
27	26	0.99149
29	26	0.99501
31	26	0.98241
34	26	0.96167
36	26	0.99369
37	26	0.9974
45	26	0.99234
48	26	0.99497
50	26	0.9942
56	26	0.9987
57	26	0.99452
70	26	0.98926
73	26	0.99407
74	26	0.99693
77	26	0.98597
79	26	0.99036
80	26	0.99702
93	26	0.99944
96	26	0.98645
100	26	0.98277
101	26	0.99626
103	26	0.99253
108	26	0.9876
109	26	0.98175
111	26	0.98817
116	26	0.9889
117	26	0.9843
128	26	0.99043
130	26	0.98231
132	26	0.98333
134	26	0.98825
138	26	0.99052
139	26	0.99342
140	26	0.9888
141	26	0.9906
143	26	0.97283
144	26	0.99326
149	26	0.90032
2	27	0.99437
3	27	0.96919
4	27	0.98967
5	27	0.99525
6	27	0.9933
8	27	0.99136
9	27	0.99338
10	27	0.97438
12	27	0.9963
14	27	0.99145
16	27	0.99377
17	27	0.98727
18	27	0.99393
19	27	0.99649
20	27	0.99326
21	27	0.99542
22	27	0.98014
24	27	0.98544
25	27	0.9958
26	27	0.99149
29	27	0.98837
31	27	0.9955
34	27	0.94921
36	27	0.99275
37	27	0.99697
38	27	0.99163
40	27	0.9787
45	27	0.99255
46	27	0.99071
48	27	0.98903
50	27	0.99179
52	27	0.98313
56	27	0.99259
57	27	0.985
58	27	0.98789
70	27	0.99922
71	27	0.9925
73	27	0.98203
74	27	0.99296
77	27	0.99869
79	27	0.99248
80	27	0.99639
84	27	0.98917
90	27	0.99251
93	27	0.99222
95	27	0.99033
96	27	0.99378
100	27	0.99399
101	27	0.99804
103	27	0.99003
107	27	0.99438
108	27	0.99763
117	27	0.99257
119	27	0.99168
127	27	0.99284
128	27	0.99217
130	27	0.99791
132	27	0.9944
134	27	0.99379
138	27	0.9997
139	27	0.99874
140	27	0.99873
141	27	0.99927
144	27	0.99499
145	27	0.99167
146	27	0.99627
149	27	0.9054
4	28	0.97247
6	28	0.97076
7	28	0.98253
11	28	0.98022
14	28	0.97399
19	28	0.96983
20	28	0.97472
24	28	0.97617
25	28	0.96908
30	28	0.98461
32	28	0.97607
35	28	0.97032
41	28	0.97654
47	28	0.98756
49	28	0.97523
59	28	0.97236
62	28	0.99182
66	28	0.97913
67	28	0.97135
72	28	0.97689
76	28	0.98022
78	28	0.97619
79	28	0.9755
81	28	0.98744
82	28	0.9763
83	28	0.9781
87	28	0.98721
88	28	0.97975
89	28	0.97592
91	28	0.96659
92	28	0.9896
94	28	0.97324
95	28	0.9775
97	28	0.98793
99	28	0.97919
102	28	0.90427
105	28	0.94123
109	28	0.98467
110	28	0.94673
111	28	0.98152
112	28	0.9811
113	28	0.99181
114	28	0.98565
116	28	0.98234
117	28	0.97346
123	28	0.9778
124	28	0.8472
126	28	0.9861
128	28	0.97769
133	28	0.97531
134	28	0.97441
135	28	0.93746
136	28	0.97589
137	28	0.98244
143	28	0.99424
147	28	0.95237
148	28	0.98725
2	29	0.97212
3	29	0.98579
4	29	0.98196
5	29	0.98995
8	29	0.99511
9	29	0.99343
10	29	0.99265
12	29	0.99247
14	29	0.9796
16	29	0.97522
17	29	0.97543
18	29	0.99206
19	29	0.98366
20	29	0.97458
21	29	0.99658
24	29	0.97612
25	29	0.98126
26	29	0.99501
27	29	0.98837
34	29	0.96241
36	29	0.99805
37	29	0.9907
45	29	0.98869
48	29	0.98166
50	29	0.99772
52	29	0.9724
56	29	0.9976
57	29	0.99879
70	29	0.98597
73	29	0.99086
74	29	0.99701
77	29	0.98214
79	29	0.97635
80	29	0.99544
93	29	0.99397
96	29	0.99121
100	29	0.97816
101	29	0.99459
103	29	0.99743
107	29	0.97418
108	29	0.98071
116	29	0.97326
128	29	0.97753
130	29	0.97858
134	29	0.97553
138	29	0.98843
139	29	0.98734
140	29	0.98491
141	29	0.98665
144	29	0.9972
146	29	0.97515
149	29	0.90163
4	30	0.9931
5	30	0.98344
6	30	0.99166
7	30	0.97853
12	30	0.98047
14	30	0.99293
18	30	0.98074
19	30	0.98559
20	30	0.99177
24	30	0.99572
25	30	0.98996
28	30	0.98461
31	30	0.9831
32	30	0.99449
35	30	0.96053
37	30	0.98371
41	30	0.99245
47	30	0.98761
48	30	0.99241
49	30	0.98894
59	30	0.98117
62	30	0.99734
66	30	0.99137
72	30	0.98203
73	30	0.96833
76	30	0.99237
78	30	0.98861
79	30	0.99384
81	30	0.99482
82	30	0.9854
83	30	0.97712
87	30	0.99707
88	30	0.99488
92	30	0.99421
95	30	0.98769
97	30	0.97381
99	30	0.98253
105	30	0.92306
108	30	0.98061
109	30	0.99645
110	30	0.9269
111	30	0.99768
112	30	0.99599
113	30	0.99221
114	30	0.97771
116	30	0.9954
117	30	0.99181
123	30	0.99183
124	30	0.80035
126	30	0.983
128	30	0.99295
132	30	0.98753
133	30	0.98602
134	30	0.99162
135	30	0.9172
136	30	0.98054
137	30	0.9937
139	30	0.98191
143	30	0.99259
147	30	0.93976
148	30	0.99963
2	31	0.99816
4	31	0.98865
5	31	0.99137
6	31	0.99797
9	31	0.9867
12	31	0.99078
13	31	0.99459
14	31	0.99188
15	31	0.9834
16	31	0.99228
17	31	0.98845
18	31	0.98659
19	31	0.99668
20	31	0.99709
21	31	0.98455
22	31	0.97785
24	31	0.98657
25	31	0.99628
26	31	0.98241
27	31	0.9955
30	31	0.9831
32	31	0.99297
33	31	0.98605
36	31	0.97866
37	31	0.99212
38	31	0.9962
39	31	0.99022
40	31	0.98067
41	31	0.99675
42	31	0.99368
43	31	0.99358
44	31	0.98228
46	31	0.99434
48	31	0.98696
49	31	0.99114
50	31	0.97674
51	31	0.99468
52	31	0.98369
56	31	0.98021
58	31	0.99207
59	31	0.99477
61	31	0.99413
63	31	0.98888
64	31	0.99395
66	31	0.99158
68	31	0.99475
69	31	0.99231
70	31	0.99604
71	31	0.99729
74	31	0.9825
76	31	0.99591
77	31	0.99741
78	31	0.99659
79	31	0.99527
80	31	0.98869
82	31	0.99245
84	31	0.9941
85	31	0.98991
87	31	0.98845
88	31	0.99428
90	31	0.99795
93	31	0.98497
95	31	0.997
96	31	0.98405
99	31	0.99027
100	31	0.99507
101	31	0.99044
103	31	0.97696
107	31	0.99683
108	31	0.99855
109	31	0.99369
111	31	0.98963
112	31	0.99336
115	31	0.9953
116	31	0.99187
117	31	0.99768
119	31	0.99824
121	31	0.98171
123	31	0.99566
125	31	0.99571
127	31	0.99501
128	31	0.99484
130	31	0.99732
132	31	0.99795
133	31	0.99159
134	31	0.99754
137	31	0.9927
138	31	0.99437
139	31	0.99585
140	31	0.9967
141	31	0.99603
144	31	0.98166
145	31	0.99347
146	31	0.99764
148	31	0.98155
149	31	0.8889
150	31	0.9924
2	32	0.99015
3	32	0.95412
4	32	0.99311
5	32	0.99002
6	32	0.99753
7	32	0.97362
10	32	0.95524
12	32	0.9881
14	32	0.99682
18	32	0.98432
19	32	0.99303
20	32	0.9973
24	32	0.99269
25	32	0.99629
28	32	0.97607
30	32	0.99449
31	32	0.99297
35	32	0.93497
37	32	0.98949
41	32	0.9977
45	32	0.98695
47	32	0.97766
48	32	0.99273
49	32	0.99684
59	32	0.99086
62	32	0.99162
66	32	0.99606
71	32	0.99175
72	32	0.98089
73	32	0.97382
76	32	0.99716
78	32	0.99569
79	32	0.99787
81	32	0.98755
82	32	0.9909
83	32	0.97477
87	32	0.99584
88	32	0.99721
90	32	0.99336
92	32	0.9905
94	32	0.98897
95	32	0.99545
97	32	0.95902
99	32	0.98821
107	32	0.98782
108	32	0.99137
109	32	0.99791
110	32	0.90325
111	32	0.99598
112	32	0.9975
113	32	0.9828
114	32	0.96476
116	32	0.99709
117	32	0.99755
119	32	0.98863
123	32	0.9963
126	32	0.97273
128	32	0.99633
132	32	0.99735
133	32	0.99235
134	32	0.99648
136	32	0.98348
137	32	0.99675
139	32	0.99203
140	32	0.98805
141	32	0.9891
143	32	0.98163
147	32	0.91766
148	32	0.99318
150	32	0.98981
2	33	0.99153
13	33	0.99476
15	33	0.99886
16	33	0.99318
17	33	0.9837
22	33	0.99321
23	33	0.98997
31	33	0.98605
38	33	0.99579
39	33	0.9974
40	33	0.99232
42	33	0.99728
43	33	0.99489
44	33	0.99246
46	33	0.9973
51	33	0.99565
53	33	0.97988
54	33	0.98008
55	33	0.95359
58	33	0.9967
59	33	0.98614
60	33	0.95834
61	33	0.99585
63	33	0.99477
64	33	0.99467
65	33	0.9927
67	33	0.98243
68	33	0.99463
69	33	0.99261
71	33	0.99173
77	33	0.98706
78	33	0.98399
84	33	0.99258
85	33	0.99339
86	33	0.97865
90	33	0.9905
94	33	0.98222
95	33	0.98452
98	33	0.96266
99	33	0.98341
100	33	0.98848
104	33	0.98339
106	33	0.99168
107	33	0.99189
108	33	0.98553
115	33	0.99497
118	33	0.98532
119	33	0.99337
120	33	0.96832
121	33	0.99124
125	33	0.99474
127	33	0.99248
129	33	0.97561
130	33	0.98931
140	33	0.98439
142	33	0.9427
145	33	0.99255
146	33	0.9915
150	33	0.98747
2	34	0.9496
4	34	0.95213
5	34	0.96483
8	34	0.95113
9	34	0.97526
12	34	0.96393
14	34	0.95129
17	34	0.97402
18	34	0.95047
19	34	0.96088
20	34	0.94754
21	34	0.96539
24	34	0.94823
25	34	0.94982
26	34	0.96167
27	34	0.94921
29	34	0.96241
36	34	0.96184
37	34	0.95362
40	34	0.95767
45	34	0.96051
50	34	0.95516
52	34	0.97939
56	34	0.95485
57	34	0.95606
70	34	0.95264
74	34	0.97237
77	34	0.94874
79	34	0.94872
80	34	0.9659
84	34	0.95936
85	34	0.95901
93	34	0.96771
95	34	0.94985
96	34	0.96404
100	34	0.96256
101	34	0.95969
103	34	0.97453
107	34	0.9531
108	34	0.95355
111	34	0.94665
116	34	0.9537
128	34	0.95464
134	34	0.949
138	34	0.94679
139	34	0.95402
140	34	0.9532
141	34	0.94918
143	34	0.95323
144	34	0.95152
7	35	0.97398
11	35	0.94842
24	35	0.93561
28	35	0.97032
30	35	0.96053
32	35	0.93497
41	35	0.93096
47	35	0.98465
49	35	0.93523
62	35	0.96752
66	35	0.94316
67	35	0.93029
72	35	0.96452
75	35	0.95319
76	35	0.93492
78	35	0.93097
79	35	0.92681
81	35	0.9753
82	35	0.93846
83	35	0.97153
87	35	0.95809
88	35	0.94276
89	35	0.9485
91	35	0.9566
92	35	0.97
94	35	0.93512
97	35	0.9918
99	35	0.93789
105	35	0.97835
109	35	0.94396
110	35	0.99
111	35	0.94216
112	35	0.94459
113	35	0.98136
114	35	0.99121
116	35	0.93571
117	35	0.92507
122	35	0.93336
123	35	0.93895
124	35	0.92576
126	35	0.9881
128	35	0.92634
131	35	0.93788
133	35	0.93874
135	35	0.96759
136	35	0.95428
137	35	0.94483
143	35	0.9637
147	35	0.98992
148	35	0.96503
2	36	0.97996
3	36	0.98037
4	36	0.98223
5	36	0.99159
8	36	0.9957
9	36	0.99492
10	36	0.98772
12	36	0.99436
14	36	0.98271
16	36	0.98287
17	36	0.98065
18	36	0.99121
19	36	0.988
20	36	0.97948
21	36	0.99882
25	36	0.98552
26	36	0.99369
27	36	0.99275
29	36	0.99805
31	36	0.97866
34	36	0.96184
37	36	0.99181
45	36	0.99329
48	36	0.98222
50	36	0.99834
52	36	0.97994
56	36	0.99649
57	36	0.99487
70	36	0.99075
73	36	0.98915
74	36	0.99818
77	36	0.98857
79	36	0.98025
80	36	0.99662
93	36	0.99355
96	36	0.99627
100	36	0.98461
101	36	0.99655
103	36	0.99817
107	36	0.98198
108	36	0.98635
128	36	0.98091
130	36	0.98586
132	36	0.97854
134	36	0.97971
138	36	0.99326
139	36	0.99169
140	36	0.98973
141	36	0.99137
144	36	0.99873
146	36	0.98227
149	36	0.90106
2	37	0.98963
3	37	0.97747
4	37	0.99692
5	37	0.9983
6	37	0.99398
8	37	0.99253
9	37	0.99532
10	37	0.98226
12	37	0.99868
14	37	0.99631
18	37	0.99871
19	37	0.99706
20	37	0.99487
21	37	0.99337
24	37	0.9943
25	37	0.9977
26	37	0.9974
27	37	0.99697
29	37	0.9907
30	37	0.98371
31	37	0.99212
32	37	0.98949
34	37	0.95362
36	37	0.99181
41	37	0.99062
45	37	0.99359
48	37	0.99661
50	37	0.99226
56	37	0.99655
57	37	0.98964
70	37	0.99574
73	37	0.98983
74	37	0.9947
77	37	0.99369
79	37	0.99594
80	37	0.99762
93	37	0.99764
95	37	0.98959
96	37	0.9889
100	37	0.99019
101	37	0.99832
103	37	0.98969
108	37	0.99502
109	37	0.98952
111	37	0.99288
116	37	0.99348
117	37	0.99331
128	37	0.99587
130	37	0.99157
132	37	0.99298
134	37	0.99548
138	37	0.99604
139	37	0.99833
140	37	0.99558
141	37	0.99686
143	37	0.97468
144	37	0.9935
146	37	0.99051
148	37	0.98059
149	37	0.89895
2	38	0.99891
6	38	0.99199
13	38	0.99815
15	38	0.99489
16	38	0.9975
17	38	0.99112
19	38	0.99172
20	38	0.99208
22	38	0.99044
23	38	0.97505
27	38	0.99163
31	38	0.9962
33	38	0.99579
39	38	0.9961
40	38	0.99028
41	38	0.99241
42	38	0.99904
43	38	0.99733
44	38	0.98918
46	38	0.99948
49	38	0.98958
51	38	0.9983
52	38	0.98692
53	38	0.96005
58	38	0.99845
59	38	0.99234
61	38	0.99796
63	38	0.99424
64	38	0.99646
65	38	0.98339
67	38	0.98394
68	38	0.99738
69	38	0.99431
70	38	0.99328
71	38	0.99845
76	38	0.99202
77	38	0.99657
78	38	0.99347
84	38	0.99717
85	38	0.99602
86	38	0.95999
90	38	0.99823
94	38	0.98789
95	38	0.99523
96	38	0.9859
99	38	0.98918
100	38	0.99664
104	38	0.98002
106	38	0.98328
107	38	0.99875
108	38	0.9965
115	38	0.99765
117	38	0.99244
118	38	0.9705
119	38	0.99852
120	38	0.95004
121	38	0.9865
125	38	0.9979
127	38	0.99778
129	38	0.95338
130	38	0.9973
132	38	0.99404
134	38	0.99177
138	38	0.99153
139	38	0.99156
140	38	0.99527
141	38	0.99395
142	38	0.91894
145	38	0.99603
146	38	0.99868
150	38	0.99386
2	39	0.99255
13	39	0.99729
15	39	0.99396
16	39	0.99137
22	39	0.98795
23	39	0.98628
31	39	0.99022
33	39	0.9974
38	39	0.9961
40	39	0.98464
41	39	0.98589
42	39	0.99844
43	39	0.998
44	39	0.99637
46	39	0.99628
51	39	0.99719
53	39	0.97575
54	39	0.98407
55	39	0.95634
58	39	0.99545
59	39	0.99241
60	39	0.96
61	39	0.99804
63	39	0.9942
64	39	0.99756
65	39	0.99289
67	39	0.98762
68	39	0.9979
69	39	0.99667
71	39	0.99457
77	39	0.98795
78	39	0.98997
82	39	0.98824
84	39	0.99053
85	39	0.98961
86	39	0.97676
89	39	0.97854
90	39	0.9938
94	39	0.98877
95	39	0.98795
98	39	0.96312
99	39	0.98891
100	39	0.98729
104	39	0.98819
106	39	0.98918
107	39	0.99169
108	39	0.98729
115	39	0.99775
118	39	0.98385
119	39	0.99624
120	39	0.96776
121	39	0.99286
122	39	0.97061
125	39	0.99764
127	39	0.99301
129	39	0.97144
130	39	0.99097
132	39	0.98778
133	39	0.98803
142	39	0.94261
145	39	0.9927
146	39	0.9928
150	39	0.99417
2	40	0.98882
9	40	0.97725
13	40	0.98396
15	40	0.99509
16	40	0.99106
17	40	0.99291
19	40	0.97879
21	40	0.97816
22	40	0.98951
23	40	0.97227
27	40	0.9787
31	40	0.98067
33	40	0.99232
34	40	0.95767
38	40	0.99028
39	40	0.98464
42	40	0.98725
43	40	0.98426
46	40	0.99275
51	40	0.98914
52	40	0.99211
53	40	0.95991
58	40	0.9921
61	40	0.98573
63	40	0.99029
64	40	0.98391
65	40	0.97765
68	40	0.9828
69	40	0.98046
70	40	0.9823
71	40	0.98337
77	40	0.98585
84	40	0.99467
85	40	0.99671
86	40	0.95734
90	40	0.98214
95	40	0.98073
96	40	0.98487
100	40	0.9918
106	40	0.98224
107	40	0.99116
108	40	0.98475
115	40	0.98574
118	40	0.96258
119	40	0.98537
121	40	0.97853
125	40	0.98348
127	40	0.98929
129	40	0.95518
130	40	0.98615
138	40	0.97885
139	40	0.97702
140	40	0.98488
141	40	0.98063
145	40	0.98975
146	40	0.98728
2	41	0.99525
4	41	0.9926
5	41	0.99093
6	41	0.9991
7	41	0.97641
11	41	0.98128
13	41	0.99394
14	41	0.99495
18	41	0.98446
19	41	0.99526
20	41	0.99899
24	41	0.99141
25	41	0.99674
28	41	0.97654
30	41	0.99245
31	41	0.99675
32	41	0.9977
35	41	0.93096
37	41	0.99062
38	41	0.99241
39	41	0.98589
42	41	0.99015
43	41	0.99136
46	41	0.9885
47	41	0.97753
48	41	0.99033
49	41	0.99705
51	41	0.99128
59	41	0.99444
61	41	0.99243
62	41	0.99227
64	41	0.99184
66	41	0.99773
67	41	0.98529
68	41	0.99282
69	41	0.99138
70	41	0.99102
71	41	0.99466
72	41	0.98233
76	41	0.99957
77	41	0.99174
78	41	0.99862
79	41	0.99741
81	41	0.98784
82	41	0.99452
83	41	0.9749
84	41	0.99036
85	41	0.98616
87	41	0.99621
88	41	0.99914
89	41	0.98236
90	41	0.99622
92	41	0.99041
94	41	0.99194
95	41	0.99871
97	41	0.95908
99	41	0.99369
100	41	0.99198
107	41	0.99335
108	41	0.99549
109	41	0.99835
110	41	0.89918
111	41	0.99561
112	41	0.99903
113	41	0.9826
114	41	0.96374
115	41	0.99205
116	41	0.9964
117	41	0.99962
119	41	0.99381
123	41	0.99825
125	41	0.99075
126	41	0.96995
127	41	0.99097
128	41	0.9977
130	41	0.99136
132	41	0.99826
133	41	0.99474
134	41	0.99884
136	41	0.98572
137	41	0.99834
139	41	0.9936
140	41	0.99252
141	41	0.99228
143	41	0.98181
146	41	0.99328
147	41	0.91718
148	41	0.99179
150	41	0.99403
2	42	0.99639
6	42	0.98934
13	42	0.99891
15	42	0.99521
16	42	0.99587
22	42	0.99078
23	42	0.98125
31	42	0.99368
33	42	0.99728
38	42	0.99904
39	42	0.99844
40	42	0.98725
41	42	0.99015
43	42	0.99834
44	42	0.99348
46	42	0.99871
49	42	0.98913
51	42	0.99802
53	42	0.96817
54	42	0.97806
55	42	0.94885
58	42	0.99767
59	42	0.992
60	42	0.95214
61	42	0.99863
63	42	0.99414
64	42	0.99722
65	42	0.98758
67	42	0.9859
68	42	0.99821
69	42	0.99546
70	42	0.98935
71	42	0.99753
76	42	0.98937
77	42	0.99321
78	42	0.99234
82	42	0.98821
84	42	0.99404
85	42	0.99311
86	42	0.96792
90	42	0.99709
94	42	0.98925
95	42	0.99233
98	42	0.95537
99	42	0.98908
100	42	0.99251
104	42	0.9843
106	42	0.986
107	42	0.99585
108	42	0.99271
115	42	0.99824
117	42	0.98962
118	42	0.97808
119	42	0.99777
120	42	0.95843
121	42	0.98887
125	42	0.99852
127	42	0.99636
129	42	0.96198
130	42	0.99488
132	42	0.99177
133	42	0.98812
140	42	0.99134
141	42	0.99001
142	42	0.93149
145	42	0.99501
146	42	0.99676
150	42	0.99448
2	43	0.99526
6	43	0.99026
13	43	0.99855
15	43	0.99153
16	43	0.99288
22	43	0.98616
23	43	0.97812
31	43	0.99358
33	43	0.99489
38	43	0.99733
39	43	0.998
40	43	0.98426
41	43	0.99136
42	43	0.99834
44	43	0.9937
46	43	0.99682
49	43	0.9916
51	43	0.999
53	43	0.96485
54	43	0.98005
55	43	0.95068
58	43	0.99648
59	43	0.99441
60	43	0.95356
61	43	0.99863
63	43	0.99624
64	43	0.99754
65	43	0.98781
66	43	0.98971
67	43	0.98937
68	43	0.99839
69	43	0.99631
71	43	0.99743
76	43	0.99033
77	43	0.99142
78	43	0.99417
82	43	0.99076
84	43	0.99285
85	43	0.99147
86	43	0.96661
89	43	0.98218
90	43	0.99699
94	43	0.9913
95	43	0.99348
98	43	0.9561
99	43	0.99094
100	43	0.99082
104	43	0.98549
106	43	0.98569
107	43	0.99433
108	43	0.99159
115	43	0.99904
117	43	0.99057
118	43	0.97524
119	43	0.99715
120	43	0.95822
121	43	0.98996
122	43	0.96773
123	43	0.99026
125	43	0.99824
127	43	0.99714
129	43	0.95946
130	43	0.99366
132	43	0.99334
133	43	0.99155
136	43	0.98141
140	43	0.99009
142	43	0.93128
145	43	0.99591
146	43	0.99468
150	43	0.99442
2	44	0.98433
7	44	0.97157
11	44	0.97962
13	44	0.99431
15	44	0.98833
22	44	0.97633
23	44	0.98953
31	44	0.98228
33	44	0.99246
38	44	0.98918
39	44	0.99637
42	44	0.99348
43	44	0.9937
46	44	0.9882
49	44	0.98601
51	44	0.9915
53	44	0.98138
54	44	0.99466
55	44	0.97546
58	44	0.98855
59	44	0.99129
60	44	0.97749
61	44	0.99566
63	44	0.99081
64	44	0.99587
65	44	0.99525
66	44	0.98563
67	44	0.99398
68	44	0.9959
69	44	0.99636
71	44	0.98849
72	44	0.97699
75	44	0.97639
78	44	0.98788
82	44	0.98966
83	44	0.97236
84	44	0.98235
86	44	0.98451
89	44	0.98632
90	44	0.98828
91	44	0.97673
94	44	0.9934
95	44	0.98271
98	44	0.97877
99	44	0.991
102	44	0.90939
104	44	0.99637
106	44	0.99224
107	44	0.98225
115	44	0.99295
118	44	0.9908
119	44	0.99016
120	44	0.98089
121	44	0.99516
122	44	0.98512
123	44	0.9844
125	44	0.99239
127	44	0.98395
129	44	0.97715
131	44	0.97851
133	44	0.98965
135	44	0.91985
136	44	0.98679
142	44	0.96275
145	44	0.98232
146	44	0.98273
150	44	0.99068
2	45	0.98654
3	45	0.97955
4	45	0.99053
5	45	0.9964
6	45	0.98678
8	45	0.99493
9	45	0.9947
10	45	0.98183
12	45	0.9966
14	45	0.99385
17	45	0.98576
18	45	0.99036
19	45	0.99358
20	45	0.98956
21	45	0.99241
24	45	0.98588
25	45	0.99317
26	45	0.99234
27	45	0.99255
29	45	0.98869
32	45	0.98695
34	45	0.96051
36	45	0.99329
37	45	0.99359
48	45	0.99004
50	45	0.99149
52	45	0.98516
56	45	0.99237
57	45	0.98642
70	45	0.9928
73	45	0.99112
74	45	0.995
77	45	0.9904
79	45	0.99105
80	45	0.99428
93	45	0.99393
95	45	0.98652
96	45	0.99344
100	45	0.9886
101	45	0.99519
103	45	0.99083
107	45	0.98726
108	45	0.99066
116	45	0.98975
117	45	0.98676
128	45	0.99068
130	45	0.98856
132	45	0.98971
134	45	0.98867
138	45	0.99175
139	45	0.99544
140	45	0.99154
141	45	0.993
144	45	0.99111
149	45	0.88442
2	46	0.99773
6	46	0.98845
13	46	0.99676
15	46	0.99633
16	46	0.99821
17	46	0.99073
19	46	0.98909
22	46	0.99337
23	46	0.97777
27	46	0.99071
31	46	0.99434
33	46	0.9973
38	46	0.99948
39	46	0.99628
40	46	0.99275
41	46	0.9885
42	46	0.99871
43	46	0.99682
44	46	0.9882
51	46	0.99805
52	46	0.98665
53	46	0.96342
58	46	0.99892
59	46	0.98986
61	46	0.9969
63	46	0.99445
64	46	0.99535
65	46	0.98483
68	46	0.99614
69	46	0.99277
