6	2	0.9923
7	2	0.92289
10	2	0.95249
11	2	0.9494
20	2	0.95175
25	2	0.98374
27	2	0.99279
28	2	0.88228
30	2	0.98384
31	2	0.98165
34	2	0.91552
38	2	0.96769
39	2	0.99193
42	2	0.98455
43	2	0.91402
44	2	0.97154
45	2	0.97343
48	2	0.95716
51	2	0.93878
54	2	0.96923
55	2	0.94345
58	2	0.97557
59	2	0.99487
60	2	0.92232
61	2	0.98691
62	2	0.98021
63	2	0.97166
64	2	0.97579
65	2	0.97814
67	2	0.9805
68	2	0.97922
69	2	0.90608
70	2	0.97675
71	2	0.99523
72	2	0.98312
75	2	0.98699
77	2	0.96396
78	2	0.95936
79	2	0.98861
80	2	0.92461
82	2	0.97884
83	2	0.98811
86	2	0.99282
87	2	0.9613
88	2	0.99195
89	2	0.9878
90	2	0.98597
91	2	0.98873
92	2	0.98718
94	2	0.96281
95	2	0.97774
98	2	0.94804
99	2	0.85969
107	2	0.99134
108	2	0.98984
109	2	0.93583
110	2	0.98557
113	2	0.98841
115	2	0.99393
117	2	0.99353
118	2	0.96288
119	2	0.98549
122	2	0.988
123	2	0.98773
124	2	0.96288
125	2	0.98874
127	2	0.98909
128	2	0.97985
129	2	0.96558
130	2	0.9768
131	2	0.98906
132	2	0.98624
133	2	0.8878
135	2	0.96004
136	2	0.98309
137	2	0.98658
138	2	0.97453
139	2	0.95964
140	2	0.84886
142	2	0.95942
145	2	0.97924
147	2	0.96238
149	2	0.9214
4	3	0.91014
5	3	0.85299
7	3	0.82276
8	3	0.57559
9	3	0.68693
11	3	0.81521
12	3	0.81448
13	3	0.83945
14	3	0.88929
15	3	0.78931
16	3	0.73637
17	3	0.96564
21	3	0.6639
22	3	0.78446
23	3	0.80972
24	3	0.7821
26	3	0.68559
29	3	0.73188
32	3	0.86431
35	3	0.85659
36	3	0.90064
37	3	0.91227
41	3	0.90125
46	3	0.70991
47	3	0.79416
48	3	0.8173
49	3	0.83536
52	3	0.86301
55	3	0.84381
57	3	0.83456
73	3	0.71549
74	3	0.80959
76	3	0.85136
80	3	0.78247
85	3	0.87598
87	3	0.77604
93	3	0.82954
94	3	0.78436
96	3	0.86086
97	3	0.84665
100	3	0.89827
101	3	0.92485
102	3	0.82825
103	3	0.90316
105	3	0.54308
106	3	0.83115
111	3	0.84695
112	3	0.81028
114	3	0.85177
116	3	0.86085
120	3	0.85557
126	3	0.93664
133	3	0.80561
139	3	0.7858
141	3	0.85334
143	3	0.92151
144	3	0.92894
146	3	0.81188
150	3	0.79858
3	4	0.91014
7	4	0.905
8	4	0.44579
9	4	0.67947
11	4	0.94494
12	4	0.86411
14	4	0.94574
17	4	0.96276
18	4	0.70099
20	4	0.9008
25	4	0.90228
32	4	0.94663
35	4	0.74882
37	4	0.75261
39	4	0.88019
41	4	0.93612
42	4	0.87551
45	4	0.88746
48	4	0.92786
49	4	0.90351
52	4	0.73814
54	4	0.91585
55	4	0.93923
57	4	0.80175
62	4	0.87946
63	4	0.91099
67	4	0.91737
72	4	0.87367
73	4	0.54539
76	4	0.91819
78	4	0.86586
80	4	0.8768
83	4	0.86708
84	4	0.76416
86	4	0.87615
87	4	0.8958
91	4	0.89455
94	4	0.90468
97	4	0.86844
98	4	0.89135
101	4	0.87707
102	4	0.83912
103	4	0.85595
105	4	0.57783
106	4	0.89788
109	4	0.90595
112	4	0.90983
113	4	0.90233
114	4	0.90873
118	4	0.88676
120	4	0.87571
126	4	0.94932
132	4	0.89973
133	4	0.96194
135	4	0.89398
138	4	0.89554
139	4	0.9021
141	4	0.91622
142	4	0.90639
143	4	0.97251
144	4	0.89717
146	4	0.92382
147	4	0.91284
3	5	0.85299
7	5	0.83835
8	5	0.56315
9	5	0.85938
12	5	0.86573
13	5	0.93495
14	5	0.83295
15	5	0.9272
16	5	0.88251
17	5	0.86261
18	5	0.78442
19	5	0.86473
21	5	0.8876
22	5	0.89467
23	5	0.91527
24	5	0.89442
26	5	0.84185
29	5	0.81283
33	5	0.90925
35	5	0.91503
36	5	0.93073
37	5	0.9075
40	5	0.86025
41	5	0.87984
46	5	0.8866
47	5	0.92459
49	5	0.82829
50	5	0.6986
52	5	0.68274
53	5	0.73431
56	5	0.75775
57	5	0.87087
66	5	0.85405
73	5	0.6955
74	5	0.83638
76	5	0.83363
81	5	0.90397
84	5	0.84948
85	5	0.92803
93	5	0.93012
96	5	0.95436
97	5	0.83762
100	5	0.91746
101	5	0.93203
102	5	0.94334
103	5	0.85304
105	5	0.55371
106	5	0.87356
111	5	0.95365
114	5	0.8802
116	5	0.86463
120	5	0.88673
126	5	0.90363
134	5	0.83416
141	5	0.87755
144	5	0.95815
146	5	0.86736
148	5	0.86137
150	5	0.8456
2	6	0.9923
10	6	0.96
11	6	0.95296
20	6	0.95071
25	6	0.97804
27	6	0.99248
28	6	0.88204
30	6	0.98451
31	6	0.99097
38	6	0.97282
39	6	0.98811
42	6	0.97715
43	6	0.92354
44	6	0.97237
45	6	0.96964
48	6	0.95072
51	6	0.92777
54	6	0.97685
58	6	0.9726
59	6	0.98927
60	6	0.92187
61	6	0.97802
62	6	0.97608
63	6	0.96975
64	6	0.97544
65	6	0.97683
67	6	0.97868
68	6	0.98741
69	6	0.9064
70	6	0.96829
71	6	0.99265
72	6	0.98424
75	6	0.98579
77	6	0.95571
78	6	0.95224
79	6	0.98755
83	6	0.98698
86	6	0.98609
88	6	0.98475
89	6	0.98759
90	6	0.98403
91	6	0.98097
92	6	0.98875
95	6	0.96884
98	6	0.94134
99	6	0.87121
107	6	0.99149
108	6	0.99009
109	6	0.94769
110	6	0.97647
113	6	0.9895
115	6	0.99004
117	6	0.98784
118	6	0.9585
119	6	0.98942
122	6	0.99088
123	6	0.99065
124	6	0.96901
125	6	0.99184
127	6	0.98452
128	6	0.98337
129	6	0.9611
130	6	0.97244
131	6	0.9974
132	6	0.98675
133	6	0.90596
135	6	0.96972
136	6	0.98924
137	6	0.99182
138	6	0.96956
139	6	0.95363
140	6	0.87408
142	6	0.95772
145	6	0.98511
147	6	0.97553
149	6	0.9428
2	7	0.92289
3	7	0.82276
4	7	0.905
5	7	0.83835
9	7	0.74959
11	7	0.95812
12	7	0.96106
13	7	0.87653
14	7	0.97467
15	7	0.89573
17	7	0.9017
19	7	0.90778
20	7	0.97019
23	7	0.91013
24	7	0.91415
25	7	0.95974
28	7	0.89466
29	7	0.55618
32	7	0.93277
34	7	0.92758
35	7	0.77614
36	7	0.84454
39	7	0.9316
40	7	0.68333
41	7	0.97872
42	7	0.92516
45	7	0.96102
46	7	0.77804
47	7	0.86833
48	7	0.96166
52	7	0.57036
55	7	0.97163
60	7	0.9594
62	7	0.94448
63	7	0.94042
66	7	0.91671
67	7	0.95079
72	7	0.93136
74	7	0.91398
75	7	0.92678
76	7	0.97344
77	7	0.92967
78	7	0.92932
80	7	0.94411
81	7	0.80095
82	7	0.94031
84	7	0.87257
85	7	0.85385
86	7	0.93581
87	7	0.96209
91	7	0.94321
93	7	0.8697
94	7	0.95233
95	7	0.93936
96	7	0.87104
97	7	0.95702
98	7	0.98892
99	7	0.92157
100	7	0.92381
101	7	0.88283
102	7	0.91855
103	7	0.88053
106	7	0.93164
108	7	0.92286
110	7	0.93288
111	7	0.90005
112	7	0.96567
113	7	0.95389
114	7	0.98482
116	7	0.92603
120	7	0.95306
126	7	0.93746
128	7	0.92273
130	7	0.95043
132	7	0.94077
134	7	0.84416
138	7	0.95953
139	7	0.96629
141	7	0.97224
143	7	0.89739
144	7	0.89323
146	7	0.95476
150	7	0.93538
3	8	0.57559
4	8	0.44579
5	8	0.56315
9	8	0.42473
12	8	0.43251
13	8	0.48576
14	8	0.49568
15	8	0.48682
16	8	0.50959
17	8	0.54138
18	8	0.40274
21	8	0.49714
22	8	0.54413
23	8	0.46041
26	8	0.40475
29	8	0.50575
32	8	0.41183
33	8	0.4202
35	8	0.48141
36	8	0.661
37	8	0.5262
41	8	0.47063
47	8	0.49039
48	8	0.45657
52	8	0.71046
57	8	0.46061
66	8	0.4219
73	8	0.93801
74	8	0.63549
76	8	0.43401
81	8	0.44726
85	8	0.56433
87	8	0.4115
93	8	0.55952
94	8	0.41845
96	8	0.58723
97	8	0.46208
100	8	0.51839
101	8	0.60698
103	8	0.49424
106	8	0.52944
111	8	0.45379
114	8	0.47582
116	8	0.54944
120	8	0.4634
126	8	0.52684
141	8	0.45866
143	8	0.45194
144	8	0.53629
150	8	0.44306
3	9	0.68693
4	9	0.67947
5	9	0.85938
7	9	0.74959
8	9	0.42473
12	9	0.88269
13	9	0.76267
14	9	0.68613
15	9	0.73495
16	9	0.69229
17	9	0.73033
19	9	0.78872
20	9	0.71202
21	9	0.67736
22	9	0.67439
23	9	0.69716
24	9	0.88493
28	9	0.75952
29	9	0.66643
33	9	0.70997
35	9	0.8488
36	9	0.74017
37	9	0.75245
40	9	0.92382
41	9	0.7292
46	9	0.97607
47	9	0.69411
56	9	0.64477
57	9	0.76865
60	9	0.76677
66	9	0.73214
73	9	0.54429
74	9	0.67405
81	9	0.75371
84	9	0.95212
85	9	0.82789
93	9	0.73816
96	9	0.85358
97	9	0.71351
98	9	0.73938
99	9	0.81568
100	9	0.76607
101	9	0.72748
102	9	0.90542
111	9	0.89837
112	9	0.71474
114	9	0.74485
116	9	0.69681
120	9	0.67802
126	9	0.71379
134	9	0.92092
141	9	0.73936
144	9	0.74118
146	9	0.70794
2	10	0.95249
6	10	0.96
20	10	0.92482
25	10	0.92438
27	10	0.9538
30	10	0.92316
31	10	0.97863
38	10	0.95266
39	10	0.92075
45	10	0.95828
58	10	0.98816
59	10	0.95623
61	10	0.94744
62	10	0.93327
67	10	0.92845
68	10	0.98344
71	10	0.95398
72	10	0.94824
75	10	0.94481
79	10	0.97816
82	10	0.92221
83	10	0.96669
86	10	0.92631
87	10	0.93398
88	10	0.93625
89	10	0.98165
90	10	0.97477
91	10	0.94626
92	10	0.9813
94	10	0.93015
95	10	0.93348
107	10	0.93307
108	10	0.97965
110	10	0.95055
113	10	0.9426
115	10	0.95337
117	10	0.94877
119	10	0.95793
122	10	0.97685
123	10	0.98121
125	10	0.97038
127	10	0.959
128	10	0.98005
131	10	0.95695
132	10	0.95543
135	10	0.91637
136	10	0.97418
137	10	0.93783
139	10	0.91732
145	10	0.98386
2	11	0.9494
3	11	0.81521
4	11	0.94494
6	11	0.95296
7	11	0.95812
12	11	0.89792
13	11	0.91006
14	11	0.96487
17	11	0.88377
19	11	0.92447
20	11	0.97581
23	11	0.90154
24	11	0.89216
25	11	0.982
28	11	0.88791
32	11	0.92393
39	11	0.96313
41	11	0.9594
42	11	0.96291
43	11	0.91915
45	11	0.97032
47	11	0.8505
48	11	0.98177
49	11	0.90879
54	11	0.97073
55	11	0.98966
57	11	0.76263
60	11	0.93341
62	11	0.97729
63	11	0.97815
66	11	0.8593
67	11	0.98353
69	11	0.90081
72	11	0.96587
74	11	0.89504
75	11	0.9588
76	11	0.97536
77	11	0.95326
78	11	0.95515
80	11	0.94385
82	11	0.95368
83	11	0.95522
84	11	0.77828
86	11	0.96396
87	11	0.97898
88	11	0.9549
91	11	0.97351
94	11	0.96532
95	11	0.96569
97	11	0.92833
98	11	0.97183
99	11	0.89162
100	11	0.8558
101	11	0.85674
102	11	0.84851
104	11	0.87424
106	11	0.94941
108	11	0.95773
109	11	0.95336
112	11	0.97347
113	11	0.97627
114	11	0.96268
115	11	0.95961
116	11	0.86192
117	11	0.95523
118	11	0.97196
120	11	0.93988
121	11	0.84595
126	11	0.94176
128	11	0.95438
130	11	0.95965
131	11	0.95038
132	11	0.97264
133	11	0.9312
134	11	0.78329
135	11	0.96455
138	11	0.98076
139	11	0.9755
140	11	0.84939
141	11	0.96536
142	11	0.9584
143	11	0.91164
144	11	0.8851
146	11	0.97864
147	11	0.97352
150	11	0.92495
3	12	0.81448
4	12	0.86411
5	12	0.86573
7	12	0.96106
8	12	0.43251
9	12	0.88269
11	12	0.89792
13	12	0.8679
14	12	0.9273
16	12	0.6455
17	12	0.87819
19	12	0.89171
20	12	0.93579
23	12	0.86687
24	12	0.93332
25	12	0.86836
28	12	0.90579
29	12	0.63112
32	12	0.86238
35	12	0.81206
36	12	0.84402
37	12	0.74003
40	12	0.77088
41	12	0.93328
45	12	0.895
46	12	0.89908
48	12	0.89122
52	12	0.56673
55	12	0.91374
60	12	0.94149
66	12	0.86714
67	12	0.87849
73	12	0.58397
74	12	0.88394
76	12	0.91429
80	12	0.88326
84	12	0.95177
85	12	0.89675
87	12	0.905
93	12	0.85676
94	12	0.88759
96	12	0.91633
97	12	0.94132
98	12	0.94961
99	12	0.9136
100	12	0.92022
101	12	0.85054
102	12	0.94964
106	12	0.87477
111	12	0.92592
112	12	0.92976
113	12	0.87218
114	12	0.9498
116	12	0.8969
120	12	0.89704
126	12	0.89734
130	12	0.88044
134	12	0.91513
138	12	0.88615
139	12	0.89579
141	12	0.94419
146	12	0.8974
3	13	0.83945
5	13	0.93495
7	13	0.87653
8	13	0.48576
9	13	0.76267
11	13	0.91006
12	13	0.8679
14	13	0.89123
15	13	0.92584
16	13	0.79793
17	13	0.84788
18	13	0.71387
19	13	0.92817
20	13	0.89391
21	13	0.85704
22	13	0.81894
23	13	0.96479
24	13	0.91067
26	13	0.79318
29	13	0.7018
33	13	0.93606
35	13	0.77617
36	13	0.87741
37	13	0.83758
40	13	0.76963
41	13	0.91282
43	13	0.90108
46	13	0.78687
47	13	0.91913
48	13	0.89207
49	13	0.92372
50	13	0.70306
52	13	0.59012
53	13	0.66489
55	13	0.9098
56	13	0.75042
57	13	0.89567
62	13	0.88047
63	13	0.89617
67	13	0.87572
73	13	0.62079
74	13	0.884
76	13	0.91997
77	13	0.88923
78	13	0.87922
80	13	0.89632
81	13	0.84963
84	13	0.78113
85	13	0.85297
87	13	0.89174
93	13	0.88406
95	13	0.87982
96	13	0.88888
97	13	0.9014
98	13	0.88771
100	13	0.89541
101	13	0.90451
102	13	0.88705
103	13	0.84335
104	13	0.86626
106	13	0.93956
111	13	0.90366
112	13	0.93002
114	13	0.92962
116	13	0.87219
118	13	0.90829
120	13	0.94378
121	13	0.89575
126	13	0.93395
134	13	0.79904
135	13	0.87643
138	13	0.90198
139	13	0.88292
141	13	0.93633
144	13	0.95207
146	13	0.95087
148	13	0.8378
150	13	0.89911
3	14	0.88929
4	14	0.94574
5	14	0.83295
7	14	0.97467
8	14	0.49568
9	14	0.68613
11	14	0.96487
12	14	0.9273
13	14	0.89123
15	14	0.88027
17	14	0.94134
20	14	0.9634
23	14	0.91446
24	14	0.86983
25	14	0.96085
29	14	0.57632
32	14	0.93838
34	14	0.91637
35	14	0.75626
36	14	0.87536
37	14	0.74174
39	14	0.92282
41	14	0.98896
42	14	0.92528
45	14	0.95913
46	14	0.71245
47	14	0.86302
48	14	0.98437
49	14	0.85184
52	14	0.67435
54	14	0.92908
55	14	0.98694
62	14	0.94825
63	14	0.93972
66	14	0.87521
67	14	0.95081
72	14	0.93515
73	14	0.62787
74	14	0.94744
76	14	0.98805
80	14	0.92843
82	14	0.93401
83	14	0.92033
84	14	0.79487
85	14	0.85308
86	14	0.93467
87	14	0.9708
91	14	0.95507
93	14	0.8686
94	14	0.97524
95	14	0.93493
96	14	0.86695
97	14	0.96927
98	14	0.95691
100	14	0.92791
101	14	0.90645
102	14	0.87709
103	14	0.90037
106	14	0.95477
110	14	0.93292
111	14	0.86091
112	14	0.9626
113	14	0.94436
114	14	0.98502
116	14	0.94215
118	14	0.92019
120	14	0.96521
126	14	0.9744
132	14	0.94966
133	14	0.89738
134	14	0.75415
138	14	0.95495
139	14	0.97514
141	14	0.98161
142	14	0.93497
143	14	0.93195
144	14	0.91899
146	14	0.95199
150	14	0.93763
3	15	0.78931
5	15	0.9272
7	15	0.89573
8	15	0.48682
9	15	0.73495
13	15	0.92584
14	15	0.88027
16	15	0.8301
18	15	0.74298
19	15	0.88587
20	15	0.87017
21	15	0.82469
22	15	0.86751
23	15	0.97095
24	15	0.90028
26	15	0.79157
29	15	0.73982
33	15	0.92221
34	15	0.89767
35	15	0.82786
36	15	0.93492
37	15	0.8104
40	15	0.74629
41	15	0.92453
46	15	0.77187
47	15	0.99005
48	15	0.87169
50	15	0.70186
52	15	0.58451
53	15	0.80079
55	15	0.87543
56	15	0.65282
57	15	0.80478
62	15	0.86735
66	15	0.95356
73	15	0.62298
74	15	0.8781
76	15	0.90567
77	15	0.87341
78	15	0.87269
80	15	0.86078
81	15	0.94913
84	15	0.77923
85	15	0.90085
87	15	0.867
93	15	0.96844
95	15	0.87002
96	15	0.91608
97	15	0.89021
98	15	0.88637
100	15	0.90596
101	15	0.89892
102	15	0.89612
103	15	0.88922
105	15	0.55382
106	15	0.91387
111	15	0.92426
112	15	0.88816
114	15	0.93496
116	15	0.9414
120	15	0.95415
121	15	0.87068
126	15	0.90594
134	15	0.76063
138	15	0.88123
139	15	0.87423
141	15	0.9139
144	15	0.92726
146	15	0.91378
148	15	0.88186
150	15	0.96425
3	16	0.73637
5	16	0.88251
8	16	0.50959
9	16	0.69229
12	16	0.6455
13	16	0.79793
15	16	0.8301
17	16	0.6425
21	16	0.88754
22	16	0.92409
23	16	0.7986
24	16	0.69115
26	16	0.80273
29	16	0.95365
33	16	0.81135
35	16	0.81654
36	16	0.88075
37	16	0.90052
40	16	0.72266
41	16	0.67959
46	16	0.75926
47	16	0.82097
49	16	0.64536
50	16	0.70161
53	16	0.70294
56	16	0.67431
57	16	0.78652
66	16	0.71855
73	16	0.67343
76	16	0.6347
81	16	0.84832
84	16	0.6375
85	16	0.87692
93	16	0.87815
96	16	0.86983
97	16	0.67747
100	16	0.80475
101	16	0.79554
102	16	0.75221
103	16	0.73783
106	16	0.66638
111	16	0.81706
114	16	0.67586
116	16	0.76221
120	16	0.74111
121	16	0.64417
126	16	0.71377
141	16	0.6646
144	16	0.82056
148	16	0.71875
150	16	0.70351
3	17	0.96564
4	17	0.96276
5	17	0.86261
7	17	0.9017
8	17	0.54138
9	17	0.73033
11	17	0.88377
12	17	0.87819
13	17	0.84788
14	17	0.94134
16	17	0.6425
18	17	0.74111
20	17	0.84975
22	17	0.72925
24	17	0.84457
25	17	0.84961
26	17	0.67538
29	17	0.61545
32	17	0.94507
34	17	0.84333
35	17	0.86416
36	17	0.87485
37	17	0.85148
41	17	0.94601
46	17	0.73652
48	17	0.88783
49	17	0.84965
52	17	0.83144
55	17	0.90134
57	17	0.80646
63	17	0.84383
67	17	0.84585
73	17	0.65183
74	17	0.86635
76	17	0.89938
80	17	0.85582
84	17	0.80231
85	17	0.853
87	17	0.84632
93	17	0.82364
94	17	0.85619
96	17	0.85573
97	17	0.8717
98	17	0.85899
100	17	0.9062
101	17	0.93964
102	17	0.88322
103	17	0.91831
105	17	0.60374
106	17	0.88414
111	17	0.87869
112	17	0.86615
114	17	0.9063
116	17	0.86941
120	17	0.88282
126	17	0.95997
133	17	0.89421
138	17	0.83914
139	17	0.85798
141	17	0.9038
142	17	0.84332
143	17	0.97308
144	17	0.93679
146	17	0.88228
4	18	0.70099
5	18	0.78442
8	18	0.40274
13	18	0.71387
15	18	0.74298
17	18	0.74111
19	18	0.73884
21	18	0.77721
22	18	0.8114
24	18	0.74918
26	18	0.91424
32	18	0.80062
33	18	0.84039
34	18	0.77759
35	18	0.80573
37	18	0.75956
40	18	0.7671
41	18	0.70283
43	18	0.72857
47	18	0.7937
49	18	0.7742
50	18	0.78768
51	18	0.70706
52	18	0.67997
53	18	0.87888
56	18	0.80256
57	18	0.78941
63	18	0.69445
66	18	0.76964
69	18	0.8313
78	18	0.75389
80	18	0.71126
81	18	0.83537
99	18	0.71795
101	18	0.81881
102	18	0.70439
103	18	0.79769
104	18	0.85428
105	18	0.8983
106	18	0.72943
109	18	0.77827
111	18	0.78917
118	18	0.68888
121	18	0.79211
126	18	0.71473
133	18	0.7415
140	18	0.83524
143	18	0.78352
144	18	0.79174
146	18	0.74307
147	18	0.69618
148	18	0.92874
5	19	0.86473
7	19	0.90778
9	19	0.78872
11	19	0.92447
12	19	0.89171
13	19	0.92817
15	19	0.88587
18	19	0.73884
20	19	0.9377
21	19	0.74507
22	19	0.68347
23	19	0.90526
24	19	0.94806
25	19	0.89952
26	19	0.72568
28	19	0.91439
33	19	0.89362
39	19	0.90179
40	19	0.80877
41	19	0.89222
42	19	0.9024
43	19	0.94082
46	19	0.7811
47	19	0.87254
48	19	0.89683
49	19	0.87251
50	19	0.64871
53	19	0.65538
54	19	0.91096
55	19	0.90535
56	19	0.72373
57	19	0.81
60	19	0.92964
62	19	0.911
63	19	0.93674
64	19	0.89321
65	19	0.89189
67	19	0.92893
69	19	0.90045
75	19	0.90742
76	19	0.89938
77	19	0.93472
78	19	0.91629
80	19	0.89477
81	19	0.81584
84	19	0.83762
87	19	0.90312
88	19	0.89996
95	19	0.89944
98	19	0.93979
99	19	0.93488
102	19	0.89883
104	19	0.88183
105	19	0.52931
106	19	0.91467
109	19	0.92863
111	19	0.88662
112	19	0.93933
113	19	0.91314
114	19	0.92156
118	19	0.92987
120	19	0.89236
121	19	0.89066
130	19	0.93719
134	19	0.88433
135	19	0.92571
138	19	0.93992
139	19	0.90041
140	19	0.86058
141	19	0.92244
142	19	0.89675
146	19	0.96556
147	19	0.91638
148	19	0.84265
2	20	0.95175
4	20	0.9008
6	20	0.95071
7	20	0.97019
9	20	0.71202
10	20	0.92482
11	20	0.97581
12	20	0.93579
13	20	0.89391
14	20	0.9634
15	20	0.87017
17	20	0.84975
19	20	0.9377
23	20	0.90689
24	20	0.90668
25	20	0.97202
28	20	0.9267
38	20	0.9465
39	20	0.95045
41	20	0.95026
42	20	0.9459
45	20	0.9848
46	20	0.72225
48	20	0.97904
54	20	0.94962
55	20	0.98015
58	20	0.93965
60	20	0.95738
62	20	0.97592
63	20	0.96202
66	20	0.86487
67	20	0.97811
72	20	0.95751
73	20	0.51869
74	20	0.92457
75	20	0.96732
76	20	0.97126
77	20	0.95488
80	20	0.92272
82	20	0.95843
83	20	0.95811
84	20	0.81223
85	20	0.783
86	20	0.95534
87	20	0.98996
88	20	0.94801
91	20	0.96816
92	20	0.9489
93	20	0.81681
94	20	0.97742
95	20	0.96863
96	20	0.81766
97	20	0.95194
98	20	0.98633
99	20	0.90788
100	20	0.85928
102	20	0.86687
106	20	0.93562
108	20	0.96724
110	20	0.96445
112	20	0.98173
113	20	0.97682
114	20	0.97618
115	20	0.94948
116	20	0.8928
118	20	0.94726
120	20	0.93931
122	20	0.96183
126	20	0.9152
128	20	0.97482
130	20	0.96362
131	20	0.95158
132	20	0.97534
134	20	0.81752
135	20	0.95393
138	20	0.98198
139	20	0.9833
141	20	0.97544
143	20	0.8574
146	20	0.96559
150	20	0.9208
3	21	0.6639
5	21	0.8876
8	21	0.49714
9	21	0.67736
13	21	0.85704
15	21	0.82469
16	21	0.88754
18	21	0.77721
19	21	0.74507
22	21	0.93047
23	21	0.81009
24	21	0.74228
26	21	0.93842
29	21	0.74828
33	21	0.93563
35	21	0.76883
36	21	0.78399
37	21	0.84291
40	21	0.79838
43	21	0.71934
46	21	0.68487
47	21	0.84709
49	21	0.78165
50	21	0.91307
53	21	0.78388
56	21	0.89629
57	21	0.87207
66	21	0.6955
69	21	0.67187
73	21	0.59017
74	21	0.66169
81	21	0.85201
85	21	0.73427
93	21	0.78274
96	21	0.76299
100	21	0.70639
101	21	0.77768
102	21	0.72828
103	21	0.71582
104	21	0.74794
105	21	0.59349
106	21	0.73157
111	21	0.79597
114	21	0.66981
116	21	0.6649
120	21	0.72378
121	21	0.80921
126	21	0.71798
141	21	0.663
144	21	0.82666
146	21	0.72102
148	21	0.83772
150	21	0.69459
3	22	0.78446
5	22	0.89467
8	22	0.54413
9	22	0.67439
13	22	0.81894
15	22	0.86751
16	22	0.92409
17	22	0.72925
18	22	0.8114
19	22	0.68347
21	22	0.93047
23	22	0.80618
24	22	0.76382
26	22	0.94111
29	22	0.81556
33	22	0.88973
34	22	0.70131
35	22	0.87338
36	22	0.88307
37	22	0.92237
40	22	0.75055
41	22	0.74044
47	22	0.89338
49	22	0.7739
50	22	0.84723
52	22	0.71381
53	22	0.87907
56	22	0.76506
57	22	0.88136
66	22	0.80576
73	22	0.64326
81	22	0.91664
85	22	0.82158
93	22	0.85755
96	22	0.81466
100	22	0.76535
101	22	0.84579
102	22	0.76282
103	22	0.8288
104	22	0.70449
105	22	0.68971
106	22	0.72455
111	22	0.8492
114	22	0.7101
116	22	0.76526
120	22	0.76016
121	22	0.72662
126	22	0.77436
143	22	0.6946
144	22	0.8658
146	22	0.71301
148	22	0.8321
150	22	0.76015
3	23	0.80972
5	23	0.91527
7	23	0.91013
8	23	0.46041
9	23	0.69716
11	23	0.90154
12	23	0.86687
13	23	0.96479
14	23	0.91446
15	23	0.97095
16	23	0.7986
19	23	0.90526
20	23	0.90689
21	23	0.81009
22	23	0.80618
24	23	0.87411
25	23	0.89474
26	23	0.73993
29	23	0.72418
33	23	0.90761
35	23	0.7705
36	23	0.91336
37	23	0.7929
40	23	0.69272
41	23	0.93663
43	23	0.90144
46	23	0.75001
47	23	0.95833
48	23	0.9177
49	23	0.86256
50	23	0.65083
53	23	0.6773
55	23	0.92413
56	23	0.63616
57	23	0.79296
62	23	0.91209
63	23	0.90492
66	23	0.8875
73	23	0.62275
74	23	0.91445
75	23	0.88862
76	23	0.94782
77	23	0.90779
78	23	0.89592
80	23	0.90386
81	23	0.87068
82	23	0.90777
84	23	0.75674
85	23	0.88387
87	23	0.91682
93	23	0.94683
95	23	0.91473
96	23	0.90918
97	23	0.93647
98	23	0.90673
100	23	0.92679
101	23	0.89822
102	23	0.88742
103	23	0.87464
106	23	0.95218
111	23	0.88732
112	23	0.93732
114	23	0.95735
116	23	0.93957
118	23	0.90967
120	23	0.98512
121	23	0.90572
126	23	0.93848
134	23	0.76443
138	23	0.92745
139	23	0.92391
141	23	0.95468
144	23	0.94758
146	23	0.94968
148	23	0.85063
150	23	0.9613
3	24	0.7821
5	24	0.89442
7	24	0.91415
9	24	0.88493
11	24	0.89216
12	24	0.93332
13	24	0.91067
14	24	0.86983
15	24	0.90028
16	24	0.69115
17	24	0.84457
18	24	0.74918
19	24	0.94806
20	24	0.90668
21	24	0.74228
22	24	0.76382
23	24	0.87411
26	24	0.7611
28	24	0.87289
29	24	0.59068
32	24	0.85734
33	24	0.88018
34	24	0.85534
35	24	0.83604
36	24	0.82264
37	24	0.78447
40	24	0.87088
41	24	0.90623
46	24	0.86257
47	24	0.8781
49	24	0.84221
50	24	0.63927
53	24	0.73962
55	24	0.87718
56	24	0.7063
57	24	0.87621
60	24	0.91016
63	24	0.86477
66	24	0.91876
67	24	0.86285
76	24	0.87506
77	24	0.87498
78	24	0.86269
81	24	0.88702
84	24	0.90978
85	24	0.83378
87	24	0.86068
93	24	0.83591
96	24	0.8601
98	24	0.92634
99	24	0.93945
101	24	0.84978
102	24	0.93628
103	24	0.83509
105	24	0.53996
106	24	0.86047
109	24	0.88962
111	24	0.96122
112	24	0.91073
114	24	0.91597
120	24	0.87389
126	24	0.87218
130	24	0.88873
134	24	0.89186
138	24	0.874
141	24	0.89936
144	24	0.87174
146	24	0.92231
147	24	0.8676
148	24	0.8183
150	24	0.8596
2	25	0.98374
4	25	0.90228
6	25	0.97804
7	25	0.95974
10	25	0.92438
11	25	0.982
12	25	0.86836
14	25	0.96085
17	25	0.84961
19	25	0.89952
20	25	0.97202
23	25	0.89474
27	25	0.966
28	25	0.87015
30	25	0.9721
31	25	0.95273
32	25	0.9215
34	25	0.93683
38	25	0.95738
39	25	0.98856
41	25	0.94963
42	25	0.98827
43	25	0.924
44	25	0.9617
45	25	0.98283
48	25	0.98831
49	25	0.85286
51	25	0.92473
54	25	0.97893
55	25	0.98047
58	25	0.95376
59	25	0.96668
60	25	0.92753
61	25	0.97449
62	25	0.99143
63	25	0.9823
64	25	0.96753
66	25	0.87094
67	25	0.98676
68	25	0.95078
69	25	0.91271
70	25	0.95837
71	25	0.97829
72	25	0.98978
74	25	0.90948
75	25	0.98259
76	25	0.97449
77	25	0.96536
78	25	0.97397
79	25	0.95798
80	25	0.94673
82	25	0.97912
83	25	0.97507
86	25	0.99348
87	25	0.98333
88	25	0.98009
89	25	0.96543
90	25	0.96235
91	25	0.99369
92	25	0.97148
94	25	0.97684
95	25	0.98574
97	25	0.91755
98	25	0.97094
99	25	0.87593
103	25	0.82997
104	25	0.88129
106	25	0.94914
107	25	0.97409
108	25	0.97682
109	25	0.94978
110	25	0.97588
112	25	0.9563
113	25	0.99023
114	25	0.95868
115	25	0.98087
116	25	0.87039
117	25	0.9814
118	25	0.97336
120	25	0.93974
121	25	0.8556
122	25	0.96794
123	25	0.96439
124	25	0.94564
125	25	0.95904
126	25	0.91585
127	25	0.95537
128	25	0.96889
130	25	0.974
131	25	0.97258
132	25	0.98892
133	25	0.91588
135	25	0.96375
137	25	0.96346
138	25	0.99017
139	25	0.98497
140	25	0.86941
141	25	0.95057
142	25	0.97412
143	25	0.88811
145	25	0.95735
146	25	0.96563
147	25	0.96986
149	25	0.88943
150	25	0.94151
3	26	0.68559
5	26	0.84185
8	26	0.40475
13	26	0.79318
15	26	0.79157
16	26	0.80273
17	26	0.67538
18	26	0.91424
19	26	0.72568
21	26	0.93842
22	26	0.94111
23	26	0.73993
24	26	0.7611
29	26	0.62567
32	26	0.67588
33	26	0.92026
34	26	0.68961
35	26	0.8177
36	26	0.73829
37	26	0.85747
40	26	0.80776
41	26	0.66814
43	26	0.70441
47	26	0.83343
49	26	0.79942
50	26	0.93217
52	26	0.63097
53	26	0.90197
56	26	0.90034
57	26	0.89775
66	26	0.74515
69	26	0.73212
81	26	0.88153
85	26	0.66912
93	26	0.72141
96	26	0.68112
101	26	0.79235
102	26	0.71168
103	26	0.77405
104	26	0.78703
105	26	0.79064
106	26	0.694
109	26	0.69965
111	26	0.81012
120	26	0.6815
121	26	0.78547
126	26	0.7045
140	26	0.74209
143	26	0.6897
144	26	0.81366
146	26	0.71648
148	26	0.88614
150	26	0.6756
2	27	0.99279
6	27	0.99248
10	27	0.9538
25	27	0.966
28	27	0.87278
30	27	0.98457
31	27	0.9881
38	27	0.97304
39	27	0.98359
42	27	0.97262
43	27	0.91608
44	27	0.97968
51	27	0.95246
58	27	0.96861
59	27	0.99131
60	27	0.91364
61	27	0.97718
62	27	0.96519
64	27	0.97918
65	27	0.98588
67	27	0.9639
68	27	0.9824
69	27	0.91035
70	27	0.98354
71	27	0.98701
72	27	0.97294
75	27	0.98075
77	27	0.96361
78	27	0.95429
79	27	0.99188
82	27	0.96144
83	27	0.97448
86	27	0.97941
88	27	0.98935
89	27	0.98263
90	27	0.97923
91	27	0.96833
92	27	0.98012
95	27	0.96658
99	27	0.86129
104	27	0.85759
107	27	0.99229
108	27	0.98386
109	27	0.93595
110	27	0.96986
113	27	0.97606
115	27	0.98808
117	27	0.98498
119	27	0.98671
122	27	0.9833
123	27	0.98668
124	27	0.95972
125	27	0.99121
127	27	0.98784
128	27	0.97407
129	27	0.9707
130	27	0.97473
131	27	0.99101
132	27	0.97078
136	27	0.98912
137	27	0.98589
140	27	0.86783
145	27	0.97311
147	27	0.96169
149	27	0.93041
2	28	0.88228
6	28	0.88204
7	28	0.89466
9	28	0.75952
11	28	0.88791
12	28	0.90579
19	28	0.91439
20	28	0.9267
24	28	0.87289
25	28	0.87015
27	28	0.87278
31	28	0.88922
39	28	0.88025
40	28	0.69302
45	28	0.89215
46	28	0.73152
54	28	0.86889
55	28	0.87325
60	28	0.96099
62	28	0.86801
63	28	0.89136
67	28	0.92024
71	28	0.876
75	28	0.87189
77	28	0.87447
83	28	0.88352
84	28	0.8445
87	28	0.87934
88	28	0.87835
89	28	0.86593
91	28	0.86966
94	28	0.88032
98	28	0.92166
99	28	0.94063
108	28	0.89101
109	28	0.87313
110	28	0.88276
112	28	0.90461
113	28	0.91623
114	28	0.86938
115	28	0.87866
122	28	0.91151
128	28	0.90326
130	28	0.92585
131	28	0.90448
132	28	0.89458
134	28	0.8641
135	28	0.8826
136	28	0.87522
137	28	0.87445
138	28	0.89301
139	28	0.86861
141	28	0.8677
146	28	0.88076
147	28	0.88554
3	29	0.73188
5	29	0.81283
7	29	0.55618
8	29	0.50575
9	29	0.66643
12	29	0.63112
13	29	0.7018
14	29	0.57632
15	29	0.73982
16	29	0.95365
17	29	0.61545
21	29	0.74828
22	29	0.81556
23	29	0.72418
24	29	0.59068
26	29	0.62567
33	29	0.64032
35	29	0.77925
36	29	0.86131
37	29	0.84895
40	29	0.60335
41	29	0.63145
46	29	0.75706
47	29	0.71207
52	29	0.55351
57	29	0.6627
66	29	0.61294
73	29	0.72217
74	29	0.58051
76	29	0.58017
81	29	0.7113
84	29	0.61763
85	29	0.89246
93	29	0.848
96	29	0.86929
97	29	0.67648
100	29	0.79165
101	29	0.71476
102	29	0.71935
103	29	0.6721
106	29	0.57635
111	29	0.74038
112	29	0.55391
114	29	0.62535
116	29	0.75384
120	29	0.68398
126	29	0.67018
141	29	0.62883
144	29	0.75083
148	29	0.54154
150	29	0.62462
2	30	0.98384
6	30	0.98451
10	30	0.92316
25	30	0.9721
27	30	0.98457
31	30	0.97318
32	30	0.89767
34	30	0.93386
39	30	0.98136
42	30	0.96701
44	30	0.98895
51	30	0.94832
54	30	0.9547
58	30	0.94652
59	30	0.97384
60	30	0.9112
62	30	0.95885
63	30	0.95181
64	30	0.96201
65	30	0.96199
67	30	0.95931
68	30	0.95718
69	30	0.91025
70	30	0.96938
71	30	0.98122
72	30	0.98185
75	30	0.96643
78	30	0.95405
79	30	0.97431
83	30	0.96255
86	30	0.97657
88	30	0.97126
89	30	0.95962
91	30	0.96707
92	30	0.96046
95	30	0.95206
99	30	0.87566
107	30	0.99004
108	30	0.96534
109	30	0.95165
110	30	0.96876
113	30	0.9778
115	30	0.97984
117	30	0.96777
119	30	0.96335
122	30	0.96732
123	30	0.96914
124	30	0.96149
125	30	0.9734
127	30	0.96626
128	30	0.95507
129	30	0.94483
130	30	0.97045
131	30	0.9843
132	30	0.97452
133	30	0.90879
136	30	0.97151
137	30	0.98564
140	30	0.90501
145	30	0.95644
147	30	0.96693
149	30	0.95656
2	31	0.98165
6	31	0.99097
10	31	0.97863
25	31	0.95273
27	31	0.9881
28	31	0.88922
30	31	0.97318
38	31	0.96924
39	31	0.96446
44	31	0.96095
45	31	0.95985
58	31	0.98026
59	31	0.9844
60	31	0.91519
61	31	0.96021
62	31	0.95827
64	31	0.94788
65	31	0.96151
67	31	0.96052
68	31	0.9944
71	31	0.98441
72	31	0.97134
75	31	0.97325
79	31	0.99285
83	31	0.98232
86	31	0.96077
88	31	0.96868
89	31	0.98883
90	31	0.98049
91	31	0.96352
92	31	0.9851
95	31	0.95054
107	31	0.98033
108	31	0.98895
110	31	0.97251
113	31	0.97469
115	31	0.98251
117	31	0.97177
119	31	0.98316
122	31	0.99304
123	31	0.99371
124	31	0.94863
125	31	0.99243
127	31	0.97974
128	31	0.98541
130	31	0.95843
131	31	0.99039
132	31	0.97606
136	31	0.99498
137	31	0.98448
145	31	0.98636
147	31	0.95863
149	31	0.94247
3	32	0.86431
4	32	0.94663
7	32	0.93277
8	32	0.41183
11	32	0.92393
12	32	0.86238
14	32	0.93838
17	32	0.94507
18	32	0.80062
24	32	0.85734
25	32	0.9215
26	32	0.67588
30	32	0.89767
34	32	0.939
35	32	0.79413
37	32	0.76298
39	32	0.91942
41	32	0.94021
42	32	0.91071
48	32	0.91699
49	32	0.86237
52	32	0.7136
53	32	0.63561
54	32	0.90982
55	32	0.92246
57	32	0.76957
62	32	0.88913
63	32	0.92979
66	32	0.8602
67	32	0.92395
69	32	0.90597
76	32	0.92515
78	32	0.92427
80	32	0.93514
84	32	0.78053
86	32	0.9083
88	32	0.88913
91	32	0.9047
94	32	0.89514
98	32	0.91407
99	32	0.88063
100	32	0.87275
101	32	0.91974
103	32	0.92694
104	32	0.87136
105	32	0.64865
106	32	0.92046
107	32	0.88819
109	32	0.93413
111	32	0.86242
112	32	0.90146
113	32	0.9154
114	32	0.91518
115	32	0.89494
118	32	0.90968
120	32	0.88868
124	32	0.88828
126	32	0.9245
130	32	0.91383
132	32	0.89804
133	32	0.94679
138	32	0.90794
139	32	0.8925
140	32	0.84609
141	32	0.89357
142	32	0.90918
143	32	0.9797
144	32	0.89755
146	32	0.9284
147	32	0.9194
148	32	0.84311
5	33	0.90925
8	33	0.4202
9	33	0.70997
13	33	0.93606
15	33	0.92221
16	33	0.81135
18	33	0.84039
19	33	0.89362
21	33	0.93563
22	33	0.88973
23	33	0.90761
24	33	0.88018
26	33	0.92026
29	33	0.64032
34	33	0.81165
35	33	0.77142
36	33	0.81117
37	33	0.80761
40	33	0.82735
41	33	0.81117
43	33	0.88722
46	33	0.71417
47	33	0.93707
49	33	0.88103
50	33	0.88535
53	33	0.84572
56	33	0.88396
57	33	0.89175
63	33	0.81713
66	33	0.85563
69	33	0.86133
77	33	0.83702
78	33	0.84772
80	33	0.81734
81	33	0.93025
93	33	0.83808
101	33	0.85299
102	33	0.81885
104	33	0.90301
105	33	0.63477
106	33	0.86089
109	33	0.83805
111	33	0.88003
112	33	0.81242
114	33	0.82444
118	33	0.83774
120	33	0.85386
121	33	0.9316
126	33	0.82245
138	33	0.81241
140	33	0.83224
141	33	0.80841
144	33	0.88991
146	33	0.88397
148	33	0.92723
150	33	0.84939
2	34	0.91552
7	34	0.92758
14	34	0.91637
15	34	0.89767
17	34	0.84333
18	34	0.77759
22	34	0.70131
24	34	0.85534
25	34	0.93683
26	34	0.68961
30	34	0.93386
32	34	0.939
33	34	0.81165
35	34	0.74678
36	34	0.81514
39	34	0.93355
41	34	0.92945
42	34	0.93085
44	34	0.93864
47	34	0.89083
48	34	0.91777
50	34	0.55221
51	34	0.93706
52	34	0.60741
53	34	0.74004
54	34	0.90655
55	34	0.90879
62	34	0.92748
63	34	0.93208
66	34	0.93323
67	34	0.91911
69	34	0.91447
70	34	0.91815
72	34	0.91683
74	34	0.90285
75	34	0.91748
76	34	0.93125
77	34	0.91855
78	34	0.94559
80	34	0.91402
81	34	0.84425
82	34	0.92483
86	34	0.93106
88	34	0.91515
91	34	0.91517
93	34	0.83152
95	34	0.91961
98	34	0.92059
100	34	0.85036
101	34	0.87597
103	34	0.9328
104	34	0.88617
105	34	0.6427
106	34	0.92702
107	34	0.92339
109	34	0.93628
110	34	0.91646
111	34	0.84912
113	34	0.9208
114	34	0.92598
115	34	0.91311
116	34	0.88322
118	34	0.91579
120	34	0.91955
121	34	0.85259
124	34	0.90609
130	34	0.93323
132	34	0.90759
138	34	0.92852
139	34	0.91013
140	34	0.90319
143	34	0.89099
146	34	0.92823
147	34	0.91121
148	34	0.88271
150	34	0.93455
3	35	0.85659
4	35	0.74882
5	35	0.91503
7	35	0.77614
8	35	0.48141
9	35	0.8488
12	35	0.81206
13	35	0.77617
14	35	0.75626
15	35	0.82786
16	35	0.81654
17	35	0.86416
18	35	0.80573
21	35	0.76883
22	35	0.87338
23	35	0.7705
24	35	0.83604
26	35	0.8177
29	35	0.77925
32	35	0.79413
33	35	0.77142
34	35	0.74678
36	35	0.88481
37	35	0.93092
40	35	0.84188
41	35	0.81926
46	35	0.85571
47	35	0.82507
50	35	0.59508
52	35	0.77503
53	35	0.75433
56	35	0.6309
57	35	0.82672
66	35	0.82732
73	35	0.61482
81	35	0.86515
84	35	0.84908
85	35	0.90479
93	35	0.85544
96	35	0.88812
100	35	0.86325
101	35	0.88229
102	35	0.90266
103	35	0.88792
105	35	0.6552
111	35	0.93703
114	35	0.78075
116	35	0.80324
120	35	0.7711
126	35	0.82437
134	35	0.75602
141	35	0.75524
143	35	0.79872
144	35	0.88013
148	35	0.80522
3	36	0.90064
5	36	0.93073
7	36	0.84454
8	36	0.661
9	36	0.74017
12	36	0.84402
13	36	0.87741
14	36	0.87536
15	36	0.93492
16	36	0.88075
17	36	0.87485
21	36	0.78399
22	36	0.88307
23	36	0.91336
24	36	0.82264
26	36	0.73829
29	36	0.86131
33	36	0.81117
34	36	0.81514
35	36	0.88481
37	36	0.89633
40	36	0.67331
41	36	0.90608
46	36	0.7824
47	36	0.92069
48	36	0.81927
50	36	0.57162
52	36	0.74826
53	36	0.70598
55	36	0.82549
57	36	0.79393
66	36	0.87776
73	36	0.80794
74	36	0.87427
76	36	0.86322
81	36	0.877
84	36	0.75468
85	36	0.96958
87	36	0.79755
93	36	0.9799
96	36	0.96473
97	36	0.88697
98	36	0.79584
100	36	0.94356
101	36	0.93171
102	36	0.87604
103	36	0.91205
106	36	0.86413
111	36	0.90385
112	36	0.81807
114	36	0.89633
116	36	0.9602
120	36	0.9167
126	36	0.91566
139	36	0.8048
141	36	0.87984
143	36	0.80382
144	36	0.93853
146	36	0.82413
150	36	0.89199
3	37	0.91227
4	37	0.75261
5	37	0.9075
8	37	0.5262
9	37	0.75245
12	37	0.74003
13	37	0.83758
14	37	0.74174
15	37	0.8104
16	37	0.90052
17	37	0.85148
18	37	0.75956
21	37	0.84291
22	37	0.92237
23	37	0.7929
24	37	0.78447
26	37	0.85747
29	37	0.84895
32	37	0.76298
33	37	0.80761
35	37	0.93092
36	37	0.89633
40	37	0.77094
41	37	0.79625
46	37	0.77738
47	37	0.81429
49	37	0.78817
50	37	0.65726
52	37	0.79235
53	37	0.71497
56	37	0.68388
57	37	0.91043
66	37	0.76353
73	37	0.66508
76	37	0.73338
81	37	0.83323
84	37	0.73123
85	37	0.88747
93	37	0.84081
96	37	0.86817
100	37	0.86443
101	37	0.90623
102	37	0.82124
103	37	0.88541
105	37	0.58335
106	37	0.7544
111	37	0.8945
114	37	0.75536
116	37	0.78717
120	37	0.78541
126	37	0.83623
141	37	0.74224
143	37	0.80113
144	37	0.90868
146	37	0.7378
148	37	0.77822
2	38	0.96769
6	38	0.97282
10	38	0.95266
20	38	0.9465
25	38	0.95738
27	38	0.97304
31	38	0.96924
39	38	0.95893
42	38	0.95644
43	38	0.94313
44	38	0.95462
51	38	0.93188
58	38	0.96814
59	38	0.9711
61	38	0.97373
62	38	0.97863
64	38	0.96168
65	38	0.9683
67	38	0.95759
68	38	0.97846
70	38	0.95654
71	38	0.96499
72	38	0.96523
75	38	0.98797
77	38	0.97439
79	38	0.9717
82	38	0.96594
83	38	0.96791
86	38	0.96271
87	38	0.95642
88	38	0.97299
89	38	0.97765
90	38	0.97377
91	38	0.96164
92	38	0.97339
95	38	0.98278
107	38	0.96691
108	38	0.98026
110	38	0.96024
113	38	0.95751
115	38	0.97292
117	38	0.97217
118	38	0.96111
119	38	0.96993
121	38	0.85721
122	38	0.96815
123	38	0.97901
125	38	0.97367
127	38	0.95631
128	38	0.97714
129	38	0.95293
131	38	0.96198
132	38	0.96048
135	38	0.96083
136	38	0.95883
138	38	0.9639
140	38	0.8463
145	38	0.96
147	38	0.95274
2	39	0.99193
4	39	0.88019
6	39	0.98811
7	39	0.9316
10	39	0.92075
11	39	0.96313
14	39	0.92282
19	39	0.90179
20	39	0.95045
25	39	0.98856
27	39	0.98359
28	39	0.88025
30	39	0.98136
31	39	0.96446
32	39	0.91942
34	39	0.93355
38	39	0.95893
42	39	0.99518
43	39	0.94304
44	39	0.9743
45	39	0.96243
48	39	0.96375
49	39	0.83842
51	39	0.94817
54	39	0.98512
55	39	0.95149
58	39	0.94667
59	39	0.98226
60	39	0.92494
61	39	0.97962
62	39	0.9802
63	39	0.98838
64	39	0.98828
65	39	0.98405
67	39	0.98737
68	39	0.96022
69	39	0.94652
70	39	0.98199
71	39	0.98584
72	39	0.97709
74	39	0.88677
75	39	0.98296
76	39	0.94443
77	39	0.96959
78	39	0.98162
79	39	0.96716
80	39	0.94518
82	39	0.97455
83	39	0.97634
86	39	0.99679
87	39	0.95752
88	39	0.99349
89	39	0.97016
90	39	0.96774
91	39	0.98478
92	39	0.97174
94	39	0.95436
95	39	0.97575
98	39	0.95296
99	39	0.88212
104	39	0.90747
106	39	0.93277
107	39	0.99081
108	39	0.97563
109	39	0.96429
110	39	0.96932
112	39	0.9354
113	39	0.9897
115	39	0.9896
117	39	0.99117
118	39	0.98075
119	39	0.97352
121	39	0.87567
122	39	0.97346
123	39	0.96894
124	39	0.97501
125	39	0.97306
127	39	0.9757
128	39	0.96307
129	39	0.97664
130	39	0.9827
131	39	0.98572
132	39	0.97977
133	39	0.92206
135	39	0.97169
136	39	0.96354
137	39	0.98287
138	39	0.98322
139	39	0.95983
140	39	0.88775
142	39	0.97713
143	39	0.87017
145	39	0.95965
146	39	0.95623
147	39	0.97858
149	39	0.91547
150	39	0.90034
5	40	0.86025
7	40	0.68333
9	40	0.92382
12	40	0.77088
13	40	0.76963
15	40	0.74629
16	40	0.72266
18	40	0.7671
19	40	0.80877
21	40	0.79838
22	40	0.75055
23	40	0.69272
24	40	0.87088
26	40	0.80776
28	40	0.69302
29	40	0.60335
33	40	0.82735
35	40	0.84188
36	40	0.67331
37	40	0.77094
41	40	0.66752
46	40	0.90036
47	40	0.73046
49	40	0.67359
50	40	0.69199
53	40	0.7143
56	40	0.84585
57	40	0.82222
60	40	0.71463
66	40	0.73959
80	40	0.68065
81	40	0.83145
84	40	0.87777
85	40	0.73452
93	40	0.69255
96	40	0.7655
98	40	0.69309
99	40	0.80253
100	40	0.70506
101	40	0.7313
102	40	0.85004
103	40	0.6658
104	40	0.67194
111	40	0.89513
112	40	0.66607
114	40	0.67934
121	40	0.67364
134	40	0.8891
144	40	0.73914
146	40	0.71111
148	40	0.79516
3	41	0.90125
4	41	0.93612
5	41	0.87984
7	41	0.97872
8	41	0.47063
9	41	0.7292
11	41	0.9594
12	41	0.93328
13	41	0.91282
14	41	0.98896
15	41	0.92453
16	41	0.67959
17	41	0.94601
18	41	0.70283
19	41	0.89222
20	41	0.95026
22	41	0.74044
23	41	0.93663
24	41	0.90623
25	41	0.94963
26	41	0.66814
29	41	0.63145
32	41	0.94021
33	41	0.81117
34	41	0.92945
35	41	0.81926
36	41	0.90608
37	41	0.79625
40	41	0.66752
45	41	0.93476
46	41	0.7566
47	41	0.91422
48	41	0.96772
49	41	0.87732
52	41	0.69099
53	41	0.64656
55	41	0.9772
57	41	0.78951
62	41	0.93617
63	41	0.93172
66	41	0.92342
67	41	0.93385
72	41	0.91851
73	41	0.61131
74	41	0.92656
76	41	0.98222
78	41	0.91624
80	41	0.92504
81	41	0.8279
84	41	0.82888
85	41	0.88647
86	41	0.91713
87	41	0.95155
91	41	0.92904
93	41	0.90606
94	41	0.94363
95	41	0.92213
96	41	0.89574
97	41	0.95921
98	41	0.95844
99	41	0.86874
100	41	0.94212
101	41	0.93013
102	41	0.91515
103	41	0.92621
105	41	0.54291
106	41	0.95363
111	41	0.90955
112	41	0.95938
113	41	0.92751
114	41	0.9878
116	41	0.9538
120	41	0.97533
126	41	0.98322
132	41	0.92298
133	41	0.88811
134	41	0.78319
138	41	0.94692
139	41	0.96128
141	41	0.97895
142	41	0.91913
143	41	0.93516
144	41	0.94759
146	41	0.96093
148	41	0.80687
150	41	0.96005
2	42	0.98455
4	42	0.87551
6	42	0.97715
7	42	0.92516
11	42	0.96291
14	42	0.92528
19	42	0.9024
20	42	0.9459
25	42	0.98827
27	42	0.97262
30	42	0.96701
32	42	0.91071
34	42	0.93085
38	42	0.95644
39	42	0.99518
43	42	0.95265
44	42	0.96244
48	42	0.96819
49	42	0.85658
51	42	0.94451
54	42	0.98552
55	42	0.95219
59	42	0.97471
61	42	0.98223
62	42	0.98074
63	42	0.98659
64	42	0.98841
65	42	0.97941
67	42	0.98284
68	42	0.94855
69	42	0.94818
70	42	0.97935
71	42	0.97959
72	42	0.97115
74	42	0.90304
75	42	0.97924
76	42	0.94912
77	42	0.96878
78	42	0.98257
79	42	0.95417
80	42	0.94928
82	42	0.97608
83	42	0.96769
86	42	0.99557
87	42	0.95869
88	42	0.98864
89	42	0.96162
90	42	0.96286
91	42	0.98188
92	42	0.9653
94	42	0.95275
95	42	0.97685
98	42	0.94446
99	42	0.86079
104	42	0.92208
106	42	0.9524
107	42	0.98112
108	42	0.96596
109	42	0.95434
113	42	0.98066
114	42	0.9279
115	42	0.9794
117	42	0.98836
118	42	0.98268
119	42	0.96743
120	42	0.91474
121	42	0.8988
123	42	0.95793
124	42	0.96864
125	42	0.96216
127	42	0.96653
129	42	0.97553
130	42	0.9723
131	42	0.97113
132	42	0.97214
133	42	0.91039
135	42	0.97307
136	42	0.94818
137	42	0.97
138	42	0.98551
139	42	0.96146
140	42	0.87951
141	42	0.91942
142	42	0.98314
143	42	0.86265
145	42	0.94866
146	42	0.95985
147	42	0.96803
148	42	0.81133
149	42	0.89097
150	42	0.91722
2	43	0.91402
6	43	0.92354
11	43	0.91915
13	43	0.90108
18	43	0.72857
19	43	0.94082
21	43	0.71934
23	43	0.90144
25	43	0.924
26	43	0.70441
27	43	0.91608
33	43	0.88722
38	43	0.94313
39	43	0.94304
42	43	0.95265
44	43	0.91419
47	43	0.86388
49	43	0.89325
50	43	0.68077
51	43	0.92369
53	43	0.64556
54	43	0.95835
56	43	0.69001
59	43	0.91312
61	43	0.92761
62	43	0.94102
63	43	0.96266
64	43	0.96
65	43	0.95697
67	43	0.93836
69	43	0.95853
70	43	0.93737
71	43	0.91016
75	43	0.94652
77	43	0.95292
78	43	0.95361
82	43	0.92206
86	43	0.93734
88	43	0.94144
91	43	0.90959
95	43	0.93701
104	43	0.9526
105	43	0.56315
106	43	0.92763
107	43	0.92945
109	43	0.94977
113	43	0.92062
115	43	0.92005
117	43	0.93085
118	43	0.96871
119	43	0.91652
121	43	0.96278
124	43	0.93982
129	43	0.96058
130	43	0.92676
131	43	0.91404
135	43	0.96442
137	43	0.91381
138	43	0.95235
140	43	0.90132
142	43	0.9419
146	43	0.95804
147	43	0.94181
148	43	0.85171
2	44	0.97154
6	44	0.97237
25	44	0.9617
27	44	0.97968
30	44	0.98895
31	44	0.96095
34	44	0.93864
38	44	0.95462
39	44	0.9743
42	44	0.96244
43	44	0.91419
51	44	0.97509
53	44	0.62552
59	44	0.964
62	44	0.95712
63	44	0.95123
64	44	0.96918
65	44	0.97174
66	44	0.85639
67	44	0.9477
68	44	0.94771
69	44	0.93555
70	44	0.98087
71	44	0.96604
72	44	0.97213
75	44	0.96382
77	44	0.95458
78	44	0.9662
79	44	0.96442
86	44	0.9666
88	44	0.97172
89	44	0.94814
91	44	0.95301
95	44	0.95583
104	44	0.89009
105	44	0.53399
107	44	0.98906
108	44	0.95258
109	44	0.964
110	44	0.94987
113	44	0.95963
115	44	0.97758
117	44	0.96236
118	44	0.94726
119	44	0.95051
122	44	0.9479
123	44	0.95835
124	44	0.95668
125	44	0.96445
127	44	0.9543
129	44	0.95823
130	44	0.96669
131	44	0.96904
132	44	0.95541
133	44	0.89725
136	44	0.95254
137	44	0.97378
140	44	0.92605
147	44	0.97202
149	44	0.93045
2	45	0.97343
4	45	0.88746
6	45	0.96964
7	45	0.96102
10	45	0.95828
11	45	0.97032
12	45	0.895
14	45	0.95913
