3	2	0.8495
4	2	0.98448
5	2	0.99098
7	2	0.99532
8	2	0.84317
9	2	0.9529
10	2	0.95628
11	2	0.98875
12	2	0.94939
14	2	0.98122
15	2	0.96887
16	2	0.94818
17	2	0.95353
19	2	0.99814
20	2	0.99511
21	2	0.98124
22	2	0.98165
24	2	0.98037
25	2	0.98606
27	2	0.99296
28	2	0.99054
29	2	0.9785
31	2	0.99551
32	2	0.99131
33	2	0.97466
34	2	0.98777
35	2	0.96702
36	2	0.92891
37	2	0.9801
38	2	0.98638
40	2	0.97113
42	2	0.97812
45	2	0.97847
46	2	0.99254
50	2	0.91097
52	2	0.95156
55	2	0.97583
56	2	0.95174
57	2	0.97032
58	2	0.9864
60	2	0.97656
62	2	0.9873
73	2	0.90516
74	2	0.9319
78	2	0.96758
79	2	0.99002
80	2	0.96663
81	2	0.97197
84	2	0.97532
85	2	0.98981
95	2	0.98309
96	2	0.98248
97	2	0.97407
98	2	0.97274
100	2	0.97907
101	2	0.94832
102	2	0.98465
103	2	0.98474
105	2	0.96313
110	2	0.98886
111	2	0.96769
113	2	0.98577
116	2	0.98603
120	2	0.96947
128	2	0.98046
132	2	0.98298
143	2	0.96448
144	2	0.92959
148	2	0.97661
150	2	0.97819
2	3	0.8495
7	3	0.87102
8	3	0.82925
10	3	0.85456
11	3	0.85029
14	3	0.87242
15	3	0.84781
20	3	0.85846
24	3	0.84926
25	3	0.83673
26	3	0.84099
27	3	0.85746
28	3	0.84106
31	3	0.84028
32	3	0.86248
33	3	0.86053
35	3	0.85995
37	3	0.88283
38	3	0.85713
39	3	0.84389
42	3	0.85453
47	3	0.84916
54	3	0.84171
55	3	0.87124
58	3	0.86008
63	3	0.8489
64	3	0.84318
66	3	0.87115
72	3	0.89476
85	3	0.87881
90	3	0.88922
94	3	0.86743
95	3	0.8412
97	3	0.84077
103	3	0.85947
104	3	0.84043
111	3	0.85364
113	3	0.85778
114	3	0.83955
115	3	0.85115
117	3	0.84254
120	3	0.86039
125	3	0.89004
126	3	0.88614
127	3	0.88074
128	3	0.85125
138	3	0.83644
142	3	0.83807
143	3	0.85225
145	3	0.8466
150	3	0.86955
2	4	0.98448
5	4	0.9816
7	4	0.98873
8	4	0.79585
9	4	0.93998
10	4	0.93959
11	4	0.98324
12	4	0.93133
14	4	0.98829
16	4	0.96769
17	4	0.95248
19	4	0.98559
20	4	0.98372
21	4	0.95916
22	4	0.95123
24	4	0.99206
25	4	0.97633
27	4	0.98872
28	4	0.99406
31	4	0.99399
32	4	0.9862
33	4	0.96788
34	4	0.97607
35	4	0.9755
36	4	0.90022
38	4	0.97534
39	4	0.9733
40	4	0.94139
42	4	0.97699
45	4	0.97536
46	4	0.97917
47	4	0.97761
49	4	0.96583
50	4	0.88828
52	4	0.91397
55	4	0.97858
56	4	0.9176
57	4	0.962
58	4	0.97995
60	4	0.98358
62	4	0.99009
66	4	0.97222
69	4	0.9727
72	4	0.96882
73	4	0.85652
74	4	0.90232
78	4	0.95002
79	4	0.98971
81	4	0.97215
84	4	0.97716
85	4	0.98162
87	4	0.98162
90	4	0.97588
95	4	0.98134
96	4	0.96831
97	4	0.97488
98	4	0.98661
100	4	0.95466
101	4	0.93667
102	4	0.98718
103	4	0.97879
104	4	0.9741
105	4	0.98384
107	4	0.97763
110	4	0.99507
111	4	0.9726
113	4	0.99298
116	4	0.99012
120	4	0.97357
128	4	0.98838
132	4	0.98332
143	4	0.9349
144	4	0.90056
148	4	0.98734
150	4	0.98511
2	5	0.99098
4	5	0.9816
7	5	0.98483
8	5	0.83576
9	5	0.95213
10	5	0.93634
11	5	0.98073
12	5	0.96115
14	5	0.96676
15	5	0.94067
16	5	0.96548
17	5	0.95528
19	5	0.99599
20	5	0.99265
21	5	0.96539
22	5	0.97888
24	5	0.97411
25	5	0.98501
27	5	0.98266
28	5	0.98806
29	5	0.9743
31	5	0.98885
32	5	0.98738
34	5	0.98984
36	5	0.94806
37	5	0.96131
38	5	0.97006
40	5	0.97456
45	5	0.97693
46	5	0.99715
50	5	0.92378
52	5	0.95843
56	5	0.96418
57	5	0.96552
58	5	0.97375
60	5	0.97186
62	5	0.97899
73	5	0.90752
74	5	0.94956
78	5	0.97563
79	5	0.99634
80	5	0.96077
84	5	0.96949
85	5	0.97097
95	5	0.97478
96	5	0.99133
97	5	0.96087
98	5	0.97011
100	5	0.9715
101	5	0.96179
102	5	0.99068
103	5	0.981
110	5	0.99228
111	5	0.96103
113	5	0.97982
116	5	0.99421
128	5	0.97113
132	5	0.98884
143	5	0.96332
144	5	0.9354
148	5	0.97338
150	5	0.96532
13	6	0.9679
18	6	0.94251
30	6	0.99408
43	6	0.97874
44	6	0.97775
48	6	0.98835
51	6	0.99524
53	6	0.9834
59	6	0.98921
61	6	0.97325
63	6	0.94037
65	6	0.98344
67	6	0.96836
68	6	0.99561
70	6	0.96588
71	6	0.98862
75	6	0.9686
77	6	0.98399
82	6	0.95006
86	6	0.99721
88	6	0.97555
89	6	0.99506
91	6	0.97879
92	6	0.94766
99	6	0.97019
108	6	0.95897
109	6	0.99078
112	6	0.99308
115	6	0.95342
117	6	0.95649
118	6	0.98143
119	6	0.99675
121	6	0.98227
122	6	0.98069
123	6	0.97634
127	6	0.94963
129	6	0.99735
130	6	0.95865
131	6	0.99455
133	6	0.98333
135	6	0.99326
136	6	0.98791
137	6	0.98237
138	6	0.94992
139	6	0.98198
140	6	0.9718
142	6	0.97421
145	6	0.94747
146	6	0.9924
147	6	0.99418
149	6	0.9242
2	7	0.99532
3	7	0.87102
4	7	0.98873
5	7	0.98483
8	7	0.83973
9	7	0.93633
10	7	0.94932
11	7	0.98573
12	7	0.93791
14	7	0.9846
15	7	0.96945
16	7	0.94097
17	7	0.95059
19	7	0.99213
20	7	0.99402
21	7	0.97874
22	7	0.96809
24	7	0.9888
25	7	0.98586
27	7	0.9987
28	7	0.9895
29	7	0.96679
31	7	0.99334
32	7	0.99177
33	7	0.98476
34	7	0.97419
35	7	0.96711
36	7	0.91073
37	7	0.97459
38	7	0.98992
40	7	0.95446
42	7	0.98084
45	7	0.98246
46	7	0.98172
47	7	0.97316
50	7	0.89776
52	7	0.93417
55	7	0.98593
56	7	0.93515
57	7	0.96082
58	7	0.99046
60	7	0.97578
62	7	0.98868
66	7	0.96733
72	7	0.9752
73	7	0.89574
74	7	0.91274
78	7	0.9593
79	7	0.98697
80	7	0.96223
81	7	0.97674
84	7	0.97107
85	7	0.99285
87	7	0.96937
90	7	0.97935
93	7	0.96974
95	7	0.98766
96	7	0.97373
97	7	0.98512
98	7	0.9734
100	7	0.97555
101	7	0.93662
102	7	0.97976
103	7	0.98411
105	7	0.96454
110	7	0.9881
111	7	0.96587
113	7	0.98988
116	7	0.98018
120	7	0.97952
128	7	0.98108
132	7	0.98414
143	7	0.95893
144	7	0.91452
148	7	0.98314
150	7	0.99253
2	8	0.84317
3	8	0.82925
4	8	0.79585
5	8	0.83576
7	8	0.83973
9	8	0.79172
10	8	0.7749
11	8	0.84536
12	8	0.81187
14	8	0.78878
15	8	0.79595
19	8	0.8476
20	8	0.87748
22	8	0.87885
24	8	0.79643
25	8	0.86026
27	8	0.8243
28	8	0.82902
29	8	0.83618
31	8	0.81609
32	8	0.86605
34	8	0.80524
36	8	0.868
37	8	0.85026
38	8	0.78103
40	8	0.80809
45	8	0.85365
46	8	0.82711
50	8	0.81428
52	8	0.84423
56	8	0.83643
58	8	0.81054
73	8	0.97632
74	8	0.84842
78	8	0.8098
79	8	0.81629
80	8	0.80112
85	8	0.79448
95	8	0.78654
96	8	0.8217
101	8	0.78724
103	8	0.81984
110	8	0.81561
111	8	0.78322
113	8	0.79583
116	8	0.80013
128	8	0.77563
132	8	0.85816
143	8	0.9078
150	8	0.79758
2	9	0.9529
4	9	0.93998
5	9	0.95213
7	9	0.93633
8	9	0.79172
10	9	0.94524
11	9	0.97398
12	9	0.9727
17	9	0.96371
19	9	0.95372
20	9	0.94497
21	9	0.93161
22	9	0.92176
24	9	0.91898
25	9	0.96421
27	9	0.94031
28	9	0.93883
29	9	0.93985
31	9	0.94511
32	9	0.95662
34	9	0.97044
36	9	0.95582
37	9	0.93703
38	9	0.93831
40	9	0.97362
45	9	0.96109
46	9	0.95299
50	9	0.95282
52	9	0.96698
56	9	0.96444
57	9	0.97112
58	9	0.95282
62	9	0.92218
73	9	0.87825
74	9	0.96312
78	9	0.96941
79	9	0.95811
80	9	0.93955
85	9	0.93382
95	9	0.95177
96	9	0.97047
100	9	0.92952
101	9	0.97495
102	9	0.94138
105	9	0.9465
110	9	0.95287
116	9	0.95426
120	9	0.91698
128	9	0.9444
132	9	0.9559
143	9	0.9445
144	9	0.95358
2	10	0.95628
3	10	0.85456
4	10	0.93959
5	10	0.93634
7	10	0.94932
8	10	0.7749
9	10	0.94524
11	10	0.97092
12	10	0.94408
14	10	0.94677
15	10	0.9327
17	10	0.96849
19	10	0.94747
20	10	0.94329
21	10	0.94565
25	10	0.95824
27	10	0.9468
28	10	0.93582
31	10	0.94591
32	10	0.95951
33	10	0.93333
34	10	0.95795
35	10	0.93321
36	10	0.90457
37	10	0.96712
38	10	0.95772
40	10	0.958
42	10	0.9389
45	10	0.95284
46	10	0.94227
50	10	0.93319
52	10	0.92022
55	10	0.93174
56	10	0.93097
57	10	0.97434
58	10	0.97209
60	10	0.93217
62	10	0.9369
73	10	0.85874
74	10	0.91524
78	10	0.95472
79	10	0.94225
85	10	0.95941
90	10	0.94921
95	10	0.97066
96	10	0.94963
100	10	0.9311
101	10	0.94886
104	10	0.93411
105	10	0.96147
110	10	0.95099
113	10	0.93472
116	10	0.94375
120	10	0.96342
128	10	0.97448
132	10	0.945
143	10	0.95313
144	10	0.92392
2	11	0.98875
3	11	0.85029
4	11	0.98324
5	11	0.98073
7	11	0.98573
8	11	0.84536
9	11	0.97398
10	11	0.97092
12	11	0.96562
14	11	0.97114
15	11	0.94464
16	11	0.93083
17	11	0.97224
19	11	0.98691
20	11	0.98792
21	11	0.96058
22	11	0.95637
24	11	0.96942
25	11	0.99259
27	11	0.98469
28	11	0.98219
29	11	0.95675
31	11	0.98491
32	11	0.99545
34	11	0.98388
36	11	0.94463
37	11	0.97098
38	11	0.97612
40	11	0.9703
42	11	0.95642
45	11	0.9903
46	11	0.97907
50	11	0.94143
52	11	0.95538
56	11	0.95626
57	11	0.97604
58	11	0.98855
60	11	0.95717
62	11	0.96964
73	11	0.90992
74	11	0.94774
78	11	0.97386
79	11	0.98505
80	11	0.95412
85	11	0.97853
90	11	0.96187
95	11	0.98546
96	11	0.98163
97	11	0.95636
100	11	0.95575
101	11	0.96586
102	11	0.96924
103	11	0.96164
105	11	0.97368
110	11	0.98879
113	11	0.97254
116	11	0.98215
120	11	0.96639
128	11	0.98565
132	11	0.98953
143	11	0.97371
144	11	0.93243
150	11	0.96955
2	12	0.94939
4	12	0.93133
5	12	0.96115
7	12	0.93791
8	12	0.81187
9	12	0.9727
10	12	0.94408
11	12	0.96562
17	12	0.98407
19	12	0.95381
20	12	0.95052
21	12	0.92886
22	12	0.92082
25	12	0.97856
27	12	0.94155
28	12	0.92598
29	12	0.9514
31	12	0.93245
32	12	0.96087
34	12	0.9692
36	12	0.9855
37	12	0.9442
38	12	0.93573
40	12	0.98896
45	12	0.97527
46	12	0.95347
50	12	0.98989
52	12	0.98393
56	12	0.99113
57	12	0.97256
58	12	0.95831
62	12	0.91192
73	12	0.90637
74	12	0.98982
78	12	0.99579
79	12	0.96558
80	12	0.95925
85	12	0.9206
95	12	0.95996
96	12	0.98738
100	12	0.9389
101	12	0.99764
102	12	0.93936
105	12	0.93283
110	12	0.95625
116	12	0.95629
120	12	0.91706
128	12	0.93579
132	12	0.97115
143	12	0.97127
144	12	0.97996
150	12	0.91235
6	13	0.9679
18	13	0.99179
23	13	0.98436
26	13	0.97241
30	13	0.95295
39	13	0.98068
41	13	0.98746
43	13	0.98997
44	13	0.99036
48	13	0.98996
49	13	0.97276
51	13	0.9803
53	13	0.99237
54	13	0.98108
59	13	0.98202
61	13	0.99791
63	13	0.98753
64	13	0.98676
65	13	0.99509
67	13	0.99378
68	13	0.98134
69	13	0.97834
70	13	0.98167
71	13	0.98415
75	13	0.99775
76	13	0.97167
77	13	0.9738
82	13	0.98915
83	13	0.98538
86	13	0.96423
87	13	0.97635
88	13	0.98539
89	13	0.97854
91	13	0.99368
92	13	0.99093
94	13	0.98308
99	13	0.9943
104	13	0.9806
106	13	0.98664
107	13	0.97874
108	13	0.99602
109	13	0.95592
112	13	0.96999
114	13	0.98313
115	13	0.98178
117	13	0.98857
118	13	0.99577
119	13	0.96468
121	13	0.98777
122	13	0.99065
123	13	0.98679
124	13	0.98224
125	13	0.97218
127	13	0.98269
129	13	0.97781
130	13	0.98494
131	13	0.97738
133	13	0.98745
134	13	0.97636
135	13	0.98531
136	13	0.97977
137	13	0.99466
138	13	0.98088
139	13	0.98234
140	13	0.89528
141	13	0.98655
142	13	0.98252
145	13	0.98731
146	13	0.97337
147	13	0.95008
149	13	0.8213
2	14	0.98122
3	14	0.87242
4	14	0.98829
5	14	0.96676
7	14	0.9846
8	14	0.78878
10	14	0.94677
11	14	0.97114
15	14	0.93657
16	14	0.95303
19	14	0.97764
20	14	0.97499
22	14	0.95014
24	14	0.98631
26	14	0.96419
27	14	0.98021
28	14	0.98928
31	14	0.9914
32	14	0.97464
33	14	0.97378
34	14	0.96369
35	14	0.99466
37	14	0.94589
38	14	0.97249
39	14	0.98796
41	14	0.98172
42	14	0.99065
46	14	0.97046
47	14	0.98998
49	14	0.98344
54	14	0.97385
55	14	0.98794
58	14	0.97065
60	14	0.98765
62	14	0.99155
63	14	0.98499
66	14	0.97339
69	14	0.98532
72	14	0.98003
76	14	0.97606
79	14	0.97049
81	14	0.98133
83	14	0.97203
84	14	0.98467
85	14	0.98664
87	14	0.99024
90	14	0.98492
93	14	0.97974
94	14	0.98634
95	14	0.96992
97	14	0.96956
98	14	0.98891
102	14	0.97515
103	14	0.98573
104	14	0.98863
105	14	0.97476
106	14	0.9788
107	14	0.99063
110	14	0.98146
111	14	0.98875
113	14	0.99581
114	14	0.98477
116	14	0.9758
120	14	0.97673
124	14	0.98083
125	14	0.96912
126	14	0.98515
128	14	0.98945
132	14	0.96126
134	14	0.97872
145	14	0.97866
148	14	0.98867
150	14	0.97912
2	15	0.96887
3	15	0.84781
5	15	0.94067
7	15	0.96945
8	15	0.79595
10	15	0.9327
11	15	0.94464
14	15	0.93657
19	15	0.95719
20	15	0.95248
21	15	0.98695
22	15	0.94262
24	15	0.94062
25	15	0.95128
27	15	0.97193
28	15	0.93616
29	15	0.97237
31	15	0.95188
32	15	0.94614
33	15	0.98062
34	15	0.93921
37	15	0.97852
38	15	0.98242
40	15	0.94451
42	15	0.95875
45	15	0.94452
46	15	0.9432
50	15	0.86631
52	15	0.92532
55	15	0.96375
56	15	0.9193
57	15	0.94531
58	15	0.97074
60	15	0.9381
62	15	0.95382
64	15	0.93747
72	15	0.9462
73	15	0.86062
76	15	0.95444
78	15	0.93741
79	15	0.94269
80	15	0.97655
81	15	0.95625
84	15	0.93653
85	15	0.97593
90	15	0.95287
93	15	0.94297
95	15	0.96428
96	15	0.94357
97	15	0.97379
100	15	0.9828
102	15	0.93853
103	15	0.9393
113	15	0.93956
120	15	0.96146
143	15	0.92749
144	15	0.92623
148	15	0.93759
150	15	0.96089
2	16	0.94818
4	16	0.96769
5	16	0.96548
7	16	0.94097
11	16	0.93083
14	16	0.95303
18	16	0.93386
19	16	0.96097
20	16	0.9482
22	16	0.93998
24	16	0.95829
27	16	0.9377
28	16	0.97371
31	16	0.96673
32	16	0.93791
34	16	0.95744
35	16	0.95422
39	16	0.93583
41	16	0.9433
42	16	0.93911
46	16	0.96737
47	16	0.94492
49	16	0.95125
55	16	0.93144
60	16	0.96671
62	16	0.96163
69	16	0.95998
76	16	0.93729
79	16	0.96697
81	16	0.94367
84	16	0.96547
87	16	0.96082
93	16	0.94661
96	16	0.9393
98	16	0.97388
102	16	0.97933
103	16	0.95915
104	16	0.93697
105	16	0.9419
106	16	0.9328
107	16	0.95806
110	16	0.96649
111	16	0.96087
113	16	0.96357
114	16	0.93942
116	16	0.97657
128	16	0.94168
132	16	0.94452
134	16	0.95893
148	16	0.96814
2	17	0.95353
4	17	0.95248
5	17	0.95528
7	17	0.95059
9	17	0.96371
10	17	0.96849
11	17	0.97224
12	17	0.98407
19	17	0.95326
20	17	0.94772
21	17	0.94205
25	17	0.97674
27	17	0.95626
28	17	0.93618
31	17	0.9459
32	17	0.96459
34	17	0.97001
36	17	0.94383
37	17	0.94213
38	17	0.95567
40	17	0.97586
45	17	0.97784
46	17	0.94827
50	17	0.96804
52	17	0.94796
56	17	0.95921
57	17	0.98725
58	17	0.97645
62	17	0.93569
73	17	0.85397
74	17	0.95131
78	17	0.98806
79	17	0.96914
80	17	0.94709
85	17	0.94352
90	17	0.93255
95	17	0.98152
96	17	0.97808
97	17	0.9374
100	17	0.94016
101	17	0.98904
102	17	0.95048
105	17	0.97161
110	17	0.96775
116	17	0.96384
120	17	0.95971
128	17	0.96648
132	17	0.97129
143	17	0.95453
144	17	0.9659
150	17	0.93947
6	18	0.94251
13	18	0.99179
16	18	0.93386
23	18	0.98209
26	18	0.97967
30	18	0.92781
33	18	0.96484
35	18	0.97101
39	18	0.98245
41	18	0.99168
42	18	0.98401
43	18	0.97953
44	18	0.98334
47	18	0.98859
48	18	0.97818
49	18	0.97657
51	18	0.96035
53	18	0.98254
54	18	0.97944
55	18	0.97717
60	18	0.98304
61	18	0.99182
63	18	0.98867
64	18	0.98353
65	18	0.98468
67	18	0.98539
68	18	0.96141
69	18	0.99213
70	18	0.97832
71	18	0.97001
75	18	0.99341
76	18	0.987
77	18	0.96738
81	18	0.98676
82	18	0.98679
83	18	0.98709
84	18	0.9823
86	18	0.93734
87	18	0.99029
88	18	0.98544
89	18	0.95858
91	18	0.97986
92	18	0.98827
93	18	0.99063
94	18	0.9847
98	18	0.98193
99	18	0.99093
104	18	0.98956
106	18	0.98965
107	18	0.99111
108	18	0.99602
111	18	0.96472
114	18	0.99326
115	18	0.9797
117	18	0.98477
118	18	0.98327
121	18	0.97708
122	18	0.98284
123	18	0.97554
124	18	0.98094
126	18	0.97903
127	18	0.97155
129	18	0.95555
130	18	0.98188
131	18	0.96004
133	18	0.97737
134	18	0.98904
135	18	0.96789
136	18	0.96574
137	18	0.97851
138	18	0.98413
140	18	0.85976
141	18	0.99123
142	18	0.97182
145	18	0.98226
146	18	0.9492
147	18	0.92417
148	18	0.9776
149	18	0.77833
2	19	0.99814
4	19	0.98559
5	19	0.99599
7	19	0.99213
8	19	0.8476
9	19	0.95372
10	19	0.94747
11	19	0.98691
12	19	0.95381
14	19	0.97764
15	19	0.95719
16	19	0.96097
17	19	0.95326
20	19	0.99648
21	19	0.97259
22	19	0.98455
24	19	0.97933
25	19	0.98683
27	19	0.98947
28	19	0.9929
29	19	0.9767
31	19	0.9951
32	19	0.99127
33	19	0.96567
34	19	0.99063
36	19	0.93844
37	19	0.97097
38	19	0.97814
40	19	0.97269
42	19	0.97127
45	19	0.97894
46	19	0.99642
50	19	0.91487
52	19	0.95367
55	19	0.96885
56	19	0.956
57	19	0.96726
58	19	0.98113
60	19	0.97524
62	19	0.9846
73	19	0.91001
74	19	0.93953
78	19	0.97041
79	19	0.99428
80	19	0.96132
81	19	0.96663
84	19	0.97358
85	19	0.98214
95	19	0.9791
96	19	0.98647
97	19	0.96735
98	19	0.97312
100	19	0.97404
101	19	0.95335
102	19	0.98853
103	19	0.9845
110	19	0.992
111	19	0.96728
113	19	0.98467
116	19	0.99146
128	19	0.97722
132	19	0.98726
143	19	0.96531
144	19	0.92923
148	19	0.97666
150	19	0.97317
2	20	0.99511
3	20	0.85846
4	20	0.98372
5	20	0.99265
7	20	0.99402
8	20	0.87748
9	20	0.94497
10	20	0.94329
11	20	0.98792
12	20	0.95052
14	20	0.97499
15	20	0.95248
16	20	0.9482
17	20	0.94772
19	20	0.99648
21	20	0.96351
22	20	0.98219
24	20	0.97943
25	20	0.99041
27	20	0.99014
28	20	0.99075
29	20	0.97054
31	20	0.99067
32	20	0.99601
33	20	0.96196
34	20	0.98017
35	20	0.95981
36	20	0.94015
37	20	0.97231
38	20	0.9747
40	20	0.96307
42	20	0.9629
45	20	0.98456
46	20	0.98948
50	20	0.91693
52	20	0.95088
55	20	0.96569
56	20	0.95286
57	20	0.95456
58	20	0.98132
60	20	0.96326
62	20	0.97753
73	20	0.93005
74	20	0.93898
78	20	0.96608
79	20	0.99003
80	20	0.95783
84	20	0.96026
85	20	0.97924
95	20	0.97706
96	20	0.98154
97	20	0.96408
98	20	0.9623
100	20	0.96551
101	20	0.94761
102	20	0.9775
103	20	0.98335
110	20	0.99004
111	20	0.96341
113	20	0.98304
116	20	0.98494
128	20	0.97357
132	20	0.99154
143	20	0.97472
144	20	0.91573
148	20	0.97212
150	20	0.97677
2	21	0.98124
4	21	0.95916
5	21	0.96539
7	21	0.97874
9	21	0.93161
10	21	0.94565
11	21	0.96058
12	21	0.92886
15	21	0.98695
17	21	0.94205
19	21	0.97259
20	21	0.96351
22	21	0.95154
24	21	0.96247
25	21	0.96069
27	21	0.98156
28	21	0.95858
29	21	0.97728
31	21	0.97309
32	21	0.95967
33	21	0.98577
34	21	0.96498
36	21	0.88722
37	21	0.97778
38	21	0.99456
40	21	0.9605
42	21	0.97932
46	21	0.96868
50	21	0.88217
52	21	0.93765
55	21	0.9761
56	21	0.93502
57	21	0.97145
58	21	0.97937
60	21	0.97154
62	21	0.97974
74	21	0.89857
76	21	0.97611
78	21	0.95382
79	21	0.96645
80	21	0.98203
81	21	0.97993
84	21	0.97137
85	21	0.98811
90	21	0.96397
93	21	0.96961
95	21	0.97846
96	21	0.96488
97	21	0.98652
98	21	0.96117
100	21	0.99567
101	21	0.92828
102	21	0.97081
103	21	0.96369
104	21	0.96393
107	21	0.95839
110	21	0.96
113	21	0.96542
120	21	0.97378
128	21	0.96059
143	21	0.92661
144	21	0.94371
148	21	0.96402
150	21	0.97056
2	22	0.98165
4	22	0.95123
5	22	0.97888
7	22	0.96809
8	22	0.87885
9	22	0.92176
11	22	0.95637
12	22	0.92082
14	22	0.95014
15	22	0.94262
16	22	0.93998
19	22	0.98455
20	22	0.98219
21	22	0.95154
24	22	0.95095
25	22	0.95855
27	22	0.96016
28	22	0.97217
29	22	0.97619
31	22	0.97273
32	22	0.9677
34	22	0.96733
35	22	0.94512
36	22	0.92646
37	22	0.9617
38	22	0.94836
40	22	0.95236
42	22	0.94495
45	22	0.94317
46	22	0.98512
50	22	0.88177
52	22	0.94424
56	22	0.94307
58	22	0.9455
60	22	0.94521
62	22	0.95842
73	22	0.92746
74	22	0.92544
76	22	0.94284
78	22	0.93885
79	22	0.9667
80	22	0.9454
81	22	0.94099
84	22	0.95198
85	22	0.95693
96	22	0.96245
98	22	0.94264
100	22	0.95771
101	22	0.9152
102	22	0.96171
103	22	0.97775
110	22	0.96142
111	22	0.95772
113	22	0.96021
116	22	0.96339
132	22	0.9572
143	22	0.9519
148	22	0.95121
13	23	0.98436
18	23	0.98209
33	23	0.97424
39	23	0.97302
41	23	0.96609
42	23	0.97511
47	23	0.97266
48	23	0.96591
54	23	0.98884
55	23	0.97521
61	23	0.98322
63	23	0.97382
64	23	0.99712
65	23	0.97951
67	23	0.97683
69	23	0.96587
70	23	0.9775
72	23	0.9701
75	23	0.98211
76	23	0.97449
81	23	0.97496
82	23	0.99748
83	23	0.97435
87	23	0.96968
88	23	0.96712
90	23	0.97003
91	23	0.98187
92	23	0.98668
93	23	0.97744
94	23	0.9815
97	23	0.96592
104	23	0.97944
106	23	0.97668
107	23	0.9682
108	23	0.98774
114	23	0.97981
115	23	0.9667
117	23	0.96623
118	23	0.97458
120	23	0.96527
123	23	0.97769
124	23	0.97516
125	23	0.96859
127	23	0.97697
137	23	0.96651
138	23	0.97611
139	23	0.97617
141	23	0.98957
142	23	0.97224
145	23	0.96833
146	23	0.94661
2	24	0.98037
3	24	0.84926
4	24	0.99206
5	24	0.97411
7	24	0.9888
8	24	0.79643
9	24	0.91898
11	24	0.96942
14	24	0.98631
15	24	0.94062
16	24	0.95829
19	24	0.97933
20	24	0.97943
21	24	0.96247
22	24	0.95095
25	24	0.96256
27	24	0.9885
28	24	0.99089
31	24	0.99095
32	24	0.97542
33	24	0.97699
35	24	0.97253
38	24	0.97639
39	24	0.97654
42	24	0.98223
45	24	0.96107
46	24	0.97064
47	24	0.98469
55	24	0.98683
58	24	0.97079
60	24	0.98256
62	24	0.99106
66	24	0.9844
69	24	0.97285
72	24	0.98021
73	24	0.8491
76	24	0.97197
79	24	0.97792
81	24	0.98119
84	24	0.9788
85	24	0.98461
87	24	0.98112
90	24	0.97632
93	24	0.98056
94	24	0.97244
95	24	0.97064
97	24	0.9807
98	24	0.98328
100	24	0.95698
102	24	0.98024
103	24	0.98525
104	24	0.9763
105	24	0.96436
107	24	0.97988
110	24	0.98187
111	24	0.97725
113	24	0.99415
114	24	0.98011
116	24	0.97539
120	24	0.96829
126	24	0.9765
128	24	0.9741
132	24	0.9685
148	24	0.9928
150	24	0.98994
2	25	0.98606
3	25	0.83673
4	25	0.97633
5	25	0.98501
7	25	0.98586
8	25	0.86026
9	25	0.96421
10	25	0.95824
11	25	0.99259
12	25	0.97856
15	25	0.95128
17	25	0.97674
19	25	0.98683
20	25	0.99041
21	25	0.96069
22	25	0.95855
24	25	0.96256
27	25	0.98638
28	25	0.97407
29	25	0.96618
31	25	0.97671
32	25	0.99512
34	25	0.97978
36	25	0.96123
37	25	0.97264
38	25	0.97519
40	25	0.97783
45	25	0.99824
46	25	0.97799
50	25	0.95489
52	25	0.96826
56	25	0.97161
57	25	0.97182
58	25	0.9904
62	25	0.96139
73	25	0.92759
74	25	0.96194
78	25	0.9871
79	25	0.98864
80	25	0.96921
85	25	0.97101
95	25	0.98773
96	25	0.99067
97	25	0.96008
100	25	0.96366
101	25	0.97576
102	25	0.9675
105	25	0.95986
110	25	0.98677
113	25	0.96389
116	25	0.97959
120	25	0.96184
128	25	0.97236
132	25	0.9959
143	25	0.98465
144	25	0.94801
150	25	0.9713
3	26	0.84099
13	26	0.97241
14	26	0.96419
18	26	0.97967
35	26	0.97323
39	26	0.966
41	26	0.97326
42	26	0.97236
43	26	0.96068
44	26	0.97293
47	26	0.97167
48	26	0.96413
53	26	0.96586
55	26	0.96348
60	26	0.9619
61	26	0.9706
62	26	0.96107
63	26	0.9739
64	26	0.96292
67	26	0.96612
69	26	0.97057
70	26	0.96315
75	26	0.98087
76	26	0.98136
77	26	0.96005
81	26	0.97048
84	26	0.97008
87	26	0.96815
88	26	0.966
93	26	0.96758
94	26	0.96748
98	26	0.96115
99	26	0.97287
103	26	0.96595
104	26	0.96674
107	26	0.97649
108	26	0.97613
109	26	0.92971
111	26	0.97748
114	26	0.98039
115	26	0.97322
117	26	0.97341
118	26	0.96404
121	26	0.97352
123	26	0.96368
126	26	0.98022
127	26	0.9608
130	26	0.96454
133	26	0.96356
134	26	0.97108
138	26	0.97282
145	26	0.97264
148	26	0.96559
2	27	0.99296
3	27	0.85746
4	27	0.98872
5	27	0.98266
7	27	0.9987
8	27	0.8243
9	27	0.94031
10	27	0.9468
11	27	0.98469
12	27	0.94155
14	27	0.98021
15	27	0.97193
16	27	0.9377
17	27	0.95626
19	27	0.98947
20	27	0.99014
21	27	0.98156
22	27	0.96016
24	27	0.9885
25	27	0.98638
28	27	0.98571
29	27	0.96508
31	27	0.99117
32	27	0.98926
33	27	0.98706
34	27	0.97361
36	27	0.90994
37	27	0.97111
38	27	0.99271
40	27	0.95586
42	27	0.97983
45	27	0.98459
46	27	0.97822
47	27	0.97187
50	27	0.89959
52	27	0.93603
55	27	0.98573
56	27	0.93574
57	27	0.96528
58	27	0.99286
60	27	0.97547
62	27	0.98791
66	27	0.96851
72	27	0.97537
73	27	0.88495
74	27	0.91272
78	27	0.96265
79	27	0.98762
80	27	0.96619
81	27	0.97652
84	27	0.96922
85	27	0.99237
87	27	0.96878
90	27	0.98049
93	27	0.97091
95	27	0.99086
96	27	0.9751
97	27	0.98911
98	27	0.97234
100	27	0.97825
101	27	0.94092
102	27	0.98045
103	27	0.97753
105	27	0.968
110	27	0.98712
113	27	0.98665
116	27	0.97908
120	27	0.98299
128	27	0.97979
132	27	0.98358
143	27	0.95395
144	27	0.92312
148	27	0.98135
150	27	0.9948
2	28	0.99054
3	28	0.84106
4	28	0.99406
5	28	0.98806
7	28	0.9895
8	28	0.82902
9	28	0.93883
10	28	0.93582
11	28	0.98219
12	28	0.92598
14	28	0.98928
15	28	0.93616
16	28	0.97371
17	28	0.93618
19	28	0.9929
20	28	0.99075
21	28	0.95858
22	28	0.97217
24	28	0.99089
25	28	0.97407
27	28	0.98571
29	28	0.95147
31	28	0.99735
32	28	0.98644
34	28	0.97969
35	28	0.98011
36	28	0.90679
37	28	0.94947
38	28	0.97015
39	28	0.9676
40	28	0.94479
42	28	0.97711
45	28	0.96851
46	28	0.98896
47	28	0.97298
50	28	0.88165
52	28	0.92022
55	28	0.97569
56	28	0.92331
57	28	0.95259
58	28	0.97221
60	28	0.98221
62	28	0.98952
66	28	0.96336
69	28	0.97032
73	28	0.88298
74	28	0.90718
78	28	0.94544
79	28	0.98815
80	28	0.93337
81	28	0.97157
84	28	0.98058
85	28	0.98138
87	28	0.97704
93	28	0.96794
95	28	0.9716
96	28	0.96842
97	28	0.96586
98	28	0.98399
100	28	0.95628
101	28	0.92896
102	28	0.98774
103	28	0.98984
104	28	0.96769
105	28	0.96821
107	28	0.97643
110	28	0.99196
111	28	0.9835
113	28	0.99417
116	28	0.9901
128	28	0.98183
132	28	0.98067
134	28	0.9657
143	28	0.94249
148	28	0.98749
150	28	0.97671
2	29	0.9785
5	29	0.9743
7	29	0.96679
8	29	0.83618
9	29	0.93985
11	29	0.95675
12	29	0.9514
15	29	0.97237
19	29	0.9767
20	29	0.97054
21	29	0.97728
22	29	0.97619
25	29	0.96618
27	29	0.96508
28	29	0.95147
31	29	0.96023
32	29	0.96007
33	29	0.94894
34	29	0.96837
36	29	0.93867
37	29	0.97904
38	29	0.96628
40	29	0.97752
42	29	0.93881
45	29	0.95377
46	29	0.97628
50	29	0.91479
52	29	0.97292
56	29	0.97071
57	29	0.95576
58	29	0.95951
62	29	0.95197
73	29	0.91017
74	29	0.94443
76	29	0.93893
78	29	0.9659
79	29	0.96605
80	29	0.9873
81	29	0.94218
84	29	0.941
85	29	0.96002
95	29	0.95578
96	29	0.97681
97	29	0.95075
100	29	0.98727
101	29	0.94179
102	29	0.95931
103	29	0.95363
110	29	0.95192
113	29	0.94104
116	29	0.95324
132	29	0.9534
143	29	0.95445
144	29	0.95542
6	30	0.99408
13	30	0.95295
18	30	0.92781
43	30	0.96191
44	30	0.96423
48	30	0.98146
51	30	0.98998
53	30	0.96898
59	30	0.98708
61	30	0.96133
65	30	0.97235
67	30	0.95306
68	30	0.98949
70	30	0.96604
71	30	0.98437
75	30	0.95846
77	30	0.98128
82	30	0.9427
86	30	0.99126
88	30	0.96962
89	30	0.98588
91	30	0.96691
92	30	0.93048
99	30	0.95293
108	30	0.94808
109	30	0.98842
112	30	0.98168
115	30	0.94509
117	30	0.94182
118	30	0.96963
119	30	0.99453
121	30	0.98063
122	30	0.96738
123	30	0.97723
125	30	0.92841
127	30	0.94253
129	30	0.99056
130	30	0.93621
131	30	0.98858
133	30	0.97297
135	30	0.9876
136	30	0.9748
137	30	0.96577
138	30	0.94541
139	30	0.97902
140	30	0.96826
142	30	0.9751
145	30	0.92987
146	30	0.98502
147	30	0.98597
149	30	0.9149
2	31	0.99551
3	31	0.84028
4	31	0.99399
5	31	0.98885
7	31	0.99334
8	31	0.81609
9	31	0.94511
10	31	0.94591
11	31	0.98491
12	31	0.93245
14	31	0.9914
15	31	0.95188
16	31	0.96673
17	31	0.9459
19	31	0.9951
20	31	0.99067
21	31	0.97309
22	31	0.97273
24	31	0.99095
25	31	0.97671
27	31	0.99117
28	31	0.99735
29	31	0.96023
32	31	0.98746
33	31	0.97423
34	31	0.98476
35	31	0.98099
36	31	0.90718
37	31	0.96047
38	31	0.98148
40	31	0.95426
42	31	0.98524
45	31	0.97066
46	31	0.99051
47	31	0.97755
50	31	0.88785
52	31	0.92781
55	31	0.98203
56	31	0.92928
57	31	0.96427
58	31	0.9801
60	31	0.98819
62	31	0.99483
66	31	0.96495
69	31	0.97584
72	31	0.96606
73	31	0.87611
74	31	0.91003
76	31	0.97419
78	31	0.95312
79	31	0.99048
80	31	0.94592
81	31	0.9799
84	31	0.98637
85	31	0.98909
87	31	0.98179
90	31	0.97241
93	31	0.97528
95	31	0.97924
96	31	0.97312
97	31	0.97498
98	31	0.98735
100	31	0.96814
101	31	0.93574
102	31	0.99097
103	31	0.98979
104	31	0.97586
105	31	0.97412
107	31	0.98193
110	31	0.99289
111	31	0.98174
113	31	0.99519
116	31	0.99092
120	31	0.97119
128	31	0.98644
132	31	0.97998
134	31	0.97194
143	31	0.94437
144	31	0.90782
148	31	0.98863
150	31	0.98149
2	32	0.99131
3	32	0.86248
4	32	0.9862
5	32	0.98738
7	32	0.99177
8	32	0.86605
9	32	0.95662
10	32	0.95951
11	32	0.99545
12	32	0.96087
14	32	0.97464
15	32	0.94614
16	32	0.93791
17	32	0.96459
19	32	0.99127
20	32	0.99601
21	32	0.95967
22	32	0.9677
24	32	0.97542
25	32	0.99512
27	32	0.98926
28	32	0.98644
29	32	0.96007
31	32	0.98746
34	32	0.98087
36	32	0.94479
37	32	0.97163
38	32	0.97601
40	32	0.96564
45	32	0.99224
46	32	0.98311
50	32	0.93495
52	32	0.95167
55	32	0.96155
56	32	0.95495
57	32	0.96505
58	32	0.98835
60	32	0.95955
62	32	0.97318
73	32	0.92332
74	32	0.94522
78	32	0.97277
79	32	0.98953
80	32	0.95478
85	32	0.979
90	32	0.96266
95	32	0.98435
96	32	0.98284
97	32	0.96182
100	32	0.95803
101	32	0.96002
102	32	0.97246
103	32	0.97279
105	32	0.96637
110	32	0.9929
113	32	0.97961
116	32	0.98508
120	32	0.96575
128	32	0.98294
132	32	0.99555
143	32	0.97943
144	32	0.9222
148	32	0.96449
150	32	0.97674
2	33	0.97466
3	33	0.86053
4	33	0.96788
7	33	0.98476
10	33	0.93333
14	33	0.97378
15	33	0.98062
18	33	0.96484
19	33	0.96567
20	33	0.96196
21	33	0.98577
23	33	0.97424
24	33	0.97699
27	33	0.98706
29	33	0.94894
31	33	0.97423
37	33	0.96031
38	33	0.99125
39	33	0.96786
42	33	0.98871
47	33	0.98153
54	33	0.9757
55	33	0.99502
58	33	0.97931
60	33	0.97613
62	33	0.98393
64	33	0.97646
66	33	0.96447
69	33	0.96591
72	33	0.98478
76	33	0.98085
80	33	0.95312
81	33	0.98929
82	33	0.96861
84	33	0.97048
85	33	0.99111
87	33	0.97432
90	33	0.986
93	33	0.98527
94	33	0.97637
95	33	0.97896
97	33	0.99562
98	33	0.97
100	33	0.97654
102	33	0.96486
103	33	0.96638
104	33	0.98042
107	33	0.97142
113	33	0.9763
114	33	0.97837
120	33	0.98825
126	33	0.97158
128	33	0.96483
141	33	0.97438
144	33	0.89746
148	33	0.97916
150	33	0.98945
2	34	0.98777
4	34	0.97607
5	34	0.98984
7	34	0.97419
8	34	0.80524
9	34	0.97044
10	34	0.95795
11	34	0.98388
12	34	0.9692
14	34	0.96369
15	34	0.93921
16	34	0.95744
17	34	0.97001
19	34	0.99063
20	34	0.98017
21	34	0.96498
22	34	0.96733
25	34	0.97978
27	34	0.97361
28	34	0.97969
29	34	0.96837
31	34	0.98476
32	34	0.98087
36	34	0.94917
37	34	0.95936
38	34	0.96706
40	34	0.98547
42	34	0.95778
45	34	0.97106
46	34	0.99314
50	34	0.93602
52	34	0.96099
56	34	0.96554
57	34	0.98473
58	34	0.97355
60	34	0.97026
62	34	0.97337
73	34	0.8855
74	34	0.9539
78	34	0.97972
79	34	0.99113
80	34	0.95474
84	34	0.96808
85	34	0.96751
95	34	0.97454
96	34	0.99035
98	34	0.96732
100	34	0.96541
101	34	0.97257
102	34	0.9872
103	34	0.9638
105	34	0.97025
110	34	0.98802
113	34	0.96847
116	34	0.99253
128	34	0.97748
132	34	0.97994
143	34	0.95712
144	34	0.95085
148	34	0.95777
2	35	0.96702
3	35	0.85995
4	35	0.9755
7	35	0.96711
10	35	0.93321
14	35	0.99466
16	35	0.95422
18	35	0.97101
20	35	0.95981
22	35	0.94512
24	35	0.97253
26	35	0.97323
28	35	0.98011
31	35	0.98099
39	35	0.98038
41	35	0.98581
42	35	0.98328
46	35	0.96312
47	35	0.98478
49	35	0.98797
55	35	0.97501
60	35	0.98426
62	35	0.98327
63	35	0.98395
66	35	0.95516
69	35	0.98658
76	35	0.9725
81	35	0.97489
83	35	0.97017
84	35	0.98449
85	35	0.9719
87	35	0.98717
90	35	0.96873
92	35	0.96695
93	35	0.97344
94	35	0.97925
98	35	0.98736
102	35	0.96684
103	35	0.98343
104	35	0.98446
105	35	0.96261
106	35	0.97839
107	35	0.98991
110	35	0.96953
111	35	0.99462
113	35	0.98918
114	35	0.98093
115	35	0.9691
116	35	0.96696
117	35	0.97781
124	35	0.97638
126	35	0.98152
128	35	0.97976
130	35	0.97178
134	35	0.98305
141	35	0.9659
145	35	0.97909
148	35	0.98258
2	36	0.92891
4	36	0.90022
5	36	0.94806
7	36	0.91073
8	36	0.868
9	36	0.95582
10	36	0.90457
11	36	0.94463
12	36	0.9855
17	36	0.94383
19	36	0.93844
20	36	0.94015
21	36	0.88722
22	36	0.92646
25	36	0.96123
27	36	0.90994
28	36	0.90679
29	36	0.93867
31	36	0.90718
32	36	0.94479
34	36	0.94917
37	36	0.92312
38	36	0.89345
40	36	0.97163
45	36	0.95422
46	36	0.94061
50	36	0.9829
52	36	0.98486
56	36	0.98907
57	36	0.93082
58	36	0.92126
73	36	0.94611
74	36	0.99841
78	36	0.97446
79	36	0.9436
80	36	0.93357
85	36	0.8818
95	36	0.91796
96	36	0.97049
100	36	0.9049
101	36	0.97785
102	36	0.90941
103	36	0.87988
105	36	0.88247
110	36	0.93221
113	36	0.87668
116	36	0.93449
128	36	0.89646
132	36	0.95658
143	36	0.97133
144	36	0.94998
2	37	0.9801
3	37	0.88283
5	37	0.96131
7	37	0.97459
8	37	0.85026
9	37	0.93703
10	37	0.96712
11	37	0.97098
12	37	0.9442
14	37	0.94589
15	37	0.97852
17	37	0.94213
19	37	0.97097
20	37	0.97231
21	37	0.97778
22	37	0.9617
25	37	0.97264
27	37	0.97111
28	37	0.94947
29	37	0.97904
31	37	0.96047
32	37	0.97163
33	37	0.96031
34	37	0.95936
36	37	0.92312
38	37	0.97907
40	37	0.96823
42	37	0.95111
45	37	0.96279
46	37	0.96359
50	37	0.92097
52	37	0.95606
55	37	0.95013
56	37	0.95595
57	37	0.95793
58	37	0.97807
62	37	0.95201
73	37	0.91928
74	37	0.93021
78	37	0.96079
79	37	0.95505
80	37	0.97781
85	37	0.97643
90	37	0.94609
95	37	0.97052
96	37	0.96476
97	37	0.95479
100	37	0.97388
101	37	0.93775
103	37	0.95344
110	37	0.95261
113	37	0.94825
116	37	0.94483
120	37	0.95585
128	37	0.95427
132	37	0.95527
143	37	0.97252
144	37	0.93491
150	37	0.95236
2	38	0.98638
3	38	0.85713
4	38	0.97534
5	38	0.97006
7	38	0.98992
8	38	0.78103
9	38	0.93831
10	38	0.95772
11	38	0.97612
12	38	0.93573
14	38	0.97249
15	38	0.98242
17	38	0.95567
19	38	0.97814
20	38	0.9747
21	38	0.99456
22	38	0.94836
24	38	0.97639
25	38	0.97519
27	38	0.99271
28	38	0.97015
29	38	0.96628
31	38	0.98148
32	38	0.97601
33	38	0.99125
34	38	0.96706
36	38	0.89345
37	38	0.97907
40	38	0.95738
42	38	0.98404
45	38	0.97125
46	38	0.96948
47	38	0.96835
50	38	0.894
52	38	0.93399
55	38	0.98574
56	38	0.93295
57	38	0.97374
58	38	0.99289
60	38	0.97495
62	38	0.98503
66	38	0.95474
72	38	0.97065
73	38	0.85745
74	38	0.90219
76	38	0.97138
78	38	0.95914
79	38	0.97483
80	38	0.97568
81	38	0.98037
84	38	0.97058
85	38	0.99583
90	38	0.98243
93	38	0.97341
95	38	0.9913
96	38	0.96843
97	38	0.99274
98	38	0.96762
100	38	0.9873
101	38	0.93659
102	38	0.9727
103	38	0.96868
104	38	0.97283
105	38	0.96645
110	38	0.97387
113	38	0.97736
116	38	0.96616
120	38	0.98845
128	38	0.97718
132	38	0.96477
143	38	0.94119
144	38	0.93475
148	38	0.9723
150	38	0.98726
3	39	0.84389
4	39	0.9733
13	39	0.98068
14	39	0.98796
16	39	0.93583
18	39	0.98245
23	39	0.97302
24	39	0.97654
26	39	0.966
28	39	0.9676
33	39	0.96786
35	39	0.98038
41	39	0.99024
42	39	0.98623
47	39	0.98959
49	39	0.98726
54	39	0.99171
55	39	0.98416
60	39	0.97994
61	39	0.98077
62	39	0.98057
63	39	0.99537
64	39	0.98008
66	39	0.98042
67	39	0.98853
69	39	0.98595
70	39	0.97199
72	39	0.98407
75	39	0.9788
76	39	0.97569
81	39	0.97682
82	39	0.97691
83	39	0.98864
84	39	0.97607
85	39	0.97264
87	39	0.99132
90	39	0.98373
92	39	0.99067
93	39	0.98069
94	39	0.99559
98	39	0.98132
104	39	0.99049
105	39	0.96708
106	39	0.98808
107	39	0.99107
108	39	0.98541
111	39	0.97129
113	39	0.97949
114	39	0.9916
115	39	0.98492
117	39	0.98901
120	39	0.96977
124	39	0.99392
125	39	0.98597
126	39	0.98437
127	39	0.98415
128	39	0.97122
130	39	0.97941
134	39	0.97924
138	39	0.9849
141	39	0.98874
145	39	0.99373
148	39	0.97853
150	39	0.96851
2	40	0.97113
4	40	0.94139
5	40	0.97456
7	40	0.95446
8	40	0.80809
9	40	0.97362
10	40	0.958
11	40	0.9703
12	40	0.98896
15	40	0.94451
17	40	0.97586
19	40	0.97269
20	40	0.96307
21	40	0.9605
22	40	0.95236
25	40	0.97783
27	40	0.95586
28	40	0.94479
29	40	0.97752
31	40	0.95426
32	40	0.96564
34	40	0.98547
36	40	0.97163
37	40	0.96823
38	40	0.95738
45	40	0.96836
46	40	0.97528
50	40	0.96703
52	40	0.98546
56	40	0.99107
57	40	0.98371
58	40	0.96744
62	40	0.93956
73	40	0.9026
74	40	0.97845
78	40	0.99398
79	40	0.974
80	40	0.97493
85	40	0.94733
95	40	0.96789
96	40	0.99254
100	40	0.96677
101	40	0.98753
102	40	0.96045
105	40	0.94057
110	40	0.96341
116	40	0.96732
120	40	0.93393
128	40	0.94901
132	40	0.96725
143	40	0.96923
144	40	0.98265
13	41	0.98746
14	41	0.98172
16	41	0.9433
18	41	0.99168
23	41	0.96609
26	41	0.97326
35	41	0.98581
39	41	0.99024
42	41	0.98175
43	41	0.98731
44	41	0.98699
47	41	0.98971
48	41	0.97379
49	41	0.99506
51	41	0.95815
53	41	0.98036
54	41	0.98038
60	41	0.9841
61	41	0.98778
62	41	0.97588
63	41	0.99621
64	41	0.97232
65	41	0.97751
67	41	0.98938
68	41	0.96082
69	41	0.99522
75	41	0.98562
76	41	0.97496
77	41	0.95617
81	41	0.97723
82	41	0.97365
83	41	0.99392
84	41	0.98202
86	41	0.93286
87	41	0.99364
88	41	0.97476
89	41	0.96096
91	41	0.97678
92	41	0.99059
93	41	0.98251
94	41	0.98898
98	41	0.98645
99	41	0.98838
104	41	0.99197
106	41	0.99491
107	41	0.99465
108	41	0.99016
109	41	0.92982
111	41	0.97717
114	41	0.99044
115	41	0.98377
117	41	0.9942
118	41	0.9835
122	41	0.9857
124	41	0.9913
125	41	0.97145
126	41	0.9806
127	41	0.97573
129	41	0.94957
130	41	0.994
131	41	0.96027
133	41	0.98157
134	41	0.99142
136	41	0.97289
137	41	0.98091
138	41	0.97856
140	41	0.85969
141	41	0.98838
145	41	0.99251
147	41	0.92264
148	41	0.97736
149	41	0.78421
2	42	0.97812
3	42	0.85453
4	42	0.97699
7	42	0.98084
10	42	0.9389
11	42	0.95642
14	42	0.99065
15	42	0.95875
16	42	0.93911
18	42	0.98401
19	42	0.97127
20	42	0.9629
21	42	0.97932
22	42	0.94495
23	42	0.97511
24	42	0.98223
26	42	0.97236
27	42	0.97983
28	42	0.97711
29	42	0.93881
31	42	0.98524
33	42	0.98871
34	42	0.95778
35	42	0.98328
37	42	0.95111
38	42	0.98404
39	42	0.98623
41	42	0.98175
46	42	0.96583
47	42	0.99273
49	42	0.97341
54	42	0.98209
55	42	0.99562
57	42	0.95052
58	42	0.97009
60	42	0.99281
62	42	0.9949
63	42	0.985
64	42	0.98145
66	42	0.96522
69	42	0.98953
72	42	0.98116
76	42	0.99363
79	42	0.96312
81	42	0.99566
82	42	0.97333
83	42	0.97505
84	42	0.9919
85	42	0.99199
87	42	0.99263
90	42	0.9855
92	42	0.97962
93	42	0.99313
94	42	0.98875
95	42	0.97047
97	42	0.98449
98	42	0.98901
100	42	0.96626
102	42	0.97633
103	42	0.98221
104	42	0.99514
105	42	0.96666
106	42	0.98545
107	42	0.99364
108	42	0.97953
110	42	0.96833
111	42	0.97916
113	42	0.98963
114	42	0.99251
116	42	0.96471
120	42	0.98182
124	42	0.97976
125	42	0.96813
126	42	0.98363
128	42	0.97866
134	42	0.98603
141	42	0.9858
145	42	0.97718
148	42	0.98941
150	42	0.97971
6	43	0.97874
13	43	0.98997
18	43	0.97953
26	43	0.96068
30	43	0.96191
41	43	0.98731
44	43	0.99767
48	43	0.99163
49	43	0.97773
51	43	0.98825
53	43	0.99479
59	43	0.98509
61	43	0.99273
63	43	0.98531
65	43	0.99069
67	43	0.99266
68	43	0.99058
70	43	0.97687
71	43	0.98955
75	43	0.98823
77	43	0.97876
83	43	0.98359
86	43	0.97541
88	43	0.98424
89	43	0.99138
91	43	0.98944
92	43	0.98348
94	43	0.97395
99	43	0.99305
106	43	0.97712
108	43	0.98674
109	43	0.97283
112	43	0.97977
115	43	0.98262
117	43	0.99312
118	43	0.99531
119	43	0.97499
121	43	0.9874
122	43	0.99789
123	43	0.98055
124	43	0.97879
125	43	0.96788
127	43	0.97627
129	43	0.98352
130	43	0.99577
131	43	0.99017
133	43	0.99768
135	43	0.99091
136	43	0.9962
137	43	0.99565
138	43	0.97557
139	43	0.97874
140	43	0.92591
142	43	0.98178
145	43	0.98703
146	43	0.97107
147	43	0.96939
149	43	0.86412
6	44	0.97775
13	44	0.99036
18	44	0.98334
26	44	0.97293
30	44	0.96423
41	44	0.98699
43	44	0.99767
48	44	0.99423
49	44	0.97576
51	44	0.98958
53	44	0.99657
59	44	0.98548
61	44	0.99319
63	44	0.98478
65	44	0.9901
67	44	0.99129
68	44	0.99045
69	44	0.97144
70	44	0.97994
71	44	0.99157
75	44	0.99189
77	44	0.98708
83	44	0.97878
86	44	0.97452
88	44	0.9895
89	44	0.99143
91	44	0.98568
92	44	0.97982
99	44	0.99552
106	44	0.97374
108	44	0.98845
109	44	0.97561
112	44	0.97901
114	44	0.97496
115	44	0.98529
117	44	0.99227
118	44	0.99468
119	44	0.97421
121	44	0.99195
122	44	0.9974
123	44	0.98301
124	44	0.97374
125	44	0.96684
127	44	0.97515
129	44	0.98422
130	44	0.99414
131	44	0.99167
133	44	0.99752
134	44	0.96755
135	44	0.98955
136	44	0.99583
137	44	0.99317
138	44	0.97919
139	44	0.97726
140	44	0.92691
142	44	0.98258
145	44	0.98615
146	44	0.97146
147	44	0.96882
149	44	0.86476
2	45	0.97847
4	45	0.97536
5	45	0.97693
7	45	0.98246
8	45	0.85365
9	45	0.96109
10	45	0.95284
11	45	0.9903
12	45	0.97527
15	45	0.94452
17	45	0.97784
19	45	0.97894
20	45	0.98456
22	45	0.94317
24	45	0.96107
25	45	0.99824
27	45	0.98459
28	45	0.96851
29	45	0.95377
31	45	0.97066
32	45	0.99224
34	45	0.97106
36	45	0.95422
37	45	0.96279
38	45	0.97125
40	45	0.96836
46	45	0.96697
50	45	0.95247
52	45	0.95927
56	45	0.96239
57	45	0.967
58	45	0.98943
62	45	0.95505
73	45	0.91851
74	45	0.95433
78	45	0.98284
79	45	0.98432
80	45	0.96184
85	45	0.96604
95	45	0.98726
96	45	0.98435
97	45	0.95845
100	45	0.95454
101	45	0.97271
102	45	0.9603
105	45	0.96064
110	45	0.98336
113	45	0.95857
116	45	0.9736
120	45	0.96251
128	45	0.96945
132	45	0.99488
143	45	0.97908
144	45	0.94177
150	45	0.9728
2	46	0.99254
4	46	0.97917
5	46	0.99715
7	46	0.98172
8	46	0.82711
9	46	0.95299
10	46	0.94227
11	46	0.97907
12	46	0.95347
14	46	0.97046
15	46	0.9432
16	46	0.96737
17	46	0.94827
19	46	0.99642
20	46	0.98948
21	46	0.96868
22	46	0.98512
24	46	0.97064
25	46	0.97799
27	46	0.97822
28	46	0.98896
29	46	0.97628
31	46	0.99051
32	46	0.98311
34	46	0.99314
35	46	0.96312
36	46	0.94061
37	46	0.96359
38	46	0.96948
40	46	0.97528
42	46	0.96583
45	46	0.96697
50	46	0.91437
52	46	0.95545
56	46	0.9601
57	46	0.9681
58	46	0.97003
60	46	0.97602
62	46	0.98147
73	46	0.89954
74	46	0.94365
78	46	0.96913
79	46	0.99216
80	46	0.95772
81	46	0.96352
84	46	0.97702
85	46	0.97342
87	46	0.95977
95	46	0.9701
96	46	0.98736
98	46	0.97379
100	46	0.97253
101	46	0.95487
102	46	0.99123
103	46	0.984
107	46	0.96015
110	46	0.98888
111	46	0.96861
113	46	0.98019
116	46	0.99295
128	46	0.97244
132	46	0.97998
143	46	0.95668
144	46	0.9327
148	46	0.97298
3	47	0.84916
4	47	0.97761
7	47	0.97316
14	47	0.98998
16	47	0.94492
18	47	0.98859
23	47	0.97266
24	47	0.98469
26	47	0.97167
27	47	0.97187
28	47	0.97298
31	47	0.97755
33	47	0.98153
35	47	0.98478
38	47	0.96835
39	47	0.98959
41	47	0.98971
42	47	0.99273
49	47	0.98089
54	47	0.98552
55	47	0.99342
60	47	0.98996
61	47	0.97769
62	47	0.98995
63	47	0.99309
64	47	0.97909
66	47	0.97429
67	47	0.97867
69	47	0.99205
70	47	0.97373
72	47	0.98597
76	47	0.98437
81	47	0.99226
82	47	0.97821
83	47	0.9856
84	47	0.98532
85	47	0.97918
87	47	0.99535
90	47	0.98403
92	47	0.98735
93	47	0.99455
94	47	0.99384
97	47	0.97884
98	47	0.99049
102	47	0.96978
103	47	0.97751
104	47	0.99565
105	47	0.9641
106	47	0.98637
107	47	0.99419
108	47	0.98731
110	47	0.9648
111	47	0.97938
113	47	0.99009
114	47	0.99701
115	47	0.98326
117	47	0.98501
120	47	0.97651
124	47	0.98804
125	47	0.97738
126	47	0.99284
127	47	0.97641
128	47	0.97315
130	47	0.97246
134	47	0.98312
138	47	0.98526
141	47	0.98924
145	47	0.98434
148	47	0.99355
150	47	0.98039
6	48	0.98835
13	48	0.98996
18	48	0.97818
23	48	0.96591
26	48	0.96413
30	48	0.98146
41	48	0.97379
43	48	0.99163
44	48	0.99423
51	48	0.99489
53	48	0.99441
