25	2	0.90192
27	2	0.91012
31	2	0.89182
34	2	0.86001
38	2	0.89637
42	2	0.88565
43	2	0.8824
44	2	0.93888
45	2	0.8729
51	2	0.80903
55	2	0.92018
58	2	0.90433
59	2	0.87417
61	2	0.93344
62	2	0.86167
63	2	0.86066
65	2	0.84799
66	2	0.78437
68	2	0.8965
70	2	0.87957
71	2	0.93303
74	2	0.83569
75	2	0.91722
76	2	0.90146
77	2	0.91544
79	2	0.88023
80	2	0.81971
82	2	0.94628
83	2	0.85154
84	2	0.76003
86	2	0.87916
87	2	0.90856
89	2	0.86577
90	2	0.94855
91	2	0.85814
92	2	0.94248
94	2	0.8719
97	2	0.84128
100	2	0.92295
102	2	0.8186
106	2	0.88764
107	2	0.91224
108	2	0.94048
109	2	0.85094
110	2	0.93588
113	2	0.8929
115	2	0.76679
116	2	0.85768
117	2	0.89055
119	2	0.85986
120	2	0.86062
122	2	0.83952
123	2	0.92801
125	2	0.86773
126	2	0.73289
127	2	0.86434
129	2	0.88055
132	2	0.86599
136	2	0.78988
137	2	0.8729
138	2	0.89628
142	2	0.87835
145	2	0.85737
149	2	0.52036
150	2	0.90679
8	3	0.84595
9	3	0.76686
10	3	0.9043
11	3	0.81254
13	3	0.7731
14	3	0.76321
15	3	0.72169
19	3	0.74644
21	3	0.70733
26	3	0.80318
28	3	0.68436
31	3	0.68649
36	3	0.66338
39	3	0.65351
42	3	0.69617
45	3	0.73315
46	3	0.66649
48	3	0.75351
49	3	0.75322
50	3	0.61432
52	3	0.75231
53	3	0.71421
54	3	0.70616
56	3	0.47423
60	3	0.66644
62	3	0.76264
63	3	0.70177
64	3	0.74383
67	3	0.71627
72	3	0.77076
73	3	0.89318
74	3	0.76161
75	3	0.69149
77	3	0.67277
78	3	0.79014
79	3	0.66786
91	3	0.66901
95	3	0.75421
96	3	0.71645
98	3	0.76284
101	3	0.73847
105	3	0.65738
112	3	0.66166
114	3	0.79163
121	3	0.67525
124	3	0.74132
132	3	0.79997
134	3	0.65314
135	3	0.68652
138	3	0.68454
139	3	0.6992
141	3	0.66111
5	4	0.83649
6	4	0.74191
7	4	0.95194
9	4	0.75077
12	4	0.92451
13	4	0.78883
14	4	0.75213
16	4	0.81983
17	4	0.94133
18	4	0.68882
20	4	0.90461
21	4	0.66786
22	4	0.95211
23	4	0.84653
24	4	0.88396
26	4	0.74862
29	4	0.73383
30	4	0.66944
32	4	0.82146
33	4	0.65342
35	4	0.80438
36	4	0.89626
37	4	0.66609
41	4	0.65286
47	4	0.69308
48	4	0.66276
51	4	0.79453
52	4	0.72864
53	4	0.68049
66	4	0.84018
75	4	0.65077
80	4	0.78595
84	4	0.64677
85	4	0.92041
93	4	0.66606
96	4	0.75744
97	4	0.72849
102	4	0.68084
103	4	0.66144
111	4	0.92121
112	4	0.62933
114	4	0.72632
116	4	0.77733
126	4	0.77639
135	4	0.7237
139	4	0.70351
141	4	0.76609
143	4	0.92974
144	4	0.76085
148	4	0.62157
4	5	0.83649
6	5	0.60172
7	5	0.87564
9	5	0.68588
12	5	0.8716
13	5	0.71928
14	5	0.66056
15	5	0.60367
16	5	0.90611
17	5	0.84837
18	5	0.81861
20	5	0.8939
21	5	0.68692
22	5	0.91178
23	5	0.9357
24	5	0.87757
26	5	0.55205
28	5	0.49669
29	5	0.82974
32	5	0.60373
33	5	0.73544
35	5	0.78656
36	5	0.83472
37	5	0.56704
43	5	0.50628
45	5	0.52754
47	5	0.5251
48	5	0.52348
51	5	0.65713
52	5	0.63635
53	5	0.68056
56	5	0.46979
57	5	0.53453
66	5	0.68054
80	5	0.6492
84	5	0.65909
85	5	0.91883
93	5	0.67514
96	5	0.71098
97	5	0.63945
101	5	0.64246
102	5	0.6424
111	5	0.9002
114	5	0.54764
116	5	0.63051
126	5	0.72641
139	5	0.59902
141	5	0.64146
143	5	0.92454
144	5	0.94093
148	5	0.50519
4	6	0.74191
5	6	0.60172
7	6	0.83362
9	6	0.74901
12	6	0.7656
13	6	0.85831
14	6	0.89049
16	6	0.62268
17	6	0.67782
18	6	0.69313
20	6	0.79791
21	6	0.80367
22	6	0.6844
23	6	0.7719
24	6	0.78861
26	6	0.75457
29	6	0.68638
30	6	0.88441
31	6	0.82688
32	6	0.78601
33	6	0.73329
35	6	0.78566
36	6	0.78191
38	6	0.84458
39	6	0.82552
43	6	0.83345
45	6	0.79727
47	6	0.52831
48	6	0.84216
51	6	0.921
53	6	0.84202
55	6	0.80224
62	6	0.79644
64	6	0.86404
66	6	0.89247
72	6	0.81434
75	6	0.82757
77	6	0.85644
80	6	0.88121
85	6	0.61492
86	6	0.79008
87	6	0.84023
88	6	0.80264
93	6	0.85821
95	6	0.87143
96	6	0.81707
97	6	0.86952
102	6	0.81624
103	6	0.57546
108	6	0.80193
110	6	0.81256
111	6	0.67426
112	6	0.90231
114	6	0.85683
116	6	0.82549
118	6	0.88734
119	6	0.78304
120	6	0.81698
121	6	0.81002
126	6	0.75449
128	6	0.84411
129	6	0.8476
132	6	0.82356
133	6	0.80397
135	6	0.83737
138	6	0.79801
139	6	0.91271
141	6	0.92381
143	6	0.72133
144	6	0.6128
147	6	0.70968
4	7	0.95194
5	7	0.87564
6	7	0.83362
9	7	0.81303
12	7	0.94998
13	7	0.86542
14	7	0.847
15	7	0.71173
16	7	0.84789
17	7	0.91773
18	7	0.82372
20	7	0.94176
21	7	0.75835
22	7	0.9209
23	7	0.89141
24	7	0.90717
26	7	0.79168
28	7	0.7198
29	7	0.81048
30	7	0.74378
32	7	0.85224
33	7	0.74874
35	7	0.89654
36	7	0.90876
37	7	0.77056
41	7	0.65146
45	7	0.71302
47	7	0.65534
48	7	0.74691
51	7	0.86018
52	7	0.78634
53	7	0.82139
66	7	0.89696
75	7	0.735
80	7	0.88028
84	7	0.77044
85	7	0.88551
93	7	0.7946
96	7	0.87186
97	7	0.82856
101	7	0.76718
102	7	0.81793
103	7	0.65018
111	7	0.91135
112	7	0.71666
114	7	0.80404
116	7	0.85065
126	7	0.81978
135	7	0.76817
139	7	0.80455
141	7	0.87149
143	7	0.92295
144	7	0.8501
3	8	0.84595
9	8	0.77008
10	8	0.69275
11	8	0.82391
13	8	0.81863
14	8	0.72034
15	8	0.73195
19	8	0.76223
21	8	0.71074
25	8	0.69736
26	8	0.81254
28	8	0.76297
30	8	0.73921
31	8	0.72831
38	8	0.69799
39	8	0.74574
42	8	0.73157
45	8	0.69696
48	8	0.79148
49	8	0.74659
52	8	0.79464
53	8	0.67215
54	8	0.74407
62	8	0.7794
64	8	0.73904
67	8	0.74921
72	8	0.81211
73	8	0.69906
74	8	0.87205
75	8	0.69998
78	8	0.71397
79	8	0.68346
82	8	0.67395
87	8	0.68831
91	8	0.69017
95	8	0.75093
97	8	0.69664
98	8	0.74763
106	8	0.67034
107	8	0.71102
112	8	0.74631
114	8	0.85372
121	8	0.68355
124	8	0.71365
132	8	0.83019
135	8	0.68309
138	8	0.74357
139	8	0.73275
141	8	0.69726
150	8	0.73408
3	9	0.76686
4	9	0.75077
5	9	0.68588
6	9	0.74901
7	9	0.81303
8	9	0.77008
10	9	0.67045
11	9	0.74743
12	9	0.81753
13	9	0.91643
14	9	0.85784
15	9	0.81273
16	9	0.64068
17	9	0.60622
18	9	0.67225
19	9	0.79452
20	9	0.86917
21	9	0.88799
22	9	0.74948
23	9	0.69817
24	9	0.76012
26	9	0.77396
28	9	0.85764
29	9	0.87597
30	9	0.73973
33	9	0.75693
35	9	0.80848
36	9	0.8868
38	9	0.80724
45	9	0.85899
48	9	0.8522
51	9	0.75007
52	9	0.8898
53	9	0.80217
62	9	0.77156
64	9	0.7512
66	9	0.84605
73	9	0.73034
74	9	0.79541
75	9	0.78442
80	9	0.8195
84	9	0.8358
85	9	0.6249
87	9	0.76224
93	9	0.76699
95	9	0.80492
96	9	0.82214
97	9	0.85992
100	9	0.72972
101	9	0.77688
102	9	0.80125
108	9	0.74919
111	9	0.66271
114	9	0.87826
116	9	0.75471
126	9	0.72455
132	9	0.78069
139	9	0.80588
141	9	0.80017
143	9	0.71795
144	9	0.66256
3	10	0.9043
8	10	0.69275
9	10	0.67045
11	10	0.78705
13	10	0.70075
14	10	0.67393
15	10	0.72986
19	10	0.7625
21	10	0.66462
26	10	0.74981
28	10	0.65828
31	10	0.65436
33	10	0.62092
40	10	0.6689
42	10	0.66576
45	10	0.65643
46	10	0.76135
48	10	0.66259
49	10	0.70772
50	10	0.64588
52	10	0.65599
53	10	0.73258
54	10	0.67151
56	10	0.53044
57	10	0.67714
60	10	0.73568
62	10	0.69736
63	10	0.69236
64	10	0.70924
67	10	0.70871
72	10	0.70133
73	10	0.90429
74	10	0.63959
75	10	0.62416
77	10	0.62599
78	10	0.79092
91	10	0.63174
95	10	0.69379
96	10	0.68749
98	10	0.73538
101	10	0.72295
102	10	0.67932
104	10	0.62217
114	10	0.67983
121	10	0.67122
124	10	0.62808
132	10	0.70455
134	10	0.69411
135	10	0.64657
138	10	0.6248
139	10	0.6292
3	11	0.81254
8	11	0.82391
9	11	0.74743
10	11	0.78705
13	11	0.80264
14	11	0.81299
15	11	0.85422
19	11	0.91876
21	11	0.81599
25	11	0.79573
26	11	0.76764
27	11	0.80492
28	11	0.83726
31	11	0.89955
38	11	0.812
39	11	0.87999
40	11	0.79291
42	11	0.8736
46	11	0.81245
48	11	0.8727
49	11	0.91156
50	11	0.6576
52	11	0.77523
53	11	0.80258
54	11	0.84428
55	11	0.81513
56	11	0.51282
57	11	0.67217
59	11	0.82569
60	11	0.7855
62	11	0.90793
64	11	0.89293
67	11	0.88082
72	11	0.93134
73	11	0.82499
74	11	0.85586
75	11	0.79636
78	11	0.82035
79	11	0.80734
82	11	0.82894
86	11	0.8171
87	11	0.81687
88	11	0.79742
91	11	0.84669
95	11	0.91018
98	11	0.87963
101	11	0.78258
105	11	0.7755
106	11	0.82926
107	11	0.83118
108	11	0.80546
112	11	0.84192
114	11	0.83393
118	11	0.8223
120	11	0.83591
121	11	0.90205
124	11	0.86534
132	11	0.89601
133	11	0.74239
134	11	0.78433
138	11	0.885
139	11	0.86189
150	11	0.84986
4	12	0.92451
5	12	0.8716
6	12	0.7656
7	12	0.94998
9	12	0.81753
13	12	0.81918
14	12	0.83603
16	12	0.81849
17	12	0.90552
18	12	0.70208
20	12	0.97156
21	12	0.7186
22	12	0.92087
23	12	0.87359
24	12	0.92727
26	12	0.68591
28	12	0.71518
29	12	0.75395
30	12	0.75262
32	12	0.79502
33	12	0.6713
35	12	0.86336
36	12	0.9389
38	12	0.68524
43	12	0.68418
45	12	0.75506
47	12	0.63404
48	12	0.73197
51	12	0.85697
52	12	0.79816
53	12	0.71143
66	12	0.92296
75	12	0.74543
77	12	0.69338
80	12	0.85525
84	12	0.79079
85	12	0.92647
93	12	0.70097
96	12	0.83267
97	12	0.85589
100	12	0.67367
102	12	0.79924
103	12	0.61915
110	12	0.68051
111	12	0.91593
114	12	0.79736
116	12	0.85383
126	12	0.84587
139	12	0.74231
141	12	0.82712
143	12	0.94174
144	12	0.78867
3	13	0.7731
4	13	0.78883
5	13	0.71928
6	13	0.85831
7	13	0.86542
8	13	0.81863
9	13	0.91643
10	13	0.70075
11	13	0.80264
12	13	0.81918
14	13	0.91096
15	13	0.91571
16	13	0.75389
17	13	0.69072
18	13	0.78243
19	13	0.85983
20	13	0.86012
21	13	0.91357
22	13	0.78679
23	13	0.76252
24	13	0.81328
26	13	0.87568
28	13	0.8906
29	13	0.89678
30	13	0.82342
31	13	0.81308
32	13	0.80616
33	13	0.90324
35	13	0.85412
36	13	0.85413
37	13	0.83175
38	13	0.8417
39	13	0.82745
40	13	0.76217
42	13	0.81586
43	13	0.80699
45	13	0.8291
46	13	0.78457
48	13	0.90785
50	13	0.60061
51	13	0.87592
52	13	0.88782
53	13	0.91853
54	13	0.84817
56	13	0.55376
57	13	0.67766
60	13	0.79765
62	13	0.8407
64	13	0.86833
66	13	0.86806
73	13	0.74042
74	13	0.85285
75	13	0.84515
78	13	0.77181
80	13	0.87552
84	13	0.86708
85	13	0.64904
93	13	0.88197
95	13	0.8786
96	13	0.9185
97	13	0.86826
101	13	0.86361
102	13	0.83375
104	13	0.8038
111	13	0.73372
112	13	0.85713
114	13	0.92
116	13	0.84576
126	13	0.76146
132	13	0.8436
134	13	0.80061
135	13	0.80857
139	13	0.91637
141	13	0.91816
143	13	0.75154
144	13	0.70361
148	13	0.70888
3	14	0.76321
4	14	0.75213
5	14	0.66056
6	14	0.89049
7	14	0.847
8	14	0.72034
9	14	0.85784
10	14	0.67393
11	14	0.81299
12	14	0.83603
13	14	0.91096
15	14	0.84837
16	14	0.61582
17	14	0.67453
18	14	0.68919
20	14	0.85803
21	14	0.84248
22	14	0.69818
23	14	0.76038
24	14	0.80741
26	14	0.77005
28	14	0.86661
29	14	0.75349
30	14	0.89564
31	14	0.87907
32	14	0.77973
33	14	0.76408
35	14	0.8419
36	14	0.85302
37	14	0.74072
38	14	0.88717
39	14	0.85159
43	14	0.85921
45	14	0.94364
48	14	0.94065
49	14	0.83075
50	14	0.58389
51	14	0.89451
52	14	0.9094
53	14	0.87953
54	14	0.84497
57	14	0.67467
58	14	0.76023
62	14	0.86905
64	14	0.86207
66	14	0.91719
72	14	0.88202
73	14	0.76758
74	14	0.85141
75	14	0.89808
77	14	0.899
80	14	0.89861
84	14	0.80511
85	14	0.63178
87	14	0.90671
93	14	0.84084
95	14	0.91725
96	14	0.90734
97	14	0.94584
100	14	0.83409
101	14	0.83999
102	14	0.87987
105	14	0.65203
108	14	0.87319
110	14	0.91137
111	14	0.71056
112	14	0.84833
114	14	0.94373
116	14	0.91039
118	14	0.8609
120	14	0.85012
126	14	0.88344
128	14	0.87075
129	14	0.84115
132	14	0.92152
135	14	0.80063
138	14	0.84802
139	14	0.93557
141	14	0.93343
143	14	0.74514
144	14	0.6811
3	15	0.72169
5	15	0.60367
7	15	0.71173
8	15	0.73195
9	15	0.81273
10	15	0.72986
11	15	0.85422
13	15	0.91571
14	15	0.84837
16	15	0.60487
18	15	0.79905
19	15	0.9223
20	15	0.69299
21	15	0.91971
22	15	0.56902
23	15	0.66928
26	15	0.78978
28	15	0.84722
29	15	0.84696
31	15	0.84935
33	15	0.91118
35	15	0.79595
36	15	0.68357
37	15	0.82477
38	15	0.84474
39	15	0.84414
40	15	0.89344
42	15	0.87284
45	15	0.80773
46	15	0.9023
48	15	0.87739
49	15	0.8706
50	15	0.76808
52	15	0.82905
53	15	0.93577
54	15	0.87846
56	15	0.7496
57	15	0.82411
60	15	0.91083
62	15	0.89582
63	15	0.80658
64	15	0.91546
67	15	0.81819
72	15	0.83394
73	15	0.78784
74	15	0.82442
75	15	0.81461
78	15	0.90534
81	15	0.76414
84	15	0.80232
91	15	0.80613
93	15	0.9373
95	15	0.91748
96	15	0.89213
98	15	0.82518
101	15	0.91815
102	15	0.81985
104	15	0.90537
105	15	0.78714
106	15	0.88566
114	15	0.83619
118	15	0.81983
121	15	0.87624
132	15	0.83442
134	15	0.87789
138	15	0.80097
139	15	0.90186
141	15	0.84783
144	15	0.68081
4	16	0.81983
5	16	0.90611
6	16	0.62268
7	16	0.84789
9	16	0.64068
12	16	0.81849
13	16	0.75389
14	16	0.61582
15	16	0.60487
17	16	0.87141
18	16	0.84221
20	16	0.81328
21	16	0.63585
22	16	0.89538
23	16	0.8586
24	16	0.85173
26	16	0.64269
29	16	0.81513
32	16	0.7147
33	16	0.79685
35	16	0.73779
36	16	0.73848
37	16	0.70371
41	16	0.58131
43	16	0.57275
47	16	0.71696
51	16	0.74165
52	16	0.57338
53	16	0.70756
66	16	0.6781
80	16	0.66577
81	16	0.55189
84	16	0.68028
85	16	0.87507
93	16	0.66156
96	16	0.71798
97	16	0.57453
101	16	0.60916
102	16	0.57749
103	16	0.59349
104	16	0.55415
111	16	0.86793
114	16	0.54541
116	16	0.65215
126	16	0.61047
139	16	0.59136
141	16	0.6956
143	16	0.86728
144	16	0.81436
148	16	0.66519
4	17	0.94133
5	17	0.84837
6	17	0.67782
7	17	0.91773
9	17	0.60622
12	17	0.90552
13	17	0.69072
14	17	0.67453
16	17	0.87141
18	17	0.73109
20	17	0.85043
22	17	0.93195
23	17	0.85459
24	17	0.88431
26	17	0.68363
29	17	0.65852
30	17	0.62395
32	17	0.8271
33	17	0.62027
35	17	0.77955
36	17	0.80504
37	17	0.67782
41	17	0.73846
47	17	0.8196
48	17	0.56765
51	17	0.79129
52	17	0.62305
53	17	0.62946
66	17	0.78496
75	17	0.58679
80	17	0.73579
81	17	0.60665
84	17	0.58551
85	17	0.94901
93	17	0.62625
96	17	0.72418
97	17	0.65043
102	17	0.62825
103	17	0.76257
111	17	0.93825
114	17	0.61323
116	17	0.76905
126	17	0.72646
135	17	0.64993
139	17	0.61668
141	17	0.72255
143	17	0.92183
144	17	0.7692
147	17	0.56889
148	17	0.65566
4	18	0.68882
5	18	0.81861
6	18	0.69313
7	18	0.82372
9	18	0.67225
12	18	0.70208
13	18	0.78243
14	18	0.68919
15	18	0.79905
16	18	0.84221
17	18	0.73109
20	18	0.73608
21	18	0.75608
22	18	0.73721
23	18	0.81209
24	18	0.73006
26	18	0.73949
29	18	0.84322
32	18	0.68902
33	18	0.83563
35	18	0.81514
36	18	0.68242
37	18	0.81842
46	18	0.66438
47	18	0.53101
51	18	0.70064
53	18	0.85219
56	18	0.67333
57	18	0.73564
60	18	0.68905
64	18	0.66518
78	18	0.68696
80	18	0.72745
81	18	0.70356
84	18	0.67868
85	18	0.66295
93	18	0.84064
95	18	0.64091
96	18	0.80031
101	18	0.80679
102	18	0.7002
104	18	0.75055
105	18	0.64652
111	18	0.71374
116	18	0.67405
133	18	0.65221
139	18	0.70306
141	18	0.74409
143	18	0.74007
144	18	0.88018
148	18	0.65461
3	19	0.74644
8	19	0.76223
9	19	0.79452
10	19	0.7625
11	19	0.91876
13	19	0.85983
15	19	0.9223
21	19	0.83904
25	19	0.85112
26	19	0.72735
27	19	0.87053
28	19	0.92996
29	19	0.68302
31	19	0.93526
33	19	0.79784
38	19	0.88972
39	19	0.91791
40	19	0.91912
42	19	0.96185
45	19	0.85842
46	19	0.94168
48	19	0.90605
49	19	0.86525
50	19	0.65412
52	19	0.79421
53	19	0.84626
54	19	0.90198
55	19	0.85181
56	19	0.57653
57	19	0.74153
60	19	0.90963
62	19	0.93811
63	19	0.9005
64	19	0.92045
65	19	0.85896
67	19	0.92902
72	19	0.89818
73	19	0.80199
74	19	0.87506
75	19	0.87164
78	19	0.85839
79	19	0.84155
82	19	0.8934
84	19	0.83029
87	19	0.84339
91	19	0.89866
93	19	0.81938
95	19	0.92979
96	19	0.85192
98	19	0.92427
99	19	0.73958
101	19	0.83579
102	19	0.84293
104	19	0.84826
105	19	0.71267
106	19	0.919
107	19	0.87758
108	19	0.87352
112	19	0.86718
113	19	0.85844
114	19	0.86606
120	19	0.84827
121	19	0.92096
124	19	0.76358
131	19	0.77056
132	19	0.89979
134	19	0.93012
138	19	0.91226
139	19	0.87132
150	19	0.85967
4	20	0.90461
5	20	0.8939
6	20	0.79791
7	20	0.94176
9	20	0.86917
12	20	0.97156
13	20	0.86012
14	20	0.85803
15	20	0.69299
16	20	0.81328
17	20	0.85043
18	20	0.73608
21	20	0.79841
22	20	0.93096
23	20	0.89848
24	20	0.91272
26	20	0.70047
28	20	0.71353
29	20	0.8471
30	20	0.75668
32	20	0.72878
33	20	0.72183
35	20	0.88906
36	20	0.96161
38	20	0.71988
45	20	0.78048
48	20	0.74829
51	20	0.83294
52	20	0.8413
53	20	0.7661
66	20	0.89673
75	20	0.71629
80	20	0.83364
84	20	0.77537
85	20	0.89387
87	20	0.69045
93	20	0.73829
95	20	0.68899
96	20	0.8064
97	20	0.86775
101	20	0.70598
102	20	0.79023
111	20	0.8651
114	20	0.80783
116	20	0.80268
126	20	0.84112
139	20	0.76786
141	20	0.81619
143	20	0.94558
144	20	0.83532
3	21	0.70733
4	21	0.66786
5	21	0.68692
6	21	0.80367
7	21	0.75835
8	21	0.71074
9	21	0.88799
10	21	0.66462
11	21	0.81599
12	21	0.7186
13	21	0.91357
14	21	0.84248
15	21	0.91971
16	21	0.63585
18	21	0.75608
19	21	0.83904
20	21	0.79841
22	21	0.69085
23	21	0.77974
24	21	0.75184
26	21	0.77675
28	21	0.81192
29	21	0.88743
31	21	0.7882
33	21	0.87141
35	21	0.82647
36	21	0.79391
38	21	0.84349
39	21	0.80905
40	21	0.79741
42	21	0.77934
43	21	0.7749
45	21	0.79076
46	21	0.77148
48	21	0.83919
49	21	0.80115
50	21	0.67438
51	21	0.77829
52	21	0.84037
53	21	0.8501
54	21	0.79721
56	21	0.64305
57	21	0.66628
62	21	0.81531
64	21	0.87495
66	21	0.77186
73	21	0.73423
74	21	0.78656
75	21	0.78612
78	21	0.79139
80	21	0.80385
84	21	0.76602
85	21	0.55153
93	21	0.90547
95	21	0.88748
96	21	0.84468
97	21	0.82472
101	21	0.85395
102	21	0.78776
104	21	0.77939
105	21	0.67778
106	21	0.77095
111	21	0.63518
114	21	0.81931
121	21	0.7643
132	21	0.78497
139	21	0.88267
141	21	0.8184
143	21	0.68212
144	21	0.7266
4	22	0.95211
5	22	0.91178
6	22	0.6844
7	22	0.9209
9	22	0.74948
12	22	0.92087
13	22	0.78679
14	22	0.69818
15	22	0.56902
16	22	0.89538
17	22	0.93195
18	22	0.73721
20	22	0.93096
21	22	0.69085
23	22	0.88405
24	22	0.88263
26	22	0.71281
28	22	0.55657
29	22	0.82067
30	22	0.60655
32	22	0.75143
33	22	0.69855
35	22	0.81526
36	22	0.9046
37	22	0.63129
47	22	0.6471
48	22	0.61142
51	22	0.75868
52	22	0.72214
53	22	0.67745
66	22	0.78677
75	22	0.5773
80	22	0.71736
84	22	0.62894
85	22	0.95293
93	22	0.66083
96	22	0.7157
97	22	0.68563
101	22	0.57957
102	22	0.60954
103	22	0.58276
111	22	0.90569
114	22	0.66106
116	22	0.71462
126	22	0.72066
135	22	0.57474
139	22	0.64349
141	22	0.7012
143	22	0.95406
144	22	0.82393
4	23	0.84653
5	23	0.9357
6	23	0.7719
7	23	0.89141
9	23	0.69817
12	23	0.87359
13	23	0.76252
14	23	0.76038
15	23	0.66928
16	23	0.8586
17	23	0.85459
18	23	0.81209
20	23	0.89848
21	23	0.77974
22	23	0.88405
24	23	0.92474
29	23	0.80498
30	23	0.61599
32	23	0.67721
33	23	0.77575
35	23	0.79941
36	23	0.85381
37	23	0.61398
38	23	0.61385
43	23	0.66894
45	23	0.61709
47	23	0.59951
48	23	0.6465
51	23	0.79003
52	23	0.68622
53	23	0.74588
66	23	0.78267
75	23	0.63161
80	23	0.74019
84	23	0.65329
85	23	0.89158
93	23	0.7893
95	23	0.63795
96	23	0.7622
97	23	0.72664
101	23	0.67707
102	23	0.70465
111	23	0.89779
114	23	0.62377
116	23	0.72705
126	23	0.78979
128	23	0.60564
139	23	0.74282
141	23	0.74466
143	23	0.91656
144	23	0.90081
4	24	0.88396
5	24	0.87757
6	24	0.78861
7	24	0.90717
9	24	0.76012
12	24	0.92727
13	24	0.81328
14	24	0.80741
16	24	0.85173
17	24	0.88431
18	24	0.73006
20	24	0.91272
21	24	0.75184
22	24	0.88263
23	24	0.92474
28	24	0.72465
29	24	0.77144
30	24	0.71344
32	24	0.73882
33	24	0.79095
35	24	0.77753
36	24	0.85878
41	24	0.64083
43	24	0.7388
45	24	0.68229
47	24	0.67512
48	24	0.72899
51	24	0.85025
52	24	0.73791
53	24	0.738
66	24	0.8549
75	24	0.71395
77	24	0.68666
80	24	0.7841
84	24	0.77545
85	24	0.89186
93	24	0.74538
96	24	0.80822
97	24	0.78755
102	24	0.79634
103	24	0.59001
111	24	0.94942
112	24	0.67837
114	24	0.72237
116	24	0.79238
126	24	0.8466
128	24	0.70191
135	24	0.67214
139	24	0.75728
141	24	0.80839
143	24	0.89696
144	24	0.76559
2	25	0.90192
8	25	0.69736
11	25	0.79573
19	25	0.85112
27	25	0.9184
28	25	0.85353
30	25	0.89759
31	25	0.94964
34	25	0.77774
38	25	0.87726
39	25	0.89917
41	25	0.6678
42	25	0.90455
43	25	0.8712
44	25	0.94928
51	25	0.81671
55	25	0.91903
58	25	0.74427
59	25	0.91787
61	25	0.92188
62	25	0.8826
63	25	0.8658
65	25	0.85732
67	25	0.90345
69	25	0.7473
70	25	0.85487
71	25	0.84224
72	25	0.88937
74	25	0.8836
75	25	0.85905
76	25	0.83182
77	25	0.86729
79	25	0.90268
80	25	0.83992
82	25	0.93955
83	25	0.87508
86	25	0.88755
87	25	0.89153
88	25	0.88188
89	25	0.84728
90	25	0.90845
92	25	0.91903
94	25	0.85797
98	25	0.89082
99	25	0.72906
100	25	0.86512
103	25	0.58742
106	25	0.90432
107	25	0.95047
108	25	0.87803
109	25	0.92818
110	25	0.89184
112	25	0.89956
113	25	0.94454
114	25	0.85605
115	25	0.82101
116	25	0.82096
117	25	0.90406
119	25	0.90199
122	25	0.85023
123	25	0.93255
125	25	0.8313
127	25	0.87455
128	25	0.91156
129	25	0.88993
130	25	0.90663
131	25	0.72723
132	25	0.90905
133	25	0.74615
135	25	0.82599
136	25	0.83804
137	25	0.89681
138	25	0.93471
140	25	0.67278
141	25	0.86389
142	25	0.84602
145	25	0.8756
146	25	0.72598
147	25	0.74722
148	25	0.72097
149	25	0.48599
150	25	0.93742
3	26	0.80318
4	26	0.74862
5	26	0.55205
6	26	0.75457
7	26	0.79168
8	26	0.81254
9	26	0.77396
10	26	0.74981
11	26	0.76764
12	26	0.68591
13	26	0.87568
14	26	0.77005
15	26	0.78978
16	26	0.64269
17	26	0.68363
18	26	0.73949
19	26	0.72735
20	26	0.70047
21	26	0.77675
22	26	0.71281
28	26	0.76531
29	26	0.76858
30	26	0.74921
31	26	0.72782
32	26	0.8559
33	26	0.75558
35	26	0.7778
36	26	0.72142
37	26	0.89447
41	26	0.64851
47	26	0.56706
48	26	0.79533
49	26	0.76659
51	26	0.77949
52	26	0.79596
53	26	0.84747
56	26	0.48736
62	26	0.7602
64	26	0.75877
66	26	0.74222
67	26	0.71768
72	26	0.74142
73	26	0.79228
74	26	0.82268
75	26	0.75827
80	26	0.7708
81	26	0.74411
85	26	0.53659
93	26	0.79116
95	26	0.75835
96	26	0.83809
101	26	0.76697
103	26	0.67074
111	26	0.62346
112	26	0.78874
114	26	0.8185
116	26	0.7861
124	26	0.72627
132	26	0.76441
135	26	0.82932
139	26	0.77964
141	26	0.80972
143	26	0.63873
144	26	0.60198
147	26	0.68947
2	27	0.91012
11	27	0.80492
19	27	0.87053
25	27	0.9184
30	27	0.86552
31	27	0.94802
34	27	0.87616
38	27	0.90883
39	27	0.93313
40	27	0.7533
42	27	0.90982
43	27	0.86786
44	27	0.96539
45	27	0.84019
46	27	0.7819
54	27	0.8319
55	27	0.94407
58	27	0.80568
59	27	0.9265
60	27	0.7729
61	27	0.94435
62	27	0.88005
63	27	0.83575
65	27	0.92617
67	27	0.87127
68	27	0.91383
70	27	0.95069
71	27	0.90561
72	27	0.91437
74	27	0.84756
76	27	0.91746
77	27	0.86715
78	27	0.72246
79	27	0.91181
82	27	0.95573
86	27	0.94396
87	27	0.92222
90	27	0.93465
91	27	0.86975
92	27	0.91493
94	27	0.916
95	27	0.87522
98	27	0.90606
100	27	0.90443
106	27	0.91963
107	27	0.94644
108	27	0.93281
109	27	0.85126
110	27	0.92786
115	27	0.75326
117	27	0.92681
118	27	0.86108
119	27	0.85307
120	27	0.91533
121	27	0.90398
122	27	0.84636
123	27	0.96995
125	27	0.8936
127	27	0.82859
128	27	0.87489
129	27	0.89023
130	27	0.90998
132	27	0.91798
134	27	0.78774
137	27	0.88267
138	27	0.95477
142	27	0.93044
149	27	0.46798
150	27	0.96721
3	28	0.68436
5	28	0.49669
7	28	0.7198
8	28	0.76297
9	28	0.85764
10	28	0.65828
11	28	0.83726
12	28	0.71518
13	28	0.8906
14	28	0.86661
15	28	0.84722
19	28	0.92996
20	28	0.71353
21	28	0.81192
22	28	0.55657
24	28	0.72465
25	28	0.85353
26	28	0.76531
29	28	0.71919
30	28	0.8484
31	28	0.90941
32	28	0.73655
33	28	0.76817
35	28	0.741
37	28	0.76889
38	28	0.87172
39	28	0.87378
40	28	0.82828
42	28	0.87249
43	28	0.83121
45	28	0.85781
46	28	0.86395
48	28	0.89699
51	28	0.81787
52	28	0.809
53	28	0.81308
57	28	0.65467
60	28	0.80671
62	28	0.86133
64	28	0.83449
66	28	0.83837
67	28	0.86487
72	28	0.82921
73	28	0.70799
74	28	0.87849
75	28	0.85449
80	28	0.84498
82	28	0.81802
84	28	0.87606
87	28	0.84711
95	28	0.86202
96	28	0.87673
97	28	0.86061
98	28	0.84165
101	28	0.77653
102	28	0.86237
106	28	0.84598
107	28	0.82828
108	28	0.83275
110	28	0.81867
112	28	0.89287
113	28	0.86114
114	28	0.90024
116	28	0.81806
128	28	0.87005
132	28	0.87462
134	28	0.86408
138	28	0.8553
139	28	0.85186
141	28	0.89159
150	28	0.82001
4	29	0.73383
5	29	0.82974
6	29	0.68638
7	29	0.81048
9	29	0.87597
12	29	0.75395
13	29	0.89678
14	29	0.75349
15	29	0.84696
16	29	0.81513
17	29	0.65852
18	29	0.84322
19	29	0.68302
20	29	0.8471
21	29	0.88743
22	29	0.82067
23	29	0.80498
24	29	0.77144
26	29	0.76858
28	29	0.71919
33	29	0.89048
35	29	0.81344
36	29	0.81102
37	29	0.71079
38	29	0.66405
40	29	0.67809
45	29	0.66591
48	29	0.72933
51	29	0.69169
52	29	0.7972
53	29	0.86862
54	29	0.67417
56	29	0.59894
57	29	0.70948
64	29	0.67181
66	29	0.6939
78	29	0.67208
80	29	0.69764
84	29	0.72378
85	29	0.67534
93	29	0.79998
95	29	0.68651
96	29	0.7732
97	29	0.69918
101	29	0.78889
102	29	0.68244
111	29	0.69917
114	29	0.70904
139	29	0.73822
141	29	0.7225
143	29	0.754
144	29	0.83182
4	30	0.66944
6	30	0.88441
7	30	0.74378
8	30	0.73921
9	30	0.73973
12	30	0.75262
13	30	0.82342
14	30	0.89564
17	30	0.62395
20	30	0.75668
22	30	0.60655
23	30	0.61599
24	30	0.71344
25	30	0.89759
26	30	0.74921
27	30	0.86552
28	30	0.8484
31	30	0.91399
32	30	0.80687
34	30	0.80386
35	30	0.82184
36	30	0.70588
38	30	0.89194
39	30	0.88281
41	30	0.67
43	30	0.86948
44	30	0.89665
45	30	0.84318
47	30	0.51941
48	30	0.85889
51	30	0.91982
52	30	0.81566
55	30	0.87489
59	30	0.85548
61	30	0.89573
66	30	0.88514
72	30	0.87982
74	30	0.88348
75	30	0.86101
76	30	0.85377
77	30	0.88627
79	30	0.85424
80	30	0.90239
82	30	0.85612
83	30	0.8382
85	30	0.52916
87	30	0.92297
90	30	0.85389
92	30	0.87608
94	30	0.86422
95	30	0.86236
97	30	0.92315
100	30	0.86659
102	30	0.8168
103	30	0.62998
107	30	0.88795
108	30	0.87484
110	30	0.90998
112	30	0.89038
113	30	0.84939
114	30	0.92275
116	30	0.88306
117	30	0.86328
119	30	0.84459
123	30	0.89212
126	30	0.74293
127	30	0.82422
128	30	0.92283
129	30	0.87847
132	30	0.92031
133	30	0.7558
135	30	0.80304
137	30	0.89242
138	30	0.87962
139	30	0.87296
141	30	0.925
142	30	0.86544
143	30	0.65074
145	30	0.8085
147	30	0.68873
149	30	0.44078
150	30	0.90003
2	31	0.89182
3	31	0.68649
6	31	0.82688
8	31	0.72831
10	31	0.65436
11	31	0.89955
13	31	0.81308
14	31	0.87907
15	31	0.84935
19	31	0.93526
21	31	0.7882
25	31	0.94964
26	31	0.72782
27	31	0.94802
28	31	0.90941
30	31	0.91399
34	31	0.77985
37	31	0.76362
38	31	0.92191
39	31	0.94781
40	31	0.80659
42	31	0.94317
43	31	0.89925
44	31	0.94244
45	31	0.86897
46	31	0.85381
48	31	0.9035
49	31	0.86456
51	31	0.83655
52	31	0.78505
53	31	0.80216
54	31	0.8565
55	31	0.95325
57	31	0.64188
58	31	0.75987
59	31	0.9384
60	31	0.82774
61	31	0.89569
62	31	0.93952
63	31	0.8841
64	31	0.92905
65	31	0.90846
66	31	0.79118
67	31	0.93753
68	31	0.85539
69	31	0.74348
70	31	0.86367
71	31	0.88153
72	31	0.95112
73	31	0.74741
74	31	0.90661
75	31	0.8997
76	31	0.83721
77	31	0.91623
78	31	0.77636
79	31	0.93199
80	31	0.85585
81	31	0.74105
82	31	0.9567
83	31	0.85936
84	31	0.76568
86	31	0.93512
87	31	0.92937
88	31	0.91951
90	31	0.89554
91	31	0.89428
92	31	0.88416
93	31	0.80071
94	31	0.84697
95	31	0.93968
96	31	0.84456
97	31	0.86395
98	31	0.9404
99	31	0.74681
100	31	0.88831
101	31	0.8063
102	31	0.85138
104	31	0.82671
105	31	0.68176
106	31	0.94783
107	31	0.9595
108	31	0.92249
109	31	0.90613
110	31	0.93736
112	31	0.92002
113	31	0.92663
114	31	0.89829
115	31	0.74651
116	31	0.8432
117	31	0.9096
118	31	0.9047
119	31	0.90602
120	31	0.91812
121	31	0.92789
122	31	0.87653
123	31	0.94559
124	31	0.81884
125	31	0.85228
127	31	0.80047
128	31	0.93819
129	31	0.9209
130	31	0.93219
131	31	0.75911
132	31	0.95869
133	31	0.81875
134	31	0.84075
135	31	0.82594
136	31	0.78243
137	31	0.90234
138	31	0.96091
139	31	0.8987
140	31	0.59611
141	31	0.90337
142	31	0.85664
145	31	0.80335
146	31	0.67228
147	31	0.70217
148	31	0.7023
149	31	0.44595
150	31	0.95536
4	32	0.82146
5	32	0.60373
6	32	0.78601
7	32	0.85224
12	32	0.79502
13	32	0.80616
14	32	0.77973
16	32	0.7147
17	32	0.8271
18	32	0.68902
20	32	0.72878
22	32	0.75143
23	32	0.67721
24	32	0.73882
26	32	0.8559
28	32	0.73655
30	32	0.80687
35	32	0.82257
36	32	0.71925
37	32	0.90892
41	32	0.89145
47	32	0.83567
48	32	0.7668
51	32	0.89914
53	32	0.73886
66	32	0.85352
69	32	0.77213
74	32	0.80086
75	32	0.79706
79	32	0.72908
80	32	0.88102
81	32	0.85942
85	32	0.69418
93	32	0.7659
96	32	0.878
97	32	0.76414
103	32	0.90294
109	32	0.73167
111	32	0.76649
112	32	0.83285
113	32	0.80193
114	32	0.81015
116	32	0.91331
119	32	0.73661
128	32	0.79186
129	32	0.7337
132	32	0.73706
135	32	0.85611
139	32	0.80431
140	32	0.73686
141	32	0.89519
143	32	0.72887
144	32	0.61453
145	32	0.77229
146	32	0.82095
147	32	0.84964
148	32	0.85609
4	33	0.65342
5	33	0.73544
6	33	0.73329
7	33	0.74874
9	33	0.75693
10	33	0.62092
12	33	0.6713
13	33	0.90324
14	33	0.76408
15	33	0.91118
16	33	0.79685
17	33	0.62027
18	33	0.83563
19	33	0.79784
20	33	0.72183
21	33	0.87141
22	33	0.69855
23	33	0.77575
24	33	0.79095
26	33	0.75558
28	33	0.76817
29	33	0.89048
36	33	0.69059
37	33	0.78745
39	33	0.73534
40	33	0.78111
42	33	0.76457
43	33	0.76435
46	33	0.78315
48	33	0.78975
49	33	0.72715
50	33	0.63003
51	33	0.76372
52	33	0.74199
53	33	0.89922
54	33	0.84295
56	33	0.62407
57	33	0.75124
60	33	0.80717
63	33	0.7318
64	33	0.77843
67	33	0.72316
75	33	0.71996
78	33	0.73411
84	33	0.78983
85	33	0.57787
93	33	0.87793
95	33	0.77509
96	33	0.83944
101	33	0.79683
102	33	0.74558
104	33	0.84295
106	33	0.76757
111	33	0.71946
112	33	0.72605
131	33	0.71745
134	33	0.80211
139	33	0.81744
141	33	0.78792
143	33	0.64756
144	33	0.71162
148	33	0.74974
2	34	0.86001
25	34	0.77774
27	34	0.87616
30	34	0.80386
31	34	0.77985
38	34	0.85983
39	34	0.77192
43	34	0.73721
44	34	0.83481
45	34	0.82508
55	34	0.82742
58	34	0.84877
59	34	0.72701
61	34	0.8812
62	34	0.73272
68	34	0.77573
70	34	0.81849
71	34	0.8354
72	34	0.72642
74	34	0.72548
76	34	0.96404
77	34	0.7677
79	34	0.80366
80	34	0.73371
82	34	0.80003
86	34	0.76607
87	34	0.89484
90	34	0.84936
92	34	0.84154
94	34	0.92302
95	34	0.74188
97	34	0.83286
98	34	0.73003
100	34	0.93279
102	34	0.71532
107	34	0.81254
108	34	0.89951
110	34	0.85431
114	34	0.74281
117	34	0.79628
120	34	0.78777
123	34	0.86204
125	34	0.76441
127	34	0.7194
128	34	0.7319
132	34	0.79062
137	34	0.73579
138	34	0.83653
142	34	0.88197
150	34	0.83714
4	35	0.80438
5	35	0.78656
6	35	0.78566
7	35	0.89654
9	35	0.80848
12	35	0.86336
13	35	0.85412
14	35	0.8419
15	35	0.79595
16	35	0.73779
17	35	0.77955
18	35	0.81514
20	35	0.88906
21	35	0.82647
22	35	0.81526
23	35	0.79941
24	35	0.77753
26	35	0.7778
28	35	0.741
29	35	0.81344
30	35	0.82184
32	35	0.82257
36	35	0.8251
37	35	0.80513
38	35	0.75727
45	35	0.75028
47	35	0.52782
48	35	0.74584
51	35	0.83282
52	35	0.81916
53	35	0.79588
56	35	0.59133
64	35	0.75095
66	35	0.83844
74	35	0.765
80	35	0.91058
84	35	0.74425
85	35	0.73798
93	35	0.82979
95	35	0.76164
96	35	0.85915
97	35	0.88765
100	35	0.76869
101	35	0.84149
102	35	0.79994
103	35	0.60301
111	35	0.74647
114	35	0.83708
116	35	0.85091
126	35	0.73218
128	35	0.74039
132	35	0.75855
139	35	0.82627
141	35	0.87554
143	35	0.83165
144	35	0.8438
3	36	0.66338
4	36	0.89626
5	36	0.83472
6	36	0.78191
7	36	0.90876
9	36	0.8868
12	36	0.9389
13	36	0.85413
14	36	0.85302
15	36	0.68357
16	36	0.73848
17	36	0.80504
18	36	0.68242
20	36	0.96161
21	36	0.79391
22	36	0.9046
23	36	0.85381
24	36	0.85878
26	36	0.72142
29	36	0.81102
30	36	0.70588
32	36	0.71925
33	36	0.69059
35	36	0.8251
38	36	0.70742
45	36	0.79855
48	36	0.78655
51	36	0.80087
52	36	0.87423
53	36	0.74853
66	36	0.89085
74	36	0.69472
75	36	0.76418
77	36	0.68264
80	36	0.80812
84	36	0.73777
85	36	0.85471
93	36	0.75318
95	36	0.72165
96	36	0.80491
97	36	0.84214
101	36	0.68764
102	36	0.75133
111	36	0.83612
114	36	0.82059
116	36	0.80547
126	36	0.8452
132	36	0.68433
139	36	0.77158
141	36	0.77521
143	36	0.89878
144	36	0.77962
4	37	0.66609
5	37	0.56704
7	37	0.77056
13	37	0.83175
14	37	0.74072
15	37	0.82477
16	37	0.70371
17	37	0.67782
18	37	0.81842
22	37	0.63129
23	37	0.61398
26	37	0.89447
28	37	0.76889
29	37	0.71079
31	37	0.76362
32	37	0.90892
33	37	0.78745
35	37	0.80513
41	37	0.76021
46	37	0.7542
47	37	0.69853
48	37	0.74883
49	37	0.75016
50	37	0.58879
51	37	0.81084
53	37	0.8477
56	37	0.64117
57	37	0.71331
60	37	0.76838
62	37	0.77109
64	37	0.78974
67	37	0.74883
69	37	0.85114
73	37	0.70695
74	37	0.77884
75	37	0.7402
78	37	0.75032
79	37	0.76126
80	37	0.82276
81	37	0.89581
85	37	0.51316
88	37	0.73982
93	37	0.82603
95	37	0.75177
96	37	0.89343
99	37	0.72615
101	37	0.84584
103	37	0.77546
104	37	0.81731
105	37	0.65787
106	37	0.79438
109	37	0.7502
111	37	0.63122
112	37	0.80747
113	37	0.77484
114	37	0.75411
116	37	0.82742
128	37	0.7585
133	37	0.78039
135	37	0.81766
139	37	0.7961
140	37	0.75019
141	37	0.86679
143	37	0.59313
144	37	0.64744
146	37	0.76081
147	37	0.81135
148	37	0.86798
2	38	0.89637
6	38	0.84458
8	38	0.69799
9	38	0.80724
11	38	0.812
12	38	0.68524
13	38	0.8417
14	38	0.88717
15	38	0.84474
19	38	0.88972
20	38	0.71988
21	38	0.84349
23	38	0.61385
25	38	0.87726
27	38	0.90883
28	38	0.87172
29	38	0.66405
30	38	0.89194
31	38	0.92191
34	38	0.85983
35	38	0.75727
36	38	0.70742
39	38	0.93176
40	38	0.78242
42	38	0.90121
43	38	0.91296
44	38	0.89725
45	38	0.92249
46	38	0.77981
48	38	0.90441
51	38	0.86045
52	38	0.82692
54	38	0.83753
55	38	0.90698
58	38	0.84529
61	38	0.88244
62	38	0.91153
64	38	0.90682
66	38	0.85469
70	38	0.82301
71	38	0.86434
72	38	0.87766
74	38	0.88246
75	38	0.8977
76	38	0.85908
77	38	0.86818
78	38	0.72835
79	38	0.87177
80	38	0.87894
82	38	0.90662
84	38	0.80877
87	38	0.95637
90	38	0.8616
92	38	0.85635
93	38	0.81081
94	38	0.83855
95	38	0.93666
97	38	0.92141
98	38	0.85716
100	38	0.94428
101	38	0.78677
102	38	0.82162
106	38	0.88648
107	38	0.91246
108	38	0.96123
110	38	0.91238
112	38	0.86046
114	38	0.8981
116	38	0.83248
118	38	0.87064
120	38	0.89263
121	38	0.88423
123	38	0.89552
128	38	0.87636
132	38	0.90966
138	38	0.93739
139	38	0.89808
141	38	0.88598
142	38	0.8416
150	38	0.91614
3	39	0.65351
6	39	0.82552
8	39	0.74574
11	39	0.87999
13	39	0.82745
14	39	0.85159
15	39	0.84414
19	39	0.91791
21	39	0.80905
25	39	0.89917
27	39	0.93313
28	39	0.87378
30	39	0.88281
31	39	0.94781
33	39	0.73534
34	39	0.77192
38	39	0.93176
40	39	0.82105
42	39	0.9281
43	39	0.92856
44	39	0.92218
45	39	0.83964
46	39	0.82626
48	39	0.86532
54	39	0.91899
55	39	0.92099
59	39	0.89284
60	39	0.81668
61	39	0.87797
62	39	0.88502
63	39	0.87319
64	39	0.92859
65	39	0.9087
67	39	0.91018
68	39	0.85368
70	39	0.8824
71	39	0.84432
72	39	0.92039
74	39	0.84293
76	39	0.79879
78	39	0.77384
82	39	0.90788
83	39	0.82762
84	39	0.78045
86	39	0.9041
87	39	0.9121
88	39	0.8653
91	39	0.88838
94	39	0.82043
95	39	0.9205
97	39	0.84088
98	39	0.91579
100	39	0.854
104	39	0.84619
106	39	0.91646
107	39	0.91685
108	39	0.91052
109	39	0.86779
110	39	0.87662
112	39	0.89502
114	39	0.86361
115	39	0.76939
117	39	0.88069
118	39	0.90308
120	39	0.91067
121	39	0.92342
122	39	0.83482
123	39	0.9075
124	39	0.76377
125	39	0.83626
128	39	0.9098
129	39	0.8794
130	39	0.90161
131	39	0.74255
132	39	0.9113
133	39	0.77395
134	39	0.84403
138	39	0.94733
139	39	0.89455
141	39	0.86343
142	39	0.85463
150	39	0.92234
10	40	0.6689
11	40	0.79291
13	40	0.76217
15	40	0.89344
19	40	0.91912
21	40	0.79741
27	40	0.7533
28	40	0.82828
29	40	0.67809
31	40	0.80659
33	40	0.78111
38	40	0.78242
39	40	0.82105
42	40	0.83816
43	40	0.74266
46	40	0.96713
49	40	0.72163
50	40	0.63172
53	40	0.77338
54	40	0.78408
56	40	0.73774
57	40	0.78728
60	40	0.904
62	40	0.80424
63	40	0.79022
64	40	0.85165
65	40	0.77647
67	40	0.7843
78	40	0.89561
79	40	0.72431
82	40	0.73271
84	40	0.78017
91	40	0.71891
93	40	0.76004
95	40	0.80198
96	40	0.75788
98	40	0.83732
101	40	0.84106
102	40	0.73895
104	40	0.87261
105	40	0.71656
106	40	0.82404
107	40	0.7487
108	40	0.71667
112	40	0.72265
118	40	0.73957
120	40	0.72712
121	40	0.81244
130	40	0.72997
132	40	0.72027
134	40	0.92401
138	40	0.7673
139	40	0.74653
141	40	0.72369
4	41	0.65286
7	41	0.65146
16	41	0.58131
17	41	0.73846
24	41	0.64083
25	41	0.6678
26	41	0.64851
30	41	0.67
32	41	0.89145
37	41	0.76021
47	41	0.92474
48	41	0.64059
51	41	0.79822
66	41	0.68799
67	41	0.64305
69	41	0.81829
74	41	0.64579
75	41	0.72217
77	41	0.6615
80	41	0.70879
81	41	0.83318
83	41	0.75899
85	41	0.57102
88	41	0.74175
89	41	0.8282
92	41	0.64912
96	41	0.71964
99	41	0.76347
103	41	0.94519
106	41	0.6636
109	41	0.7493
111	41	0.70174
112	41	0.72503
113	41	0.77593
115	41	0.69831
116	41	0.82496
119	41	0.75937
122	41	0.63819
127	41	0.74401
128	41	0.72154
129	41	0.72624
131	41	0.66157
135	41	0.79673
136	41	0.7875
137	41	0.69872
139	41	0.63927
140	41	0.85637
141	41	0.73578
145	41	0.87377
146	41	0.92871
147	41	0.88439
148	41	0.88868
149	41	0.53115
2	42	0.88565
3	42	0.69617
8	42	0.73157
10	42	0.66576
11	42	0.8736
13	42	0.81586
15	42	0.87284
19	42	0.96185
21	42	0.77934
25	42	0.90455
27	42	0.90982
28	42	0.87249
31	42	0.94317
33	42	0.76457
38	42	0.90121
39	42	0.9281
40	42	0.83816
43	42	0.89419
44	42	0.90309
45	42	0.84557
46	42	0.86446
48	42	0.91877
49	42	0.86824
50	42	0.63797
52	42	0.78529
53	42	0.79631
54	42	0.93088
55	42	0.90264
56	42	0.49309
57	42	0.65439
58	42	0.77608
59	42	0.89
60	42	0.86699
62	42	0.94276
63	42	0.94888
64	42	0.91095
65	42	0.92255
67	42	0.95769
68	42	0.85194
69	42	0.75774
70	42	0.84539
71	42	0.86616
72	42	0.92156
73	42	0.76475
74	42	0.88555
75	42	0.91233
77	42	0.87411
78	42	0.80006
79	42	0.85838
81	42	0.72518
82	42	0.94779
84	42	0.78803
86	42	0.8935
88	42	0.90469
91	42	0.95921
93	42	0.80189
95	42	0.93269
96	42	0.829
98	42	0.91346
99	42	0.78808
100	42	0.82967
101	42	0.78707
104	42	0.85234
105	42	0.67549
106	42	0.96012
107	42	0.92269
108	42	0.89649
109	42	0.90885
110	42	0.87599
112	42	0.87384
113	42	0.90371
114	42	0.86152
115	42	0.78788
118	42	0.85297
119	42	0.85658
120	42	0.88995
121	42	0.93698
122	42	0.88769
123	42	0.88066
124	42	0.79787
129	42	0.89458
130	42	0.87395
131	42	0.83237
132	42	0.91166
134	42	0.88951
135	42	0.80169
138	42	0.92853
139	42	0.87181
140	42	0.60312
148	42	0.72421
150	42	0.91167
2	43	0.8824
5	43	0.50628
6	43	0.83345
12	43	0.68418
13	43	0.80699
14	43	0.85921
16	43	0.57275
21	43	0.7749
23	43	0.66894
24	43	0.7388
25	43	0.8712
27	43	0.86786
28	43	0.83121
30	43	0.86948
31	43	0.89925
33	43	0.76435
34	43	0.73721
38	43	0.91296
39	43	0.92856
40	43	0.74266
42	43	0.89419
44	43	0.91378
46	43	0.77064
47	43	0.52098
51	43	0.89747
54	43	0.86511
55	43	0.91111
58	43	0.75632
61	43	0.89884
63	43	0.89202
64	43	0.87297
65	43	0.89727
66	43	0.8172
67	43	0.85484
68	43	0.87295
69	43	0.71692
70	43	0.88074
71	43	0.83329
75	43	0.86617
76	43	0.80037
77	43	0.88871
80	43	0.83632
82	43	0.87534
83	43	0.89568
84	43	0.81853
86	43	0.8633
87	43	0.8728
88	43	0.87424
89	43	0.82954
91	43	0.84977
92	43	0.8674
94	43	0.79205
95	43	0.87464
97	43	0.84151
100	43	0.85971
102	43	0.82243
104	43	0.82621
106	43	0.90329
107	43	0.87295
108	43	0.8816
109	43	0.89706
110	43	0.88029
111	43	0.59802
112	43	0.87067
113	43	0.85751
115	43	0.85375
116	43	0.82908
117	43	0.89154
118	43	0.87439
120	43	0.86872
122	43	0.83374
123	43	0.88075
125	43	0.84807
126	43	0.73668
127	43	0.82823
128	43	0.91739
129	43	0.88156
130	43	0.88697
131	43	0.77573
133	43	0.77608
134	43	0.78458
136	43	0.76907
137	43	0.88224
138	43	0.86144
139	43	0.87086
140	43	0.62482
141	43	0.89479
142	43	0.8426
143	43	0.58614
145	43	0.81825
146	43	0.68239
147	43	0.69224
148	43	0.72705
149	43	0.482
150	43	0.85275
2	44	0.93888
25	44	0.94928
27	44	0.96539
30	44	0.89665
31	44	0.94244
34	44	0.83481
38	44	0.89725
39	44	0.92218
42	44	0.90309
43	44	0.91378
54	44	0.81736
55	44	0.96555
58	44	0.82559
59	44	0.9595
61	44	0.97654
63	44	0.84601
65	44	0.91902
67	44	0.88174
68	44	0.93363
70	44	0.95373
71	44	0.92794
72	44	0.90554
74	44	0.83197
76	44	0.8967
77	44	0.8977
79	44	0.87854
82	44	0.95734
83	44	0.89773
86	44	0.9465
87	44	0.9266
88	44	0.88945
89	44	0.86436
90	44	0.96854
91	44	0.88557
92	44	0.97099
94	44	0.92835
98	44	0.85721
100	44	0.87481
106	44	0.90471
107	44	0.93966
108	44	0.92335
109	44	0.90519
110	44	0.92957
113	44	0.87968
115	44	0.83062
117	44	0.95859
118	44	0.86831
119	44	0.9197
120	44	0.90812
121	44	0.87649
122	44	0.88999
123	44	0.9795
125	44	0.93457
127	44	0.91461
128	44	0.90788
129	44	0.92276
130	44	0.9347
131	44	0.73946
132	44	0.89759
133	44	0.72992
136	44	0.85946
137	44	0.94043
138	44	0.94437
140	44	0.58199
142	44	0.94539
145	44	0.87694
149	44	0.60197
150	44	0.96839
2	45	0.8729
3	45	0.73315
5	45	0.52754
6	45	0.79727
7	45	0.71302
8	45	0.69696
9	45	0.85899
10	45	0.65643
12	45	0.75506
13	45	0.8291
14	45	0.94364
15	45	0.80773
19	45	0.85842
20	45	0.78048
21	45	0.79076
23	45	0.61709
24	45	0.68229
27	45	0.84019
28	45	0.85781
29	45	0.66591
30	45	0.84318
31	45	0.86897
34	45	0.82508
35	45	0.75028
36	45	0.79855
38	45	0.92249
39	45	0.83964
42	45	0.84557
48	45	0.92208
52	45	0.90175
53	45	0.79235
54	45	0.81294
55	45	0.84074
57	45	0.61783
58	45	0.89165
62	45	0.88328
64	45	0.82829
66	45	0.86765
71	45	0.89655
72	45	0.87043
73	45	0.74765
74	45	0.85481
75	45	0.89912
76	45	0.82609
77	45	0.88946
79	45	0.83592
80	45	0.84214
82	45	0.86358
84	45	0.812
85	45	0.48696
87	45	0.94857
91	45	0.83435
94	45	0.79279
95	45	0.90596
96	45	0.83487
97	45	0.93746
98	45	0.82442
100	45	0.89589
101	45	0.77338
102	45	0.87021
108	45	0.94754
110	45	0.92493
114	45	0.92529
116	45	0.84523
120	45	0.85965
121	45	0.83059
123	45	0.84294
126	45	0.83233
132	45	0.91987
138	45	0.89454
139	45	0.86222
141	45	0.84426
142	45	0.80434
143	45	0.59518
144	45	0.54913
150	45	0.8638
3	46	0.66649
10	46	0.76135
11	46	0.81245
13	46	0.78457
15	46	0.9023
18	46	0.66438
19	46	0.94168
21	46	0.77148
27	46	0.7819
28	46	0.86395
31	46	0.85381
33	46	0.78315
37	46	0.7542
38	46	0.77981
39	46	0.82626
40	46	0.96713
42	46	0.86446
43	46	0.77064
50	46	0.65086
53	46	0.82242
54	46	0.80151
56	46	0.70657
57	46	0.82266
60	46	0.94657
62	46	0.83886
63	46	0.84644
64	46	0.87413
65	46	0.81985
67	46	0.8529
72	46	0.77058
73	46	0.75127
78	46	0.89672
79	46	0.78464
82	46	0.79551
84	46	0.82155
88	46	0.76479
91	46	0.7763
93	46	0.78092
95	46	0.83284
96	46	0.83058
