6	2	0.95524
8	2	0.56296
9	2	0.92308
10	2	0.57904
11	2	0.9135
12	2	0.96015
15	2	0.97836
18	2	0.96324
19	2	0.97907
20	2	0.99171
22	2	0.9406
23	2	0.96478
25	2	0.97181
26	2	0.95323
27	2	0.98328
28	2	0.90745
29	2	0.94944
31	2	0.98242
33	2	0.95158
38	2	0.98368
41	2	0.96174
42	2	0.97154
44	2	0.96026
46	2	0.81714
48	2	0.9682
49	2	0.88874
51	2	0.9535
54	2	0.95781
55	2	0.95714
56	2	0.63344
57	2	0.66263
58	2	0.92872
60	2	0.81102
61	2	0.9633
62	2	0.97811
66	2	0.9493
68	2	0.94307
71	2	0.96951
73	2	0.72387
74	2	0.91886
75	2	0.96183
76	2	0.95419
78	2	0.88905
79	2	0.94824
82	2	0.89622
83	2	0.95427
84	2	0.93894
85	2	0.96976
87	2	0.95933
96	2	0.8544
98	2	0.79951
99	2	0.96015
101	2	0.96887
102	2	0.91084
104	2	0.95091
109	2	0.95744
113	2	0.89792
114	2	0.96237
115	2	0.95416
116	2	0.97658
117	2	0.96501
120	2	0.95628
122	2	0.94754
123	2	0.9544
125	2	0.94478
127	2	0.96268
130	2	0.94875
132	2	0.77534
134	2	0.91244
136	2	0.92428
138	2	0.8824
139	2	0.96348
141	2	0.95282
144	2	0.96443
146	2	0.95799
147	2	0.9586
148	2	0.94851
149	2	0.68967
6	3	0.54172
8	3	0.61828
9	3	0.6706
10	3	0.7694
11	3	0.53014
14	3	0.76319
25	3	0.51574
28	3	0.60076
40	3	0.59792
45	3	0.79742
46	3	0.64777
49	3	0.59003
52	3	0.6429
55	3	0.56289
56	3	0.70199
57	3	0.8102
58	3	0.63177
60	3	0.59876
64	3	0.63316
65	3	0.56417
66	3	0.57088
67	3	0.52867
68	3	0.54043
69	3	0.5978
72	3	0.75926
73	3	0.77069
74	3	0.57766
79	3	0.54082
82	3	0.56686
84	3	0.56519
85	3	0.55793
92	3	0.55797
94	3	0.60722
96	3	0.70395
98	3	0.64322
106	3	0.57459
113	3	0.58491
116	3	0.52622
119	3	0.5759
121	3	0.58492
123	3	0.54623
124	3	0.7456
125	3	0.50753
127	3	0.51189
132	3	0.68413
136	3	0.5075
138	3	0.62455
144	3	0.50903
149	3	0.52047
150	3	0.72623
5	4	0.98524
7	4	0.96975
13	4	0.987
15	4	0.94289
16	4	0.96191
17	4	0.99095
21	4	0.96602
22	4	0.92674
24	4	0.93604
26	4	0.96272
30	4	0.97128
32	4	0.98169
33	4	0.93692
34	4	0.9098
35	4	0.99281
36	4	0.94317
37	4	0.96763
39	4	0.98016
41	4	0.9675
43	4	0.99209
47	4	0.98627
50	4	0.9724
54	4	0.93187
63	4	0.98797
70	4	0.93319
71	4	0.94244
75	4	0.93167
77	4	0.98328
83	4	0.92736
86	4	0.93259
90	4	0.93187
91	4	0.97393
95	4	0.97795
97	4	0.95126
103	4	0.97903
104	4	0.94485
105	4	0.91359
107	4	0.97859
108	4	0.96896
110	4	0.97118
111	4	0.9965
112	4	0.97981
114	4	0.95491
118	4	0.97113
126	4	0.97186
128	4	0.98776
129	4	0.95477
135	4	0.99483
137	4	0.92731
139	4	0.95796
140	4	0.95049
146	4	0.93257
148	4	0.94108
4	5	0.98524
7	5	0.98385
13	5	0.98756
15	5	0.96177
16	5	0.9588
17	5	0.99297
18	5	0.95667
21	5	0.97904
22	5	0.9377
23	5	0.94025
24	5	0.95963
26	5	0.97323
30	5	0.97502
32	5	0.97321
33	5	0.95701
34	5	0.91662
35	5	0.9868
36	5	0.94905
37	5	0.9693
39	5	0.97823
41	5	0.97623
43	5	0.98584
47	5	0.9877
50	5	0.97102
54	5	0.93884
62	5	0.93798
63	5	0.98138
70	5	0.94521
71	5	0.95127
75	5	0.93962
77	5	0.9704
80	5	0.93507
91	5	0.96548
95	5	0.98044
97	5	0.95791
101	5	0.94423
103	5	0.98923
104	5	0.95322
107	5	0.97853
108	5	0.97237
110	5	0.97444
111	5	0.98683
112	5	0.97603
114	5	0.96806
118	5	0.96818
126	5	0.97679
128	5	0.981
129	5	0.96211
135	5	0.98852
139	5	0.96479
140	5	0.95745
143	5	0.92283
146	5	0.95076
148	5	0.97106
2	6	0.95524
3	6	0.54172
8	6	0.5556
9	6	0.88623
10	6	0.55757
11	6	0.89796
14	6	0.83281
19	6	0.95892
20	6	0.94889
23	6	0.95676
25	6	0.98258
27	6	0.97026
28	6	0.9288
31	6	0.98063
38	6	0.96515
40	6	0.76281
42	6	0.9565
44	6	0.96254
45	6	0.73329
46	6	0.8463
48	6	0.95406
51	6	0.95165
52	6	0.49277
54	6	0.94997
55	6	0.98128
56	6	0.68886
57	6	0.66719
58	6	0.95526
59	6	0.94448
60	6	0.8685
61	6	0.96139
62	6	0.96093
64	6	0.93784
65	6	0.92334
66	6	0.9374
67	6	0.95886
68	6	0.98118
69	6	0.64935
70	6	0.94103
71	6	0.95076
72	6	0.58884
73	6	0.69962
74	6	0.93684
76	6	0.93785
78	6	0.9096
79	6	0.95809
82	6	0.96637
83	6	0.95215
84	6	0.92809
87	6	0.96816
88	6	0.95078
92	6	0.96965
93	6	0.91197
94	6	0.95683
96	6	0.89391
98	6	0.86305
106	6	0.96175
109	6	0.96584
113	6	0.93914
115	6	0.95546
116	6	0.92723
117	6	0.96601
119	6	0.9356
120	6	0.96812
121	6	0.8905
122	6	0.95787
123	6	0.97462
124	6	0.48665
125	6	0.97395
127	6	0.95591
130	6	0.96084
131	6	0.92672
132	6	0.8418
133	6	0.91867
136	6	0.9585
138	6	0.95139
141	6	0.95767
142	6	0.93653
144	6	0.93121
146	6	0.94969
147	6	0.95922
149	6	0.71797
150	6	0.5279
4	7	0.96975
5	7	0.98385
12	7	0.95824
13	7	0.9841
15	7	0.97808
16	7	0.96162
17	7	0.98717
18	7	0.96932
20	7	0.9556
21	7	0.9653
22	7	0.95224
24	7	0.96003
26	7	0.98393
29	7	0.94318
30	7	0.98382
32	7	0.97906
33	7	0.96748
34	7	0.91576
35	7	0.96996
36	7	0.97129
37	7	0.98355
39	7	0.9782
41	7	0.98445
43	7	0.97491
47	7	0.97411
48	7	0.96577
50	7	0.95958
51	7	0.953
53	7	0.96395
62	7	0.96451
63	7	0.98175
71	7	0.97426
75	7	0.97642
77	7	0.97386
80	7	0.95324
81	7	0.93429
86	7	0.96932
91	7	0.97868
93	7	0.91436
95	7	0.98336
97	7	0.9721
99	7	0.9249
100	7	0.95582
101	7	0.96892
102	7	0.8884
103	7	0.97718
104	7	0.96203
105	7	0.91886
107	7	0.98976
108	7	0.98895
110	7	0.98579
111	7	0.96476
112	7	0.97981
114	7	0.98819
118	7	0.97539
126	7	0.98855
128	7	0.97026
129	7	0.98043
135	7	0.97797
137	7	0.9593
139	7	0.97345
140	7	0.97079
141	7	0.96002
142	7	0.95693
143	7	0.95288
146	7	0.96507
148	7	0.96906
2	8	0.56296
3	8	0.61828
6	8	0.5556
9	8	0.66671
10	8	0.64923
11	8	0.56442
14	8	0.64793
20	8	0.54573
27	8	0.53855
28	8	0.63211
40	8	0.57727
45	8	0.70552
46	8	0.71506
49	8	0.57368
52	8	0.56411
55	8	0.59004
56	8	0.61128
57	8	0.63685
58	8	0.6355
60	8	0.61094
64	8	0.55751
65	8	0.56022
66	8	0.63114
68	8	0.53472
69	8	0.66074
72	8	0.6364
73	8	0.69001
74	8	0.56433
79	8	0.57866
84	8	0.59706
85	8	0.57212
92	8	0.54545
94	8	0.55312
96	8	0.64563
98	8	0.7
99	8	0.55374
106	8	0.53243
113	8	0.61531
116	8	0.61149
119	8	0.53622
121	8	0.57722
123	8	0.58927
124	8	0.57819
127	8	0.53815
132	8	0.71603
136	8	0.54095
138	8	0.58902
144	8	0.55288
149	8	0.63552
150	8	0.61641
2	9	0.92308
3	9	0.6706
6	9	0.88623
8	9	0.66671
10	9	0.76091
11	9	0.86674
12	9	0.90113
14	9	0.85712
15	9	0.88901
19	9	0.91379
20	9	0.91335
23	9	0.87071
24	9	0.86567
25	9	0.90267
27	9	0.89255
28	9	0.93926
29	9	0.86824
31	9	0.90133
38	9	0.90299
40	9	0.78652
42	9	0.89317
44	9	0.86779
45	9	0.74063
46	9	0.89036
48	9	0.86134
49	9	0.85677
52	9	0.59344
55	9	0.91923
56	9	0.78545
57	9	0.84004
58	9	0.92214
60	9	0.82495
61	9	0.87395
62	9	0.88797
66	9	0.90341
67	9	0.87178
68	9	0.88241
69	9	0.63892
72	9	0.57298
73	9	0.82574
74	9	0.94285
76	9	0.90019
79	9	0.89905
84	9	0.92919
85	9	0.95512
87	9	0.89623
92	9	0.88846
94	9	0.90762
96	9	0.92855
97	9	0.86481
98	9	0.83124
99	9	0.88569
100	9	0.86401
101	9	0.87428
106	9	0.89461
113	9	0.8936
114	9	0.86037
116	9	0.93233
117	9	0.86803
122	9	0.8581
123	9	0.88983
124	9	0.47535
127	9	0.88121
132	9	0.81422
134	9	0.86463
138	9	0.85888
144	9	0.91951
149	9	0.67785
150	9	0.5174
2	10	0.57904
3	10	0.7694
6	10	0.55757
8	10	0.64923
9	10	0.76091
11	10	0.60567
12	10	0.6126
14	10	0.72909
19	10	0.56464
20	10	0.59095
25	10	0.56604
28	10	0.675
40	10	0.56051
45	10	0.69369
46	10	0.68139
49	10	0.60754
52	10	0.49839
55	10	0.60249
56	10	0.66677
57	10	0.8615
58	10	0.69191
60	10	0.58712
64	10	0.57721
66	10	0.65477
67	10	0.58274
68	10	0.56512
72	10	0.5252
73	10	0.83944
74	10	0.65393
76	10	0.59645
78	10	0.58219
79	10	0.61822
84	10	0.66125
85	10	0.67989
87	10	0.59019
92	10	0.58527
94	10	0.65325
96	10	0.73927
97	10	0.56152
98	10	0.63441
99	10	0.56476
102	10	0.56006
106	10	0.58746
113	10	0.60246
116	10	0.64093
121	10	0.57323
123	10	0.58694
124	10	0.54325
127	10	0.57745
132	10	0.61328
134	10	0.58836
138	10	0.58613
144	10	0.60297
150	10	0.49598
2	11	0.9135
3	11	0.53014
6	11	0.89796
8	11	0.56442
9	11	0.86674
10	11	0.60567
12	11	0.8778
15	11	0.91175
19	11	0.9084
20	11	0.89683
23	11	0.90099
24	11	0.87789
25	11	0.89179
27	11	0.90211
31	11	0.89844
38	11	0.92114
39	11	0.87738
41	11	0.89258
42	11	0.89435
44	11	0.88849
48	11	0.88937
49	11	0.8895
54	11	0.90137
55	11	0.87905
57	11	0.65343
59	11	0.88809
61	11	0.90204
62	11	0.90717
67	11	0.88549
68	11	0.89417
70	11	0.88119
71	11	0.89999
73	11	0.76407
75	11	0.87887
83	11	0.87871
85	11	0.91705
88	11	0.88307
95	11	0.88573
97	11	0.88626
104	11	0.90425
109	11	0.90185
110	11	0.88123
114	11	0.89169
115	11	0.88349
116	11	0.88999
117	11	0.91969
120	11	0.8802
125	11	0.88486
127	11	0.93375
130	11	0.87828
136	11	0.87747
139	11	0.91434
144	11	0.89388
146	11	0.88667
147	11	0.89634
148	11	0.88512
149	11	0.68404
2	12	0.96015
7	12	0.95824
9	12	0.90113
10	12	0.6126
11	12	0.8778
15	12	0.97047
18	12	0.95542
19	12	0.97003
20	12	0.97208
22	12	0.9365
23	12	0.95788
24	12	0.97391
25	12	0.95993
27	12	0.95615
28	12	0.934
29	12	0.95355
30	12	0.96321
31	12	0.95512
33	12	0.94856
36	12	0.96194
38	12	0.94877
41	12	0.95412
42	12	0.9689
44	12	0.96565
46	12	0.81134
48	12	0.95786
53	12	0.95377
55	12	0.94527
57	12	0.64956
58	12	0.93065
61	12	0.95956
62	12	0.97154
66	12	0.92023
70	12	0.95956
71	12	0.96908
73	12	0.69784
74	12	0.93205
75	12	0.96323
76	12	0.98308
78	12	0.89146
79	12	0.94384
80	12	0.95911
81	12	0.94104
84	12	0.95621
85	12	0.97464
86	12	0.94778
87	12	0.97188
88	12	0.95217
90	12	0.95707
92	12	0.93634
93	12	0.94336
94	12	0.94249
95	12	0.95388
96	12	0.85701
97	12	0.97712
98	12	0.79655
99	12	0.9348
100	12	0.98111
101	12	0.96893
102	12	0.89895
106	12	0.9167
108	12	0.95853
110	12	0.9665
113	12	0.89696
114	12	0.97994
116	12	0.9477
126	12	0.96089
127	12	0.948
130	12	0.95346
134	12	0.92594
137	12	0.95799
139	12	0.95864
141	12	0.96186
144	12	0.94676
146	12	0.95383
148	12	0.9673
4	13	0.987
5	13	0.98756
7	13	0.9841
15	13	0.97588
16	13	0.96298
17	13	0.99187
18	13	0.95381
21	13	0.98171
22	13	0.94237
23	13	0.95841
24	13	0.96696
26	13	0.98177
30	13	0.98218
32	13	0.98219
33	13	0.9712
34	13	0.92943
35	13	0.97882
36	13	0.96285
37	13	0.97292
39	13	0.99353
41	13	0.99111
42	13	0.95936
43	13	0.99185
47	13	0.99091
48	13	0.96454
49	13	0.85178
50	13	0.97648
54	13	0.96884
63	13	0.99425
70	13	0.96538
71	13	0.97349
77	13	0.97483
80	13	0.92425
83	13	0.96334
88	13	0.9609
90	13	0.96157
91	13	0.98001
95	13	0.99511
97	13	0.97484
101	13	0.94948
103	13	0.97612
104	13	0.9755
105	13	0.92673
107	13	0.99196
108	13	0.98216
110	13	0.98751
111	13	0.98093
112	13	0.98965
114	13	0.9775
118	13	0.98387
126	13	0.98374
128	13	0.99181
129	13	0.9752
135	13	0.989
139	13	0.98325
140	13	0.97045
143	13	0.93617
145	13	0.93176
146	13	0.96723
148	13	0.96963
3	14	0.76319
6	14	0.83281
8	14	0.64793
9	14	0.85712
10	14	0.72909
19	14	0.76821
25	14	0.81673
28	14	0.89479
31	14	0.77879
40	14	0.81371
42	14	0.76637
44	14	0.77686
45	14	0.89172
46	14	0.88197
52	14	0.73551
55	14	0.86214
56	14	0.77686
57	14	0.7883
58	14	0.89715
60	14	0.82668
61	14	0.76718
64	14	0.88681
65	14	0.84481
66	14	0.83007
67	14	0.82104
68	14	0.83799
69	14	0.72231
72	14	0.78846
73	14	0.7186
74	14	0.87252
76	14	0.7809
78	14	0.78676
79	14	0.799
82	14	0.83599
84	14	0.82529
85	14	0.80438
87	14	0.82027
89	14	0.77778
92	14	0.87162
94	14	0.89153
96	14	0.92805
98	14	0.88095
106	14	0.86782
113	14	0.87386
119	14	0.89704
121	14	0.88746
122	14	0.78309
123	14	0.82356
124	14	0.72802
125	14	0.81947
127	14	0.77452
131	14	0.81065
132	14	0.8592
133	14	0.83659
134	14	0.76823
136	14	0.80448
138	14	0.87192
149	14	0.67903
150	14	0.75727
2	15	0.97836
4	15	0.94289
5	15	0.96177
7	15	0.97808
9	15	0.88901
11	15	0.91175
12	15	0.97047
13	15	0.97588
16	15	0.92741
17	15	0.96994
18	15	0.97049
19	15	0.98189
20	15	0.98102
21	15	0.96568
22	15	0.96191
23	15	0.98302
24	15	0.97203
25	15	0.96192
26	15	0.97892
27	15	0.96828
29	15	0.96465
30	15	0.97353
31	15	0.96742
32	15	0.95403
33	15	0.98024
34	15	0.90577
35	15	0.93572
36	15	0.97031
37	15	0.9622
38	15	0.97611
39	15	0.97405
41	15	0.98563
42	15	0.98106
43	15	0.95669
44	15	0.96763
47	15	0.96566
48	15	0.9778
49	15	0.87591
50	15	0.95504
51	15	0.96041
53	15	0.96517
54	15	0.97379
59	15	0.95422
61	15	0.96958
62	15	0.98604
63	15	0.9662
66	15	0.90371
70	15	0.96713
71	15	0.98427
73	15	0.67175
74	15	0.90911
75	15	0.97768
76	15	0.95949
77	15	0.93949
79	15	0.9329
80	15	0.93179
81	15	0.93588
83	15	0.96755
84	15	0.91253
85	15	0.96499
86	15	0.96244
88	15	0.96617
90	15	0.96424
93	15	0.93033
95	15	0.98459
97	15	0.97789
99	15	0.9417
100	15	0.96587
101	15	0.97322
102	15	0.89878
103	15	0.94076
104	15	0.97249
105	15	0.90675
107	15	0.97882
108	15	0.97435
109	15	0.95655
110	15	0.97864
111	15	0.92977
112	15	0.96999
114	15	0.98782
115	15	0.95492
116	15	0.94262
117	15	0.96846
118	15	0.96046
120	15	0.95187
126	15	0.98232
127	15	0.96286
128	15	0.95737
129	15	0.96771
130	15	0.96244
135	15	0.9513
137	15	0.95661
139	15	0.98628
140	15	0.95996
141	15	0.96978
142	15	0.9579
143	15	0.93629
144	15	0.95176
146	15	0.97222
147	15	0.94236
148	15	0.97754
4	16	0.96191
5	16	0.9588
7	16	0.96162
13	16	0.96298
15	16	0.92741
17	16	0.96312
18	16	0.92788
21	16	0.94203
26	16	0.9576
30	16	0.94777
32	16	0.98226
33	16	0.94093
34	16	0.93461
35	16	0.96688
36	16	0.94209
37	16	0.97571
39	16	0.94579
41	16	0.9495
43	16	0.95923
47	16	0.96178
48	16	0.92291
50	16	0.93433
51	16	0.92544
53	16	0.9324
63	16	0.96509
75	16	0.93008
77	16	0.9646
83	16	0.92442
86	16	0.93744
91	16	0.97301
95	16	0.95537
97	16	0.93128
101	16	0.92525
103	16	0.96765
104	16	0.94024
105	16	0.90253
107	16	0.97136
108	16	0.95856
110	16	0.94257
111	16	0.96089
112	16	0.95824
114	16	0.93242
118	16	0.95999
126	16	0.94408
128	16	0.94911
129	16	0.93341
135	16	0.96408
139	16	0.92506
140	16	0.92976
142	16	0.92646
143	16	0.96228
4	17	0.99095
5	17	0.99297
7	17	0.98717
13	17	0.99187
15	17	0.96994
16	17	0.96312
18	17	0.95073
21	17	0.97342
22	17	0.94931
24	17	0.9552
26	17	0.98199
30	17	0.98076
32	17	0.98377
33	17	0.96018
34	17	0.91386
35	17	0.9887
36	17	0.95926
37	17	0.98141
39	17	0.98575
41	17	0.98352
43	17	0.99163
47	17	0.98858
48	17	0.9492
50	17	0.97648
54	17	0.94819
63	17	0.98858
70	17	0.94772
71	17	0.96311
75	17	0.9563
77	17	0.97837
86	17	0.95006
91	17	0.97731
95	17	0.98699
97	17	0.96275
103	17	0.9806
104	17	0.95458
105	17	0.91005
107	17	0.98733
108	17	0.9812
110	17	0.98019
111	17	0.98682
112	17	0.98562
114	17	0.9748
118	17	0.97244
126	17	0.98861
128	17	0.98344
129	17	0.97052
135	17	0.99371
139	17	0.97391
140	17	0.96366
143	17	0.94089
146	17	0.95389
148	17	0.9638
2	18	0.96324
5	18	0.95667
7	18	0.96932
12	18	0.95542
13	18	0.95381
15	18	0.97049
16	18	0.92788
17	18	0.95073
19	18	0.95764
20	18	0.95778
21	18	0.94924
22	18	0.94091
23	18	0.96118
24	18	0.95249
26	18	0.97496
27	18	0.94683
29	18	0.96387
30	18	0.94958
31	18	0.94951
33	18	0.95936
34	18	0.89063
35	18	0.92156
37	18	0.95222
38	18	0.95872
39	18	0.94825
41	18	0.96449
42	18	0.95179
47	18	0.94909
48	18	0.95111
50	18	0.9317
53	18	0.94568
54	18	0.9459
62	18	0.96133
71	18	0.96015
75	18	0.95163
80	18	0.95319
81	18	0.92727
83	18	0.94602
84	18	0.91041
85	18	0.93517
88	18	0.94349
93	18	0.93889
95	18	0.95891
97	18	0.94934
99	18	0.92541
100	18	0.94888
101	18	0.98101
102	18	0.88629
103	18	0.94489
104	18	0.95595
107	18	0.95152
108	18	0.95578
110	18	0.94702
112	18	0.94905
114	18	0.96388
116	18	0.92616
126	18	0.95632
139	18	0.95949
140	18	0.94416
141	18	0.95525
143	18	0.93682
144	18	0.94222
146	18	0.96711
147	18	0.93691
148	18	0.97119
2	19	0.97907
6	19	0.95892
9	19	0.91379
10	19	0.56464
11	19	0.9084
12	19	0.97003
14	19	0.76821
15	19	0.98189
18	19	0.95764
20	19	0.97994
22	19	0.93558
23	19	0.98678
24	19	0.97499
25	19	0.9761
27	19	0.98192
28	19	0.93024
29	19	0.96088
31	19	0.97997
33	19	0.96638
38	19	0.9815
40	19	0.7237
41	19	0.96151
42	19	0.97619
44	19	0.97556
46	19	0.81846
48	19	0.96604
49	19	0.8574
54	19	0.96433
55	19	0.96843
56	19	0.63275
57	19	0.65841
58	19	0.93137
61	19	0.97236
62	19	0.98874
64	19	0.87211
66	19	0.92592
67	19	0.94449
68	19	0.96624
70	19	0.96866
71	19	0.97701
73	19	0.67771
74	19	0.94592
75	19	0.95478
76	19	0.97041
79	19	0.94351
81	19	0.93594
82	19	0.89931
83	19	0.95749
84	19	0.93918
85	19	0.96417
87	19	0.96864
88	19	0.97012
92	19	0.94652
93	19	0.93876
94	19	0.93669
95	19	0.95828
96	19	0.85522
97	19	0.96395
99	19	0.93832
100	19	0.96287
101	19	0.95606
102	19	0.90002
106	19	0.94541
109	19	0.95412
110	19	0.95321
113	19	0.93179
114	19	0.96704
116	19	0.9542
117	19	0.9749
122	19	0.95286
123	19	0.93889
125	19	0.94959
126	19	0.95412
127	19	0.96024
130	19	0.96681
131	19	0.90757
132	19	0.75539
133	19	0.87224
134	19	0.91359
136	19	0.93373
139	19	0.97379
141	19	0.97005
144	19	0.9685
146	19	0.96653
147	19	0.95584
148	19	0.9708
149	19	0.68199
2	20	0.99171
6	20	0.94889
7	20	0.9556
8	20	0.54573
9	20	0.91335
10	20	0.59095
11	20	0.89683
12	20	0.97208
15	20	0.98102
18	20	0.95778
19	20	0.97994
22	20	0.95447
23	20	0.96492
25	20	0.97684
26	20	0.95909
27	20	0.98216
28	20	0.90941
29	20	0.95687
31	20	0.97721
33	20	0.95473
36	20	0.95775
38	20	0.97385
41	20	0.9644
42	20	0.97588
44	20	0.96932
46	20	0.81087
48	20	0.97482
49	20	0.87492
51	20	0.96074
53	20	0.95885
54	20	0.95575
55	20	0.95853
57	20	0.64578
58	20	0.93431
61	20	0.96507
62	20	0.97934
66	20	0.9571
68	20	0.94114
71	20	0.9767
73	20	0.7193
74	20	0.92296
75	20	0.9732
76	20	0.96854
78	20	0.89717
79	20	0.95357
83	20	0.95665
84	20	0.93783
85	20	0.97098
86	20	0.95736
87	20	0.97281
94	20	0.93947
96	20	0.86049
97	20	0.95752
98	20	0.8032
99	20	0.95252
100	20	0.9552
101	20	0.97064
102	20	0.90816
109	20	0.95874
113	20	0.89186
114	20	0.97469
115	20	0.96034
116	20	0.97387
117	20	0.96261
120	20	0.95208
122	20	0.95126
123	20	0.95766
125	20	0.94273
126	20	0.96049
127	20	0.96299
130	20	0.95495
132	20	0.76807
134	20	0.91943
136	20	0.91918
137	20	0.95549
138	20	0.88207
139	20	0.96662
141	20	0.96291
143	20	0.93491
144	20	0.96072
146	20	0.95935
147	20	0.94954
149	20	0.66125
4	21	0.96602
5	21	0.97904
7	21	0.9653
13	21	0.98171
15	21	0.96568
16	21	0.94203
17	21	0.97342
18	21	0.94924
22	21	0.92366
23	21	0.96606
24	21	0.97884
26	21	0.9584
29	21	0.94987
30	21	0.98012
32	21	0.95403
33	21	0.97862
34	21	0.90758
35	21	0.95587
36	21	0.95667
37	21	0.95254
39	21	0.9803
41	21	0.9692
42	21	0.95962
43	21	0.97894
47	21	0.99016
50	21	0.94684
54	21	0.95735
62	21	0.95532
63	21	0.97782
70	21	0.97724
71	21	0.96325
77	21	0.95864
80	21	0.94111
81	21	0.94507
88	21	0.97381
90	21	0.95544
91	21	0.96625
93	21	0.94103
95	21	0.98338
97	21	0.97522
100	21	0.95992
103	21	0.97803
104	21	0.95405
105	21	0.91023
107	21	0.97169
108	21	0.97273
110	21	0.9747
111	21	0.9644
112	21	0.97575
114	21	0.96586
118	21	0.97087
126	21	0.96974
128	21	0.97491
129	21	0.95664
130	21	0.95288
135	21	0.96738
139	21	0.96912
140	21	0.95274
141	21	0.96084
146	21	0.96501
148	21	0.97687
2	22	0.9406
4	22	0.92674
5	22	0.9377
7	22	0.95224
12	22	0.9365
13	22	0.94237
15	22	0.96191
17	22	0.94931
18	22	0.94091
19	22	0.93558
20	22	0.95447
21	22	0.92366
24	22	0.93136
26	22	0.96066
29	22	0.94982
30	22	0.94772
32	22	0.92831
33	22	0.92742
34	22	0.909
35	22	0.92163
36	22	0.97002
37	22	0.95237
39	22	0.92972
41	22	0.95519
42	22	0.93321
47	22	0.93717
50	22	0.94318
53	22	0.93158
62	22	0.92695
63	22	0.93019
71	22	0.93825
75	22	0.94388
77	22	0.93342
85	22	0.93548
91	22	0.93233
95	22	0.94652
97	22	0.94822
100	22	0.93153
101	22	0.94381
107	22	0.94352
108	22	0.94848
110	22	0.94079
111	22	0.91918
112	22	0.9333
114	22	0.95438
116	22	0.91123
126	22	0.95978
128	22	0.93224
129	22	0.92417
135	22	0.92724
137	22	0.9404
139	22	0.94935
143	22	0.94892
148	22	0.93191
2	23	0.96478
5	23	0.94025
6	23	0.95676
9	23	0.87071
11	23	0.90099
12	23	0.95788
13	23	0.95841
15	23	0.98302
18	23	0.96118
19	23	0.98678
20	23	0.96492
21	23	0.96606
24	23	0.9737
25	23	0.97155
26	23	0.9583
27	23	0.97626
28	23	0.89919
29	23	0.96065
30	23	0.95928
31	23	0.97967
33	23	0.98638
38	23	0.97985
39	23	0.96781
40	23	0.68982
41	23	0.96968
42	23	0.97432
44	23	0.96872
47	23	0.95274
48	23	0.97756
50	23	0.92957
51	23	0.95385
54	23	0.98128
55	23	0.95453
61	23	0.97482
62	23	0.99061
64	23	0.87097
67	23	0.94769
68	23	0.96767
70	23	0.97828
71	23	0.98178
74	23	0.92245
75	23	0.96074
76	23	0.95519
79	23	0.94083
80	23	0.92908
81	23	0.95328
82	23	0.91033
83	23	0.97258
84	23	0.9162
85	23	0.9437
86	23	0.95951
87	23	0.95925
88	23	0.98361
93	23	0.93708
95	23	0.97158
97	23	0.9644
99	23	0.92723
100	23	0.96355
101	23	0.95713
102	23	0.89415
104	23	0.95705
105	23	0.91282
106	23	0.94428
109	23	0.96645
110	23	0.96083
112	23	0.95897
113	23	0.90847
114	23	0.97152
116	23	0.9262
117	23	0.98283
120	23	0.96483
122	23	0.94796
123	23	0.92957
125	23	0.95122
126	23	0.9611
127	23	0.95519
130	23	0.97819
131	23	0.91394
133	23	0.86279
136	23	0.9356
139	23	0.97958
140	23	0.95803
141	23	0.9877
142	23	0.9552
144	23	0.95539
146	23	0.98454
147	23	0.96356
148	23	0.98019
149	23	0.64433
4	24	0.93604
5	24	0.95963
7	24	0.96003
9	24	0.86567
11	24	0.87789
12	24	0.97391
13	24	0.96696
15	24	0.97203
17	24	0.9552
18	24	0.95249
19	24	0.97499
21	24	0.97884
22	24	0.93136
23	24	0.9737
28	24	0.90326
29	24	0.94984
30	24	0.97548
33	24	0.96996
34	24	0.89289
35	24	0.9187
36	24	0.95492
38	24	0.95255
39	24	0.96658
41	24	0.97136
42	24	0.97058
43	24	0.94873
44	24	0.96358
47	24	0.96548
48	24	0.95835
50	24	0.93383
54	24	0.95704
61	24	0.96585
62	24	0.9751
63	24	0.95823
70	24	0.98381
71	24	0.97316
74	24	0.91113
75	24	0.94975
76	24	0.96299
77	24	0.93462
80	24	0.94692
81	24	0.95369
84	24	0.91172
85	24	0.94613
88	24	0.97425
89	24	0.92415
90	24	0.96049
93	24	0.94936
95	24	0.97302
97	24	0.97954
100	24	0.97009
102	24	0.88064
103	24	0.94846
106	24	0.91061
107	24	0.95555
108	24	0.96197
110	24	0.97518
111	24	0.93073
112	24	0.95669
113	24	0.89199
114	24	0.97471
116	24	0.91152
117	24	0.95518
126	24	0.96883
128	24	0.9599
129	24	0.95281
130	24	0.96339
131	24	0.90838
135	24	0.94005
139	24	0.97512
140	24	0.95062
141	24	0.96621
144	24	0.93212
146	24	0.96319
148	24	0.98638
2	25	0.97181
3	25	0.51574
6	25	0.98258
9	25	0.90267
10	25	0.56604
11	25	0.89179
12	25	0.95993
14	25	0.81673
15	25	0.96192
19	25	0.9761
20	25	0.97684
23	25	0.97155
27	25	0.98007
28	25	0.92963
29	25	0.9523
31	25	0.98429
33	25	0.95498
38	25	0.97462
40	25	0.7292
42	25	0.97977
44	25	0.97517
45	25	0.69315
46	25	0.83702
48	25	0.97747
51	25	0.96123
52	25	0.47065
53	25	0.96006
54	25	0.96474
55	25	0.98817
56	25	0.65222
57	25	0.64856
58	25	0.95483
59	25	0.95746
60	25	0.83654
61	25	0.97815
62	25	0.97525
64	25	0.90491
65	25	0.88715
66	25	0.94345
67	25	0.96422
68	25	0.97494
69	25	0.57698
70	25	0.96074
71	25	0.97199
72	25	0.50187
73	25	0.68582
74	25	0.9433
75	25	0.95526
76	25	0.96096
78	25	0.91168
79	25	0.96383
81	25	0.92516
82	25	0.94855
83	25	0.96714
84	25	0.94716
85	25	0.9581
86	25	0.95979
87	25	0.98382
88	25	0.96581
89	25	0.92458
90	25	0.96261
92	25	0.97265
93	25	0.91742
94	25	0.96696
96	25	0.89151
98	25	0.83979
99	25	0.93483
100	25	0.9567
101	25	0.95165
102	25	0.87118
106	25	0.95313
109	25	0.97087
113	25	0.93279
115	25	0.96401
116	25	0.946
117	25	0.97446
119	25	0.9102
120	25	0.96957
121	25	0.86789
122	25	0.95982
123	25	0.97368
124	25	0.38579
125	25	0.97857
127	25	0.96536
130	25	0.97139
131	25	0.92283
132	25	0.80682
133	25	0.89523
134	25	0.93105
136	25	0.94884
138	25	0.93247
141	25	0.97246
142	25	0.95703
144	25	0.95338
146	25	0.96533
147	25	0.95973
149	25	0.67969
150	25	0.44433
2	26	0.95323
4	26	0.96272
5	26	0.97323
7	26	0.98393
13	26	0.98177
15	26	0.97892
16	26	0.9576
17	26	0.98199
18	26	0.97496
20	26	0.95909
21	26	0.9584
22	26	0.96066
23	26	0.9583
29	26	0.95114
30	26	0.96889
32	26	0.97713
33	26	0.96435
34	26	0.90468
35	26	0.96261
36	26	0.9627
37	26	0.984
39	26	0.97753
41	26	0.98304
43	26	0.97247
47	26	0.97095
48	26	0.96406
50	26	0.96456
51	26	0.9555
53	26	0.95887
54	26	0.95995
62	26	0.95844
63	26	0.97463
71	26	0.97267
75	26	0.96864
77	26	0.95462
83	26	0.96075
86	26	0.96206
91	26	0.97377
95	26	0.98174
97	26	0.96023
101	26	0.96438
103	26	0.95613
104	26	0.96864
105	26	0.91471
107	26	0.98184
108	26	0.97881
110	26	0.97067
111	26	0.95435
112	26	0.98017
114	26	0.97674
118	26	0.96778
126	26	0.98018
128	26	0.96333
129	26	0.96494
135	26	0.96726
137	26	0.95026
139	26	0.97504
140	26	0.96277
143	26	0.9557
146	26	0.96927
148	26	0.96149
2	27	0.98328
6	27	0.97026
8	27	0.53855
9	27	0.89255
11	27	0.90211
12	27	0.95615
15	27	0.96828
18	27	0.94683
19	27	0.98192
20	27	0.98216
23	27	0.97626
25	27	0.98007
28	27	0.90985
31	27	0.99042
38	27	0.98343
40	27	0.70069
41	27	0.95241
42	27	0.96623
44	27	0.96742
46	27	0.82056
48	27	0.97496
49	27	0.85726
51	27	0.9539
54	27	0.97289
55	27	0.96951
58	27	0.93581
60	27	0.81993
61	27	0.97554
62	27	0.98224
64	27	0.88138
65	27	0.87313
66	27	0.94097
67	27	0.95037
68	27	0.97293
69	27	0.56738
70	27	0.95307
71	27	0.97644
73	27	0.68569
74	27	0.92075
75	27	0.9532
76	27	0.95098
78	27	0.88069
79	27	0.95677
82	27	0.92093
83	27	0.96684
84	27	0.93939
85	27	0.94944
87	27	0.96802
88	27	0.9548
92	27	0.94613
94	27	0.93777
96	27	0.84183
98	27	0.80952
99	27	0.95022
101	27	0.95186
102	27	0.90209
106	27	0.93706
109	27	0.97596
113	27	0.92402
114	27	0.95946
115	27	0.96475
116	27	0.96034
117	27	0.98301
119	27	0.86558
120	27	0.96579
121	27	0.82209
122	27	0.97018
123	27	0.96159
125	27	0.96457
127	27	0.96551
130	27	0.9704
132	27	0.79811
133	27	0.88263
134	27	0.91916
136	27	0.96392
138	27	0.90721
139	27	0.96408
141	27	0.96676
144	27	0.95664
146	27	0.97058
147	27	0.98009
148	27	0.95063
149	27	0.72817
2	28	0.90745
3	28	0.60076
6	28	0.9288
8	28	0.63211
9	28	0.93926
10	28	0.675
12	28	0.934
14	28	0.89479
19	28	0.93024
20	28	0.90941
23	28	0.89919
24	28	0.90326
25	28	0.92963
27	28	0.90985
29	28	0.90232
31	28	0.91843
38	28	0.91008
40	28	0.83985
42	28	0.90743
44	28	0.90948
45	28	0.75577
46	28	0.9179
52	28	0.61361
55	28	0.9555
56	28	0.79001
57	28	0.78174
58	28	0.95013
60	28	0.88102
61	28	0.89938
62	28	0.90633
64	28	0.90025
65	28	0.85243
66	28	0.90332
67	28	0.90275
68	28	0.92703
69	28	0.68427
72	28	0.58355
73	28	0.73204
74	28	0.97411
76	28	0.93425
78	28	0.88318
79	28	0.91468
82	28	0.89098
84	28	0.95876
85	28	0.94544
87	28	0.93839
88	28	0.89126
92	28	0.93219
93	28	0.91491
94	28	0.93759
96	28	0.93536
97	28	0.89257
98	28	0.87895
100	28	0.91185
101	28	0.8944
106	28	0.94979
113	28	0.95335
116	28	0.9099
117	28	0.89245
119	28	0.87038
121	28	0.85535
123	28	0.90665
124	28	0.50122
125	28	0.89948
127	28	0.89132
130	28	0.89081
132	28	0.83824
133	28	0.87396
138	28	0.88792
141	28	0.89683
144	28	0.92545
149	28	0.68556
150	28	0.53274
2	29	0.94944
7	29	0.94318
9	29	0.86824
12	29	0.95355
15	29	0.96465
18	29	0.96387
19	29	0.96088
20	29	0.95687
21	29	0.94987
22	29	0.94982
23	29	0.96065
24	29	0.94984
25	29	0.9523
26	29	0.95114
28	29	0.90232
30	29	0.94865
31	29	0.943
33	29	0.97145
34	29	0.88559
36	29	0.96095
37	29	0.94827
38	29	0.9516
41	29	0.94593
42	29	0.96353
44	29	0.95335
47	29	0.94163
48	29	0.95025
51	29	0.94334
53	29	0.96112
62	29	0.95321
70	29	0.94432
71	29	0.95273
74	29	0.92973
75	29	0.95129
76	29	0.95163
78	29	0.90063
80	29	0.9406
81	29	0.93341
85	29	0.94309
86	29	0.95265
87	29	0.95645
88	29	0.9518
93	29	0.94901
95	29	0.94933
97	29	0.9607
100	29	0.97101
101	29	0.96829
108	29	0.95289
112	29	0.94259
114	29	0.95134
126	29	0.94499
139	29	0.94552
141	29	0.96555
143	29	0.95837
144	29	0.94509
146	29	0.95405
148	29	0.95426
4	30	0.97128
5	30	0.97502
7	30	0.98382
12	30	0.96321
13	30	0.98218
15	30	0.97353
16	30	0.94777
17	30	0.98076
18	30	0.94958
21	30	0.98012
22	30	0.94772
23	30	0.95928
24	30	0.97548
26	30	0.96889
29	30	0.94865
32	30	0.96661
33	30	0.97249
34	30	0.91023
35	30	0.95756
36	30	0.98065
37	30	0.97301
39	30	0.98292
41	30	0.97751
42	30	0.97094
43	30	0.97665
44	30	0.96676
47	30	0.98121
49	30	0.85157
50	30	0.94765
51	30	0.95315
53	30	0.97305
59	30	0.96385
62	30	0.96592
63	30	0.98771
70	30	0.97654
71	30	0.98091
75	30	0.98
76	30	0.95549
77	30	0.97956
80	30	0.94768
81	30	0.9422
86	30	0.97696
88	30	0.96629
89	30	0.93036
90	30	0.97161
91	30	0.9831
93	30	0.92994
95	30	0.98715
97	30	0.98844
100	30	0.97384
101	30	0.95369
103	30	0.9743
104	30	0.95315
105	30	0.91574
107	30	0.98556
108	30	0.99362
110	30	0.99246
111	30	0.96461
112	30	0.98388
114	30	0.9896
118	30	0.97561
126	30	0.99187
128	30	0.97523
129	30	0.96988
130	30	0.96226
135	30	0.9722
137	30	0.97462
139	30	0.97767
140	30	0.96316
141	30	0.96803
142	30	0.95688
143	30	0.94906
145	30	0.93859
146	30	0.96444
148	30	0.97042
2	31	0.98242
6	31	0.98063
9	31	0.90133
11	31	0.89844
12	31	0.95512
14	31	0.77879
15	31	0.96742
18	31	0.94951
19	31	0.97997
20	31	0.97721
23	31	0.97967
25	31	0.98429
27	31	0.99042
28	31	0.91843
29	31	0.943
33	31	0.96021
38	31	0.98353
40	31	0.72858
42	31	0.9785
44	31	0.97106
45	31	0.66337
46	31	0.82595
48	31	0.97807
49	31	0.86761
51	31	0.96365
52	31	0.42316
54	31	0.9742
55	31	0.97279
56	31	0.64625
57	31	0.6498
58	31	0.93981
60	31	0.84221
61	31	0.97813
62	31	0.98541
64	31	0.90021
65	31	0.89787
66	31	0.93478
67	31	0.95574
68	31	0.97922
69	31	0.59491
70	31	0.96116
71	31	0.97526
72	31	0.49148
73	31	0.70764
74	31	0.93022
75	31	0.95995
76	31	0.95843
78	31	0.91062
79	31	0.96732
81	31	0.9336
82	31	0.94399
83	31	0.96955
84	31	0.9404
85	31	0.95023
86	31	0.95519
87	31	0.97116
88	31	0.96597
92	31	0.95454
93	31	0.91649
94	31	0.94359
96	31	0.86263
98	31	0.82478
99	31	0.95408
100	31	0.94779
101	31	0.9548
102	31	0.90393
106	31	0.95242
109	31	0.97809
113	31	0.92497
114	31	0.95868
115	31	0.96376
116	31	0.95608
117	31	0.97848
119	31	0.88538
120	31	0.97795
121	31	0.84242
122	31	0.96765
123	31	0.97177
125	31	0.96906
127	31	0.96378
130	31	0.9778
131	31	0.91295
132	31	0.80276
133	31	0.88425
134	31	0.93355
136	31	0.95763
138	31	0.91882
139	31	0.95763
141	31	0.97426
142	31	0.95741
144	31	0.95324
146	31	0.97253
147	31	0.97158
149	31	0.69555
150	31	0.4172
4	32	0.98169
5	32	0.97321
7	32	0.97906
13	32	0.98219
15	32	0.95403
16	32	0.98226
17	32	0.98377
21	32	0.95403
22	32	0.92831
26	32	0.97713
30	32	0.96661
33	32	0.95302
34	32	0.91247
35	32	0.98154
36	32	0.95055
37	32	0.98576
39	32	0.97511
41	32	0.97248
43	32	0.98187
47	32	0.97721
48	32	0.95387
50	32	0.96484
53	32	0.95384
54	32	0.94783
63	32	0.9864
71	32	0.95353
75	32	0.95215
77	32	0.97395
83	32	0.9571
86	32	0.96019
90	32	0.94699
91	32	0.98784
95	32	0.98112
97	32	0.95318
103	32	0.97147
104	32	0.95959
105	32	0.92695
107	32	0.98782
108	32	0.97583
110	32	0.97007
111	32	0.97416
112	32	0.98622
114	32	0.96091
118	32	0.98229
126	32	0.96846
128	32	0.97344
129	32	0.96028
135	32	0.98169
139	32	0.95805
140	32	0.96201
142	32	0.95274
143	32	0.9558
146	32	0.95288
2	33	0.95158
4	33	0.93692
5	33	0.95701
7	33	0.96748
12	33	0.94856
13	33	0.9712
15	33	0.98024
16	33	0.94093
17	33	0.96018
18	33	0.95936
19	33	0.96638
20	33	0.95473
21	33	0.97862
22	33	0.92742
23	33	0.98638
24	33	0.96996
25	33	0.95498
26	33	0.96435
29	33	0.97145
30	33	0.97249
31	33	0.96021
32	33	0.95302
34	33	0.90913
35	33	0.92647
36	33	0.95832
37	33	0.96037
38	33	0.96551
39	33	0.9711
41	33	0.97715
42	33	0.97615
43	33	0.95927
47	33	0.97116
48	33	0.97623
50	33	0.94029
51	33	0.96016
53	33	0.96241
54	33	0.97123
61	33	0.96116
62	33	0.97821
63	33	0.9674
70	33	0.97348
71	33	0.97455
74	33	0.90353
75	33	0.96583
76	33	0.94706
80	33	0.93658
81	33	0.95802
83	33	0.97033
86	33	0.96955
88	33	0.97714
91	33	0.96276
93	33	0.94135
95	33	0.97941
97	33	0.97037
100	33	0.96421
101	33	0.96122
102	33	0.87663
103	33	0.95135
104	33	0.95639
105	33	0.92128
107	33	0.9753
108	33	0.97178
110	33	0.96781
111	33	0.92781
112	33	0.97112
114	33	0.97162
117	33	0.96136
118	33	0.96352
120	33	0.96147
126	33	0.96964
128	33	0.95117
129	33	0.95708
130	33	0.96639
135	33	0.94542
139	33	0.97437
140	33	0.95891
141	33	0.98611
142	33	0.96632
143	33	0.94074
144	33	0.93076
145	33	0.92815
146	33	0.97796
147	33	0.93314
148	33	0.974
4	34	0.9098
5	34	0.91662
7	34	0.91576
13	34	0.92943
15	34	0.90577
16	34	0.93461
17	34	0.91386
18	34	0.89063
21	34	0.90758
22	34	0.909
24	34	0.89289
26	34	0.90468
29	34	0.88559
30	34	0.91023
32	34	0.91247
33	34	0.90913
35	34	0.90309
36	34	0.9275
37	34	0.89967
39	34	0.90391
41	34	0.93436
42	34	0.89013
43	34	0.90061
47	34	0.91499
48	34	0.88363
50	34	0.92087
57	34	0.6597
63	34	0.91475
75	34	0.88165
77	34	0.9076
85	34	0.89592
90	34	0.88392
91	34	0.90063
95	34	0.91936
97	34	0.91953
101	34	0.9074
103	34	0.90801
104	34	0.91036
107	34	0.92848
108	34	0.90635
110	34	0.9074
111	34	0.9112
112	34	0.89981
114	34	0.90378
118	34	0.89288
126	34	0.90006
128	34	0.93227
129	34	0.89286
135	34	0.90745
139	34	0.91137
143	34	0.90446
4	35	0.99281
5	35	0.9868
7	35	0.96996
13	35	0.97882
15	35	0.93572
16	35	0.96688
17	35	0.9887
18	35	0.92156
21	35	0.95587
22	35	0.92163
24	35	0.9187
26	35	0.96261
30	35	0.95756
32	35	0.98154
33	35	0.92647
34	35	0.90309
36	35	0.93392
37	35	0.97058
39	35	0.96538
41	35	0.95642
43	35	0.98409
47	35	0.97929
50	35	0.9656
53	35	0.91409
54	35	0.91218
63	35	0.97706
71	35	0.92442
75	35	0.92125
77	35	0.9787
86	35	0.91862
91	35	0.96648
95	35	0.96655
97	35	0.93479
103	35	0.98065
104	35	0.9357
107	35	0.97132
108	35	0.96217
110	35	0.95884
111	35	0.99488
112	35	0.96991
114	35	0.94305
118	35	0.96376
126	35	0.96278
128	35	0.97475
129	35	0.94684
135	35	0.99351
139	35	0.93918
140	35	0.93974
143	35	0.91872
146	35	0.91823
148	35	0.93261
4	36	0.94317
5	36	0.94905
7	36	0.97129
12	36	0.96194
13	36	0.96285
15	36	0.97031
16	36	0.94209
17	36	0.95926
20	36	0.95775
21	36	0.95667
22	36	0.97002
24	36	0.95492
26	36	0.9627
29	36	0.96095
30	36	0.98065
32	36	0.95055
33	36	0.95832
34	36	0.9275
35	36	0.93392
37	36	0.96808
39	36	0.95367
41	36	0.96286
42	36	0.96856
44	36	0.95882
47	36	0.95539
48	36	0.95281
50	36	0.93525
51	36	0.95156
53	36	0.9638
59	36	0.95128
62	36	0.95301
63	36	0.96136
71	36	0.96382
75	36	0.9759
76	36	0.95519
77	36	0.96641
80	36	0.93254
85	36	0.94593
86	36	0.96466
90	36	0.95948
91	36	0.96903
93	36	0.91298
95	36	0.9677
97	36	0.98213
100	36	0.97186
101	36	0.95396
103	36	0.94343
107	36	0.9715
108	36	0.98496
110	36	0.97316
111	36	0.93593
112	36	0.95849
114	36	0.97939
118	36	0.95026
126	36	0.97705
128	36	0.95109
129	36	0.95008
135	36	0.9438
137	36	0.97118
139	36	0.95812
141	36	0.95107
143	36	0.96466
4	37	0.96763
5	37	0.9693
7	37	0.98355
13	37	0.97292
15	37	0.9622
16	37	0.97571
17	37	0.98141
18	37	0.95222
21	37	0.95254
22	37	0.95237
26	37	0.984
29	37	0.94827
30	37	0.97301
32	37	0.98576
33	37	0.96037
34	37	0.89967
35	37	0.97058
36	37	0.96808
39	37	0.96535
41	37	0.96667
43	37	0.97062
47	37	0.97045
48	37	0.95029
50	37	0.95145
51	37	0.95351
53	37	0.96725
63	37	0.97598
71	37	0.95724
75	37	0.96884
77	37	0.97306
80	37	0.92577
86	37	0.96829
91	37	0.98666
95	37	0.97285
97	37	0.9553
101	37	0.95324
103	37	0.96617
105	37	0.91026
107	37	0.98231
108	37	0.98579
110	37	0.96561
111	37	0.96166
112	37	0.97906
114	37	0.96806
118	37	0.96874
126	37	0.9795
128	37	0.9556
129	37	0.95608
135	37	0.97161
137	37	0.94734
139	37	0.95345
140	37	0.95231
143	37	0.97535
146	37	0.94894
2	38	0.98368
6	38	0.96515
9	38	0.90299
11	38	0.92114
12	38	0.94877
15	38	0.97611
18	38	0.95872
19	38	0.9815
20	38	0.97385
23	38	0.97985
24	38	0.95255
25	38	0.97462
27	38	0.98343
28	38	0.91008
29	38	0.9516
31	38	0.98353
33	38	0.96551
41	38	0.965
42	38	0.97659
44	38	0.96382
46	38	0.80013
48	38	0.97873
49	38	0.87497
51	38	0.95547
54	38	0.97744
55	38	0.96519
56	38	0.63206
57	38	0.65701
58	38	0.92297
61	38	0.97541
62	38	0.97964
64	38	0.8733
65	38	0.85692
66	38	0.91315
67	38	0.95388
68	38	0.96235
70	38	0.9608
71	38	0.97352
73	38	0.67925
74	38	0.92868
79	38	0.93816
82	38	0.90988
83	38	0.97042
84	38	0.92774
85	38	0.96023
87	38	0.95823
88	38	0.96683
90	38	0.95305
92	38	0.94333
93	38	0.92058
95	38	0.95904
97	38	0.95261
99	38	0.93403
101	38	0.96165
102	38	0.87293
104	38	0.96778
106	38	0.92665
109	38	0.97203
113	38	0.90886
114	38	0.95738
115	38	0.95629
116	38	0.9429
117	38	0.98522
120	38	0.97018
122	38	0.95273
123	38	0.94054
125	38	0.96586
127	38	0.96971
130	38	0.96624
133	38	0.8653
134	38	0.9106
136	38	0.94306
138	38	0.87756
139	38	0.97165
141	38	0.96527
144	38	0.96243
146	38	0.97587
147	38	0.97597
148	38	0.95787
149	38	0.68857
4	39	0.98016
5	39	0.97823
7	39	0.9782
11	39	0.87738
13	39	0.99353
15	39	0.97405
16	39	0.94579
17	39	0.98575
18	39	0.94825
21	39	0.9803
22	39	0.92972
23	39	0.96781
24	39	0.96658
26	39	0.97753
30	39	0.98292
32	39	0.97511
33	39	0.9711
34	39	0.90391
35	39	0.96538
36	39	0.95367
37	39	0.96535
41	39	0.987
43	39	0.99254
47	39	0.9855
48	39	0.97249
50	39	0.96643
54	39	0.9824
59	39	0.95599
61	39	0.96422
63	39	0.99325
70	39	0.97684
71	39	0.98355
75	39	0.96289
77	39	0.96564
83	39	0.97382
86	39	0.96725
88	39	0.97103
89	39	0.92725
90	39	0.96817
91	39	0.98019
95	39	0.99488
97	39	0.97382
103	39	0.96724
104	39	0.97122
105	39	0.93066
107	39	0.98717
108	39	0.98021
109	39	0.95305
110	39	0.98689
111	39	0.97019
112	39	0.99283
114	39	0.9786
117	39	0.96633
118	39	0.98525
126	39	0.9827
127	39	0.95411
128	39	0.9877
129	39	0.98018
130	39	0.96745
135	39	0.9808
137	39	0.95626
139	39	0.98855
140	39	0.97991
141	39	0.9632
142	39	0.95901
143	39	0.9268
145	39	0.94668
146	39	0.97771
147	39	0.93413
148	39	0.97133
3	40	0.59792
6	40	0.76281
8	40	0.57727
9	40	0.78652
10	40	0.56051
14	40	0.81371
19	40	0.7237
23	40	0.68982
25	40	0.7292
27	40	0.70069
28	40	0.83985
31	40	0.72858
45	40	0.78325
46	40	0.91414
52	40	0.75692
55	40	0.79176
56	40	0.91583
57	40	0.72823
58	40	0.77284
60	40	0.87657
64	40	0.8727
65	40	0.78978
66	40	0.70223
68	40	0.75155
69	40	0.90041
72	40	0.72031
74	40	0.82617
76	40	0.7171
78	40	0.75506
79	40	0.74376
81	40	0.70645
82	40	0.80696
84	40	0.80229
87	40	0.71457
92	40	0.72645
93	40	0.7105
94	40	0.70903
96	40	0.85299
98	40	0.82362
102	40	0.70045
106	40	0.8422
113	40	0.86332
116	40	0.72599
119	40	0.74804
121	40	0.79083
123	40	0.74943
124	40	0.63196
132	40	0.86812
133	40	0.75989
134	40	0.70268
136	40	0.69132
138	40	0.81039
144	40	0.75427
149	40	0.67113
150	40	0.69644
2	41	0.96174
4	41	0.9675
5	41	0.97623
7	41	0.98445
11	41	0.89258
12	41	0.95412
13	41	0.99111
15	41	0.98563
16	41	0.9495
17	41	0.98352
18	41	0.96449
19	41	0.96151
20	41	0.9644
21	41	0.9692
22	41	0.95519
23	41	0.96968
24	41	0.97136
26	41	0.98304
27	41	0.95241
29	41	0.94593
30	41	0.97751
32	41	0.97248
33	41	0.97715
34	41	0.93436
35	41	0.95642
36	41	0.96286
37	41	0.96667
38	41	0.965
39	41	0.987
42	41	0.96785
43	41	0.97591
47	41	0.97887
48	41	0.97681
49	41	0.88094
50	41	0.97605
54	41	0.97376
61	41	0.96244
62	41	0.97346
63	41	0.98245
70	41	0.96529
71	41	0.98102
75	41	0.96624
77	41	0.95403
80	41	0.92372
83	41	0.96992
85	41	0.94338
86	41	0.95997
88	41	0.95999
90	41	0.96049
91	41	0.96769
95	41	0.99173
97	41	0.97489
99	41	0.92389
101	41	0.9674
102	41	0.87347
103	41	0.95929
104	41	0.97627
105	41	0.91478
107	41	0.9882
108	41	0.97546
110	41	0.9835
111	41	0.95757
112	41	0.98224
114	41	0.983
116	41	0.91643
117	41	0.96537
118	41	0.9683
126	41	0.98315
127	41	0.95581
128	41	0.98109
129	41	0.97611
135	41	0.97144
137	41	0.94846
139	41	0.99306
140	41	0.97535
141	41	0.96363
142	41	0.95488
143	41	0.94227
144	41	0.93026
146	41	0.97562
147	41	0.9423
148	41	0.97528
2	42	0.97154
6	42	0.9565
9	42	0.89317
11	42	0.89435
12	42	0.9689
13	42	0.95936
14	42	0.76637
15	42	0.98106
18	42	0.95179
19	42	0.97619
20	42	0.97588
21	42	0.95962
22	42	0.93321
23	42	0.97432
24	42	0.97058
25	42	0.97977
27	42	0.96623
28	42	0.90743
29	42	0.96353
30	42	0.97094
31	42	0.9785
33	42	0.97615
34	42	0.89013
36	42	0.96856
38	42	0.97659
41	42	0.96785
44	42	0.98744
48	42	0.98693
49	42	0.8745
51	42	0.97474
53	42	0.9781
54	42	0.97811
55	42	0.95822
58	42	0.92889
59	42	0.976
61	42	0.98572
62	42	0.98295
66	42	0.91446
67	42	0.96334
68	42	0.95602
70	42	0.98255
71	42	0.98698
73	42	0.677
74	42	0.9276
75	42	0.97866
76	42	0.96788
78	42	0.90244
79	42	0.94855
80	42	0.93312
81	42	0.94101
82	42	0.90505
83	42	0.97667
84	42	0.92249
85	42	0.96092
86	42	0.97905
87	42	0.97662
88	42	0.98083
89	42	0.94879
90	42	0.98353
92	42	0.96236
93	42	0.9344
94	42	0.9542
95	42	0.97412
96	42	0.85228
97	42	0.98033
99	42	0.93733
100	42	0.97406
101	42	0.96181
102	42	0.87425
104	42	0.96401
106	42	0.92139
107	42	0.96751
108	42	0.96905
109	42	0.96925
110	42	0.97572
114	42	0.97848
115	42	0.97087
116	42	0.92929
117	42	0.97118
119	42	0.86985
120	42	0.96669
121	42	0.81684
122	42	0.9584
123	42	0.94764
125	42	0.96431
126	42	0.9663
127	42	0.97383
129	42	0.96105
130	42	0.98064
131	42	0.93287
133	42	0.8549
134	42	0.94097
136	42	0.92152
137	42	0.96432
139	42	0.97075
141	42	0.97652
142	42	0.97492
143	42	0.93762
144	42	0.93273
145	42	0.95182
146	42	0.97258
147	42	0.94101
148	42	0.95977
4	43	0.99209
5	43	0.98584
7	43	0.97491
13	43	0.99185
15	43	0.95669
16	43	0.95923
17	43	0.99163
21	43	0.97894
24	43	0.94873
26	43	0.97247
30	43	0.97665
32	43	0.98187
33	43	0.95927
34	43	0.90061
35	43	0.98409
37	43	0.97062
39	43	0.99254
41	43	0.97591
47	43	0.99028
48	43	0.94926
50	43	0.96905
54	43	0.95858
63	43	0.99362
70	43	0.95642
71	43	0.96253
75	43	0.94626
77	43	0.97488
83	43	0.95298
86	43	0.95306
88	43	0.94982
90	43	0.94491
91	43	0.98038
95	43	0.98678
97	43	0.95704
103	43	0.97967
104	43	0.95379
105	43	0.92209
107	43	0.98413
108	43	0.97588
110	43	0.97754
111	43	0.98685
112	43	0.99017
114	43	0.96302
118	43	0.98092
