4	2	0.98875
5	2	0.98898
6	2	0.9846
10	2	0.98897
12	2	0.9914
13	2	0.99171
15	2	0.9788
17	2	0.98306
19	2	0.99023
20	2	0.99396
21	2	0.97714
23	2	0.97825
24	2	0.99545
25	2	0.9823
26	2	0.98694
27	2	0.99509
30	2	0.98613
31	2	0.99357
33	2	0.99177
34	2	0.98268
37	2	0.98765
38	2	0.99732
39	2	0.97933
42	2	0.99189
43	2	0.98047
44	2	0.99155
47	2	0.99149
50	2	0.98873
51	2	0.99233
53	2	0.99024
55	2	0.99372
59	2	0.98371
60	2	0.98378
61	2	0.99092
62	2	0.99492
63	2	0.98757
65	2	0.97691
66	2	0.9813
67	2	0.98589
68	2	0.98808
69	2	0.9925
70	2	0.99125
71	2	0.97927
72	2	0.99092
75	2	0.99683
76	2	0.99394
77	2	0.98765
78	2	0.98796
79	2	0.98848
80	2	0.98766
81	2	0.9825
82	2	0.9776
83	2	0.994
84	2	0.97603
86	2	0.99248
87	2	0.98963
88	2	0.9746
89	2	0.99316
91	2	0.99448
92	2	0.99463
93	2	0.96783
95	2	0.9912
97	2	0.99349
98	2	0.99422
99	2	0.97875
100	2	0.98717
101	2	0.98351
102	2	0.95775
107	2	0.99733
108	2	0.99668
109	2	0.9895
111	2	0.99016
112	2	0.9854
113	2	0.99307
115	2	0.98714
117	2	0.99155
118	2	0.94821
119	2	0.99102
120	2	0.98644
121	2	0.99227
122	2	0.98923
123	2	0.99624
125	2	0.98122
126	2	0.96597
127	2	0.98744
128	2	0.98341
129	2	0.98481
130	2	0.98286
131	2	0.98681
132	2	0.99229
133	2	0.99128
134	2	0.98638
135	2	0.98812
136	2	0.98157
138	2	0.99498
139	2	0.98021
140	2	0.97735
141	2	0.98563
142	2	0.9829
143	2	0.96146
146	2	0.98152
147	2	0.98483
148	2	0.97024
150	2	0.98787
7	3	0.94889
8	3	0.86698
11	3	0.93755
12	3	0.9293
14	3	0.92861
15	3	0.93622
18	3	0.93968
19	3	0.92754
20	3	0.92798
23	3	0.94028
25	3	0.94914
27	3	0.92821
32	3	0.94438
33	3	0.93361
35	3	0.77665
37	3	0.92709
41	3	0.9486
42	3	0.92777
45	3	0.94465
46	3	0.9309
49	3	0.94868
54	3	0.9457
57	3	0.93605
58	3	0.94675
59	3	0.93868
62	3	0.93299
64	3	0.95032
67	3	0.94184
71	3	0.93843
77	3	0.93351
78	3	0.92869
79	3	0.94262
82	3	0.945
84	3	0.93696
87	3	0.93898
90	3	0.94492
94	3	0.94938
96	3	0.94279
104	3	0.94929
105	3	0.88581
106	3	0.93855
114	3	0.94993
120	3	0.93103
121	3	0.93294
123	3	0.92967
124	3	0.9352
125	3	0.92988
128	3	0.94125
132	3	0.93337
134	3	0.92668
138	3	0.93546
139	3	0.93584
141	3	0.93838
2	4	0.98875
10	4	0.99345
12	4	0.98663
13	4	0.98515
16	4	0.95016
17	4	0.97892
20	4	0.99085
21	4	0.98442
24	4	0.988
26	4	0.99191
28	4	0.98093
29	4	0.96342
30	4	0.98057
31	4	0.97982
33	4	0.9808
34	4	0.98963
37	4	0.98656
38	4	0.98962
42	4	0.99039
44	4	0.98697
47	4	0.9943
50	4	0.98886
51	4	0.98666
55	4	0.99486
62	4	0.98235
66	4	0.99012
72	4	0.99007
73	4	0.97377
74	4	0.952
75	4	0.98531
76	4	0.99005
83	4	0.98675
86	4	0.97989
87	4	0.98628
89	4	0.98461
91	4	0.98924
92	4	0.98785
93	4	0.96202
95	4	0.97962
97	4	0.99194
100	4	0.99186
101	4	0.99094
103	4	0.90704
107	4	0.98389
108	4	0.98231
111	4	0.98
112	4	0.99022
113	4	0.98457
117	4	0.98376
123	4	0.98451
127	4	0.9829
128	4	0.98115
133	4	0.98125
138	4	0.98269
141	4	0.98008
142	4	0.97817
143	4	0.98271
150	4	0.99063
2	5	0.98898
7	5	0.98269
10	5	0.98002
12	5	0.98875
15	5	0.98972
16	5	0.95529
17	5	0.97553
18	5	0.9778
19	5	0.98732
20	5	0.99043
21	5	0.97784
23	5	0.98628
24	5	0.99289
25	5	0.98829
27	5	0.98796
28	5	0.98156
29	5	0.95553
31	5	0.98183
33	5	0.9926
34	5	0.9805
37	5	0.98688
38	5	0.98685
40	5	0.97964
41	5	0.96481
42	5	0.9868
45	5	0.98073
46	5	0.97753
47	5	0.98217
49	5	0.95564
50	5	0.98274
53	5	0.98381
55	5	0.98043
56	5	0.96329
57	5	0.96678
60	5	0.97683
62	5	0.99312
67	5	0.98171
73	5	0.95147
75	5	0.9802
76	5	0.99128
77	5	0.98887
78	5	0.98175
79	5	0.98402
82	5	0.97652
83	5	0.98012
84	5	0.98274
87	5	0.98684
91	5	0.98151
94	5	0.96376
95	5	0.98395
96	5	0.97585
97	5	0.98134
98	5	0.98678
99	5	0.98134
100	5	0.97932
101	5	0.98234
102	5	0.97781
106	5	0.97688
107	5	0.989
108	5	0.98148
113	5	0.98741
114	5	0.98452
123	5	0.98848
128	5	0.98735
132	5	0.98539
134	5	0.99496
137	5	0.9242
138	5	0.98998
139	5	0.98756
141	5	0.98758
2	6	0.9846
13	6	0.9946
17	6	0.97778
26	6	0.97973
30	6	0.99462
39	6	0.98401
43	6	0.99412
44	6	0.99035
47	6	0.98344
51	6	0.99432
55	6	0.98508
61	6	0.99762
63	6	0.99614
69	6	0.99173
70	6	0.996
72	6	0.99248
75	6	0.99261
80	6	0.99048
81	6	0.98648
83	6	0.99135
86	6	0.99326
88	6	0.9896
89	6	0.99596
91	6	0.98844
92	6	0.99167
93	6	0.98342
95	6	0.98482
97	6	0.9855
98	6	0.98361
107	6	0.98334
108	6	0.99251
109	6	0.98489
111	6	0.98674
112	6	0.98981
113	6	0.98467
115	6	0.99484
117	6	0.99033
119	6	0.98959
122	6	0.98372
123	6	0.98208
126	6	0.97483
129	6	0.98812
130	6	0.98378
131	6	0.99208
133	6	0.98513
135	6	0.99049
136	6	0.98821
140	6	0.99115
142	6	0.99478
145	6	0.9809
146	6	0.99345
147	6	0.99473
148	6	0.98998
149	6	0.59122
150	6	0.99012
3	7	0.94889
5	7	0.98269
8	7	0.83293
9	7	0.90122
11	7	0.95821
12	7	0.97761
14	7	0.96711
15	7	0.99235
16	7	0.96683
18	7	0.98688
19	7	0.97534
20	7	0.97847
22	7	0.90935
23	7	0.98932
24	7	0.97193
25	7	0.9905
27	7	0.97123
28	7	0.97925
29	7	0.95726
32	7	0.9731
33	7	0.98457
35	7	0.81473
36	7	0.94948
37	7	0.97717
38	7	0.96865
40	7	0.98223
41	7	0.98743
42	7	0.97428
45	7	0.98888
46	7	0.97841
48	7	0.92636
49	7	0.97934
52	7	0.92441
54	7	0.96938
56	7	0.97911
57	7	0.98176
58	7	0.97512
59	7	0.97166
62	7	0.97977
64	7	0.98128
67	7	0.97689
71	7	0.97944
74	7	0.9504
77	7	0.9787
79	7	0.97754
82	7	0.97881
84	7	0.98154
85	7	0.96565
87	7	0.97776
90	7	0.97932
94	7	0.9868
96	7	0.98644
102	7	0.97908
103	7	0.90531
104	7	0.97994
105	7	0.88119
106	7	0.98734
107	7	0.96935
110	7	0.92123
114	7	0.99522
116	7	0.95984
123	7	0.97309
124	7	0.94842
128	7	0.98492
132	7	0.97532
134	7	0.98369
137	7	0.933
138	7	0.9764
139	7	0.98504
141	7	0.98328
144	7	0.9228
3	8	0.86698
7	8	0.83293
9	8	0.86143
11	8	0.883
14	8	0.84593
15	8	0.79025
16	8	0.79361
18	8	0.84126
22	8	0.79976
23	8	0.79096
25	8	0.79389
28	8	0.77568
29	8	0.78207
32	8	0.84475
35	8	0.87216
36	8	0.86826
40	8	0.80761
41	8	0.85609
45	8	0.81814
46	8	0.81568
48	8	0.89103
49	8	0.86729
52	8	0.83054
54	8	0.79477
56	8	0.83511
57	8	0.82216
58	8	0.87229
59	8	0.77307
64	8	0.81765
67	8	0.77849
74	8	0.80469
79	8	0.78301
82	8	0.79172
84	8	0.81544
85	8	0.84331
90	8	0.78465
94	8	0.84376
96	8	0.84422
102	8	0.79303
103	8	0.81236
104	8	0.85564
105	8	0.9317
106	8	0.82166
110	8	0.8737
114	8	0.8292
116	8	0.83682
124	8	0.90055
128	8	0.77358
141	8	0.78065
144	8	0.81609
7	9	0.90122
8	9	0.86143
11	9	0.96467
12	9	0.87817
14	9	0.96061
15	9	0.88771
16	9	0.93179
18	9	0.91131
20	9	0.87561
21	9	0.89933
22	9	0.97047
25	9	0.8822
28	9	0.92182
29	9	0.94287
32	9	0.92075
34	9	0.88642
35	9	0.97219
36	9	0.97723
37	9	0.89107
40	9	0.92235
41	9	0.90157
42	9	0.88017
45	9	0.91637
46	9	0.92548
48	9	0.9779
49	9	0.89607
52	9	0.97905
56	9	0.90802
57	9	0.90851
58	9	0.93942
64	9	0.88458
66	9	0.88515
73	9	0.90295
74	9	0.95503
84	9	0.90441
85	9	0.96432
87	9	0.88211
94	9	0.89242
96	9	0.93366
101	9	0.88725
103	9	0.96895
104	9	0.90227
105	9	0.87905
106	9	0.92664
110	9	0.98337
114	9	0.9089
116	9	0.96344
124	9	0.87597
141	9	0.89096
143	9	0.89991
144	9	0.97178
2	10	0.98897
4	10	0.99345
5	10	0.98002
12	10	0.98921
13	10	0.98523
17	10	0.98281
20	10	0.99023
21	10	0.98134
24	10	0.98846
26	10	0.98875
27	10	0.98041
28	10	0.97779
29	10	0.95692
31	10	0.98109
33	10	0.98162
34	10	0.98787
37	10	0.98697
38	10	0.98767
42	10	0.98904
44	10	0.98232
47	10	0.99088
50	10	0.99049
51	10	0.98351
55	10	0.99217
62	10	0.98409
66	10	0.98456
72	10	0.98567
73	10	0.96706
75	10	0.98518
76	10	0.98944
78	10	0.98106
80	10	0.98134
83	10	0.98663
86	10	0.98072
87	10	0.98643
89	10	0.98359
91	10	0.98742
92	10	0.98665
93	10	0.9626
95	10	0.98176
97	10	0.99193
98	10	0.98139
100	10	0.99006
101	10	0.98784
107	10	0.98659
108	10	0.98469
111	10	0.98133
112	10	0.98374
113	10	0.98527
117	10	0.98239
123	10	0.98491
133	10	0.98082
138	10	0.98374
141	10	0.98127
143	10	0.9784
150	10	0.98446
3	11	0.93755
7	11	0.95821
8	11	0.883
9	11	0.96467
12	11	0.94292
14	11	0.99062
15	11	0.94516
16	11	0.95554
18	11	0.96713
20	11	0.94329
21	11	0.94403
22	11	0.94478
25	11	0.95059
28	11	0.96237
29	11	0.96386
32	11	0.97716
35	11	0.91207
36	11	0.98835
37	11	0.95128
40	11	0.95269
41	11	0.9658
42	11	0.94591
45	11	0.97005
46	11	0.96755
48	11	0.98471
49	11	0.96335
52	11	0.9745
54	11	0.94039
57	11	0.95579
58	11	0.98423
59	11	0.94195
64	11	0.95802
66	11	0.94788
74	11	0.97506
79	11	0.94367
84	11	0.96073
85	11	0.98663
87	11	0.95221
90	11	0.95042
94	11	0.95446
96	11	0.97515
101	11	0.94554
103	11	0.96732
104	11	0.96643
105	11	0.92489
106	11	0.97388
110	11	0.98161
114	11	0.96695
116	11	0.98612
124	11	0.94528
128	11	0.94353
141	11	0.95965
143	11	0.94923
144	11	0.96994
2	12	0.9914
3	12	0.9293
4	12	0.98663
5	12	0.98875
7	12	0.97761
9	12	0.87817
10	12	0.98921
11	12	0.94292
14	12	0.96056
15	12	0.98153
16	12	0.9526
17	12	0.97477
18	12	0.97476
19	12	0.99407
20	12	0.99685
21	12	0.98886
24	12	0.99134
25	12	0.98603
26	12	0.98093
27	12	0.98502
28	12	0.98712
29	12	0.96925
31	12	0.98925
32	12	0.97426
33	12	0.99173
34	12	0.99042
36	12	0.94042
37	12	0.99538
38	12	0.99056
40	12	0.97864
42	12	0.99536
45	12	0.98279
46	12	0.98791
47	12	0.9845
50	12	0.98501
52	12	0.91994
55	12	0.9867
56	12	0.94273
57	12	0.96412
58	12	0.95833
60	12	0.9771
62	12	0.99097
64	12	0.98099
66	12	0.98819
67	12	0.98409
73	12	0.96168
74	12	0.96369
75	12	0.98476
76	12	0.99009
77	12	0.98677
78	12	0.9901
79	12	0.9926
83	12	0.98253
84	12	0.99053
85	12	0.95942
87	12	0.99557
90	12	0.98057
91	12	0.98334
92	12	0.98432
96	12	0.98249
97	12	0.9863
98	12	0.98446
99	12	0.97306
100	12	0.99232
101	12	0.99179
102	12	0.95883
103	12	0.915
104	12	0.96215
106	12	0.97948
107	12	0.9918
108	12	0.98449
113	12	0.98494
114	12	0.98364
116	12	0.95572
121	12	0.98582
123	12	0.9875
128	12	0.98462
132	12	0.98526
134	12	0.98734
138	12	0.99008
141	12	0.99322
143	12	0.97838
144	12	0.92656
2	13	0.99171
4	13	0.98515
6	13	0.9946
10	13	0.98523
17	13	0.98973
24	13	0.98813
26	13	0.98754
30	13	0.99639
38	13	0.98805
43	13	0.99569
44	13	0.9885
47	13	0.99112
50	13	0.98636
51	13	0.99594
53	13	0.98616
55	13	0.99197
61	13	0.9967
63	13	0.99178
69	13	0.99174
70	13	0.99513
72	13	0.99478
75	13	0.99365
76	13	0.98686
80	13	0.99482
81	13	0.98942
83	13	0.9921
86	13	0.99591
88	13	0.99241
89	13	0.99438
91	13	0.99162
92	13	0.99193
93	13	0.9846
95	13	0.98785
97	13	0.99306
98	13	0.98854
107	13	0.98772
108	13	0.99445
111	13	0.99273
112	13	0.99123
113	13	0.98842
115	13	0.99309
117	13	0.99065
119	13	0.9858
123	13	0.98673
126	13	0.98537
127	13	0.9839
129	13	0.98536
130	13	0.98021
131	13	0.98878
135	13	0.99456
136	13	0.98231
140	13	0.98414
142	13	0.99597
145	13	0.97523
146	13	0.99431
147	13	0.9883
148	13	0.9889
150	13	0.99279
3	14	0.92861
7	14	0.96711
8	14	0.84593
9	14	0.96061
11	14	0.99062
12	14	0.96056
15	14	0.96543
16	14	0.97739
18	14	0.97378
20	14	0.96472
21	14	0.96845
22	14	0.96007
25	14	0.96718
28	14	0.98294
29	14	0.98323
32	14	0.98575
33	14	0.96056
34	14	0.9649
35	14	0.899
36	14	0.99237
37	14	0.97024
40	14	0.96633
41	14	0.97157
42	14	0.96723
45	14	0.98507
46	14	0.97981
48	14	0.98296
49	14	0.96938
52	14	0.98399
56	14	0.9489
57	14	0.96675
58	14	0.98827
59	14	0.95835
64	14	0.9681
66	14	0.96973
73	14	0.96592
74	14	0.98945
84	14	0.97225
85	14	0.99713
87	14	0.96993
90	14	0.96707
94	14	0.96487
96	14	0.98457
101	14	0.96928
103	14	0.97776
104	14	0.9738
105	14	0.90549
106	14	0.98822
110	14	0.98286
114	14	0.97845
116	14	0.99688
124	14	0.93356
128	14	0.96304
141	14	0.97266
143	14	0.97047
144	14	0.98124
2	15	0.9788
3	15	0.93622
5	15	0.98972
7	15	0.99235
8	15	0.79025
9	15	0.88771
11	15	0.94516
12	15	0.98153
14	15	0.96543
16	15	0.96998
18	15	0.98332
19	15	0.98209
20	15	0.98591
21	15	0.97389
22	15	0.91023
23	15	0.99603
24	15	0.98088
25	15	0.99403
27	15	0.98175
28	15	0.98537
29	15	0.96401
32	15	0.97162
33	15	0.99305
35	15	0.79509
36	15	0.94464
37	15	0.98365
38	15	0.98215
40	15	0.98348
41	15	0.97946
42	15	0.98469
45	15	0.99076
46	15	0.97931
48	15	0.9166
49	15	0.9706
52	15	0.9235
53	15	0.97711
56	15	0.97624
57	15	0.9778
58	15	0.97033
59	15	0.97829
62	15	0.98723
64	15	0.98303
67	15	0.98054
71	15	0.9844
73	15	0.95702
74	15	0.95372
76	15	0.98047
77	15	0.9833
79	15	0.98151
82	15	0.98179
84	15	0.98157
85	15	0.96466
87	15	0.98438
90	15	0.98477
94	15	0.98459
95	15	0.97699
96	15	0.98401
102	15	0.97539
103	15	0.90494
104	15	0.97684
105	15	0.8588
106	15	0.98872
107	15	0.97906
110	15	0.91288
113	15	0.97688
114	15	0.99349
116	15	0.95847
123	15	0.98383
124	15	0.92883
127	15	0.97681
128	15	0.9889
132	15	0.97923
134	15	0.98754
137	15	0.93736
138	15	0.98548
139	15	0.99023
141	15	0.98602
144	15	0.92338
4	16	0.95016
5	16	0.95529
7	16	0.96683
8	16	0.79361
9	16	0.93179
11	16	0.95554
12	16	0.9526
14	16	0.97739
15	16	0.96998
18	16	0.96153
20	16	0.96088
21	16	0.96251
22	16	0.96635
23	16	0.95567
25	16	0.95922
28	16	0.98196
29	16	0.98547
32	16	0.95581
33	16	0.95966
34	16	0.96513
35	16	0.86603
36	16	0.96533
37	16	0.96612
40	16	0.95779
41	16	0.95377
42	16	0.9594
45	16	0.97537
46	16	0.9626
48	16	0.94827
52	16	0.96485
56	16	0.9582
57	16	0.96408
58	16	0.95745
66	16	0.95431
73	16	0.97685
74	16	0.9699
84	16	0.95254
85	16	0.9753
87	16	0.95633
90	16	0.9494
94	16	0.956
96	16	0.96759
100	16	0.95028
101	16	0.96525
103	16	0.95288
106	16	0.97701
110	16	0.95023
114	16	0.9692
116	16	0.97873
128	16	0.9592
139	16	0.95502
141	16	0.9579
143	16	0.96061
144	16	0.95921
2	17	0.98306
4	17	0.97892
5	17	0.97553
6	17	0.97778
10	17	0.98281
12	17	0.97477
13	17	0.98973
24	17	0.98664
26	17	0.98206
27	17	0.9749
30	17	0.98288
38	17	0.97469
43	17	0.98165
47	17	0.98435
50	17	0.98399
51	17	0.97908
53	17	0.97569
55	17	0.98153
61	17	0.98207
62	17	0.97564
63	17	0.97776
69	17	0.9797
70	17	0.98097
72	17	0.97819
75	17	0.98091
76	17	0.98129
80	17	0.9893
81	17	0.97936
83	17	0.97726
86	17	0.98177
88	17	0.98068
89	17	0.97918
91	17	0.97577
92	17	0.97617
93	17	0.97563
95	17	0.9755
97	17	0.9833
98	17	0.9804
107	17	0.97891
108	17	0.98324
111	17	0.98999
112	17	0.97993
113	17	0.97906
115	17	0.97571
126	17	0.97633
135	17	0.9847
142	17	0.98233
146	17	0.98336
148	17	0.97688
150	17	0.97601
3	18	0.93968
5	18	0.9778
7	18	0.98688
8	18	0.84126
9	18	0.91131
11	18	0.96713
12	18	0.97476
14	18	0.97378
15	18	0.98332
16	18	0.96153
19	18	0.97667
20	18	0.97647
22	18	0.9054
23	18	0.98059
25	18	0.98097
28	18	0.97687
29	18	0.9615
32	18	0.97676
33	18	0.98211
35	18	0.83252
36	18	0.95801
37	18	0.97747
40	18	0.98295
41	18	0.98432
42	18	0.97368
45	18	0.98329
46	18	0.98711
48	18	0.939
49	18	0.98049
52	18	0.93382
56	18	0.97279
57	18	0.97346
58	18	0.97587
59	18	0.97019
62	18	0.97241
64	18	0.98056
67	18	0.97426
71	18	0.96986
74	18	0.95748
77	18	0.97403
78	18	0.96685
79	18	0.97646
82	18	0.97094
84	18	0.98706
85	18	0.96864
87	18	0.97811
90	18	0.97256
94	18	0.97451
96	18	0.98954
101	18	0.96705
102	18	0.97169
103	18	0.92105
104	18	0.98046
105	18	0.89145
106	18	0.98335
110	18	0.93282
114	18	0.98918
116	18	0.96678
123	18	0.96693
124	18	0.94435
128	18	0.97412
134	18	0.97822
138	18	0.97353
139	18	0.97343
141	18	0.98551
144	18	0.93213
2	19	0.99023
3	19	0.92754
5	19	0.98732
7	19	0.97534
12	19	0.99407
15	19	0.98209
18	19	0.97667
20	19	0.99293
21	19	0.98156
23	19	0.97748
24	19	0.98926
25	19	0.98306
27	19	0.98837
28	19	0.97964
29	19	0.95803
31	19	0.99383
32	19	0.96785
33	19	0.99261
34	19	0.97958
37	19	0.98962
38	19	0.98841
40	19	0.98104
42	19	0.99154
44	19	0.97871
46	19	0.98823
55	19	0.98001
56	19	0.94349
59	19	0.9795
60	19	0.98417
62	19	0.98806
64	19	0.98284
66	19	0.97899
67	19	0.98508
74	19	0.95078
75	19	0.9839
76	19	0.98327
77	19	0.98622
78	19	0.9874
79	19	0.99057
82	19	0.97786
84	19	0.98947
87	19	0.99058
92	19	0.9809
96	19	0.97805
98	19	0.98584
99	19	0.9801
100	19	0.98324
101	19	0.98111
102	19	0.96652
107	19	0.99021
108	19	0.98421
113	19	0.97996
114	19	0.97962
121	19	0.9854
122	19	0.97902
123	19	0.9851
132	19	0.98793
133	19	0.97996
134	19	0.98777
138	19	0.98867
141	19	0.99074
143	19	0.96251
2	20	0.99396
3	20	0.92798
4	20	0.99085
5	20	0.99043
7	20	0.97847
9	20	0.87561
10	20	0.99023
11	20	0.94329
12	20	0.99685
14	20	0.96472
15	20	0.98591
16	20	0.96088
18	20	0.97647
19	20	0.99293
21	20	0.98851
22	20	0.89038
23	20	0.98091
24	20	0.99235
25	20	0.98853
26	20	0.98467
27	20	0.98852
28	20	0.99028
29	20	0.97136
31	20	0.99118
32	20	0.97658
33	20	0.9944
34	20	0.99173
36	20	0.94102
37	20	0.99575
38	20	0.99455
40	20	0.97531
41	20	0.96648
42	20	0.99778
44	20	0.98749
45	20	0.98574
46	20	0.9867
47	20	0.98876
49	20	0.95891
50	20	0.98566
52	20	0.9226
53	20	0.98315
54	20	0.97285
55	20	0.99071
56	20	0.94303
57	20	0.96328
58	20	0.96168
59	20	0.9871
62	20	0.99227
64	20	0.98319
66	20	0.992
67	20	0.98696
71	20	0.97922
73	20	0.96706
74	20	0.96364
75	20	0.98782
76	20	0.99193
77	20	0.98679
78	20	0.98853
79	20	0.99189
83	20	0.98728
84	20	0.9885
85	20	0.96207
87	20	0.99634
90	20	0.98602
91	20	0.98915
92	20	0.98907
94	20	0.96083
96	20	0.98001
97	20	0.98816
99	20	0.97183
100	20	0.99274
101	20	0.99327
102	20	0.95793
103	20	0.91758
104	20	0.96698
106	20	0.98285
107	20	0.99251
110	20	0.90815
112	20	0.97917
113	20	0.98812
114	20	0.9853
116	20	0.95946
118	20	0.94475
121	20	0.98947
123	20	0.9921
127	20	0.98343
128	20	0.98897
132	20	0.9855
133	20	0.98717
134	20	0.98728
138	20	0.9937
139	20	0.98354
141	20	0.99403
143	20	0.9793
144	20	0.9265
2	21	0.97714
4	21	0.98442
5	21	0.97784
9	21	0.89933
10	21	0.98134
11	21	0.94403
12	21	0.98886
14	21	0.96845
15	21	0.97389
16	21	0.96251
19	21	0.98156
20	21	0.98851
22	21	0.91847
24	21	0.97823
25	21	0.97616
26	21	0.98158
28	21	0.99177
29	21	0.98493
31	21	0.9718
32	21	0.96854
33	21	0.98243
34	21	0.99581
35	21	0.79571
36	21	0.95447
37	21	0.99272
38	21	0.98075
40	21	0.97469
42	21	0.99242
45	21	0.98012
46	21	0.98241
47	21	0.98102
48	21	0.91429
50	21	0.97674
52	21	0.94664
55	21	0.98362
57	21	0.95848
62	21	0.97722
66	21	0.98967
73	21	0.97756
74	21	0.98195
76	21	0.9863
78	21	0.97552
79	21	0.9786
84	21	0.97924
85	21	0.96914
87	21	0.99023
90	21	0.97128
91	21	0.97364
92	21	0.97102
96	21	0.97851
97	21	0.97958
100	21	0.99493
101	21	0.99509
103	21	0.94355
106	21	0.97911
107	21	0.9762
110	21	0.92435
114	21	0.97341
116	21	0.96905
121	21	0.97071
123	21	0.97325
128	21	0.97328
138	21	0.97706
141	21	0.98469
143	21	0.98653
144	21	0.95465
7	22	0.90935
8	22	0.79976
9	22	0.97047
11	22	0.94478
14	22	0.96007
15	22	0.91023
16	22	0.96635
18	22	0.9054
20	22	0.89038
21	22	0.91847
25	22	0.89989
28	22	0.94039
29	22	0.96042
32	22	0.91492
34	22	0.9107
35	22	0.93834
36	22	0.96936
37	22	0.90474
40	22	0.91647
41	22	0.90213
42	22	0.89656
45	22	0.93225
46	22	0.91365
48	22	0.96369
49	22	0.89588
52	22	0.98254
56	22	0.92017
57	22	0.92417
58	22	0.93089
66	22	0.89899
73	22	0.94633
74	22	0.96033
84	22	0.89513
85	22	0.96553
87	22	0.89404
90	22	0.88954
94	22	0.91027
96	22	0.92949
100	22	0.88826
101	22	0.90937
103	22	0.96746
104	22	0.89945
106	22	0.93912
110	22	0.97108
114	22	0.91813
116	22	0.96874
128	22	0.89218
139	22	0.88811
141	22	0.89536
143	22	0.91428
144	22	0.97511
2	23	0.97825
3	23	0.94028
5	23	0.98628
7	23	0.98932
8	23	0.79096
15	23	0.99603
16	23	0.95567
18	23	0.98059
19	23	0.97748
20	23	0.98091
24	23	0.97736
25	23	0.99372
27	23	0.98523
28	23	0.97496
32	23	0.96827
33	23	0.9913
38	23	0.98213
40	23	0.97385
41	23	0.98205
42	23	0.9792
45	23	0.98602
46	23	0.97076
49	23	0.97467
53	23	0.98112
54	23	0.97817
56	23	0.969
57	23	0.97239
58	23	0.96687
59	23	0.98296
62	23	0.98817
64	23	0.98628
67	23	0.9859
68	23	0.98445
71	23	0.99144
77	23	0.98576
79	23	0.98128
82	23	0.98947
84	23	0.97751
87	23	0.98032
90	23	0.986
94	23	0.98741
95	23	0.98143
96	23	0.97594
99	23	0.97329
102	23	0.97981
104	23	0.97956
105	23	0.86633
106	23	0.98345
107	23	0.98013
109	23	0.9794
113	23	0.97943
114	23	0.99067
120	23	0.97972
121	23	0.97984
122	23	0.97799
123	23	0.98674
124	23	0.93943
125	23	0.97979
127	23	0.98087
128	23	0.98904
132	23	0.98306
134	23	0.98762
137	23	0.94585
138	23	0.98778
139	23	0.99185
141	23	0.98285
149	23	0.5992
2	24	0.99545
4	24	0.988
5	24	0.99289
7	24	0.97193
10	24	0.98846
12	24	0.99134
13	24	0.98813
15	24	0.98088
17	24	0.98664
19	24	0.98926
20	24	0.99235
21	24	0.97823
23	24	0.97736
25	24	0.98222
26	24	0.98326
27	24	0.99115
28	24	0.978
31	24	0.98998
33	24	0.99064
34	24	0.98148
37	24	0.98602
38	24	0.99221
40	24	0.96735
42	24	0.9895
43	24	0.97427
46	24	0.97083
47	24	0.98941
50	24	0.98932
51	24	0.98478
53	24	0.98717
55	24	0.98949
56	24	0.93831
60	24	0.9795
62	24	0.9922
66	24	0.97665
69	24	0.98571
70	24	0.98616
72	24	0.98354
73	24	0.95192
75	24	0.98899
76	24	0.99231
77	24	0.98505
78	24	0.98171
80	24	0.98376
81	24	0.97608
83	24	0.98776
86	24	0.9863
87	24	0.9864
88	24	0.97
89	24	0.98642
91	24	0.98843
92	24	0.98868
93	24	0.96074
95	24	0.98885
97	24	0.99027
98	24	0.99249
99	24	0.98043
100	24	0.98383
101	24	0.98222
102	24	0.96353
107	24	0.99253
108	24	0.99047
111	24	0.99195
112	24	0.98055
113	24	0.99202
117	24	0.98637
123	24	0.99125
126	24	0.96479
127	24	0.98403
128	24	0.98515
130	24	0.97971
132	24	0.98961
134	24	0.98947
135	24	0.98478
137	24	0.90797
138	24	0.98929
139	24	0.98203
141	24	0.98453
143	24	0.96064
148	24	0.96384
150	24	0.9806
2	25	0.9823
3	25	0.94914
5	25	0.98829
7	25	0.9905
8	25	0.79389
9	25	0.8822
11	25	0.95059
12	25	0.98603
14	25	0.96718
15	25	0.99403
16	25	0.95922
18	25	0.98097
19	25	0.98306
20	25	0.98853
21	25	0.97616
22	25	0.89989
23	25	0.99372
24	25	0.98222
27	25	0.98454
28	25	0.98537
29	25	0.95943
32	25	0.98058
33	25	0.99217
34	25	0.97797
35	25	0.7863
36	25	0.94629
37	25	0.98629
38	25	0.98658
40	25	0.97944
41	25	0.98458
42	25	0.98859
45	25	0.99413
46	25	0.9793
48	25	0.91837
49	25	0.9764
52	25	0.92282
54	25	0.98173
56	25	0.96528
57	25	0.98025
58	25	0.97553
59	25	0.98833
62	25	0.99233
64	25	0.9906
67	25	0.98946
68	25	0.98375
71	25	0.98983
73	25	0.95822
74	25	0.95796
76	25	0.9842
77	25	0.99088
79	25	0.99055
82	25	0.98891
84	25	0.98614
85	25	0.96697
87	25	0.99144
90	25	0.994
94	25	0.98662
95	25	0.98509
96	25	0.98565
99	25	0.97187
101	25	0.98168
102	25	0.97127
103	25	0.90763
104	25	0.98314
105	25	0.86959
106	25	0.99111
107	25	0.98596
110	25	0.91516
113	25	0.98594
114	25	0.99566
116	25	0.96046
118	25	0.94517
120	25	0.98304
121	25	0.98489
123	25	0.98952
124	25	0.93719
125	25	0.98032
127	25	0.98314
128	25	0.99456
132	25	0.98402
134	25	0.98942
137	25	0.92585
138	25	0.99144
139	25	0.99504
141	25	0.99107
144	25	0.926
149	25	0.58355
2	26	0.98694
4	26	0.99191
6	26	0.97973
10	26	0.98875
12	26	0.98093
13	26	0.98754
17	26	0.98206
20	26	0.98467
21	26	0.98158
24	26	0.98326
30	26	0.98793
34	26	0.98753
37	26	0.98277
38	26	0.98434
42	26	0.98483
43	26	0.98034
44	26	0.98648
47	26	0.99335
50	26	0.98368
51	26	0.98711
55	26	0.99583
61	26	0.98447
62	26	0.9783
66	26	0.98279
69	26	0.9814
70	26	0.97826
72	26	0.99111
73	26	0.95763
75	26	0.98861
76	26	0.98956
80	26	0.98466
81	26	0.97616
83	26	0.98665
86	26	0.98281
87	26	0.98056
88	26	0.97472
89	26	0.98493
91	26	0.98692
92	26	0.98522
93	26	0.97696
97	26	0.99211
100	26	0.99188
101	26	0.98613
107	26	0.98293
108	26	0.98554
111	26	0.97781
112	26	0.9904
113	26	0.98098
117	26	0.98048
123	26	0.98024
126	26	0.96296
133	26	0.97779
138	26	0.97913
142	26	0.9867
143	26	0.97522
148	26	0.97488
150	26	0.99197
2	27	0.99509
3	27	0.92821
5	27	0.98796
7	27	0.97123
10	27	0.98041
12	27	0.98502
15	27	0.98175
17	27	0.9749
19	27	0.98837
20	27	0.98852
23	27	0.98523
24	27	0.99115
25	27	0.98454
31	27	0.99401
33	27	0.99154
38	27	0.99365
39	27	0.98751
42	27	0.98601
44	27	0.98734
50	27	0.98165
51	27	0.9863
53	27	0.99062
54	27	0.97597
59	27	0.98526
60	27	0.98737
61	27	0.98643
62	27	0.99363
63	27	0.98819
64	27	0.98034
65	27	0.9874
67	27	0.9906
68	27	0.99284
69	27	0.99128
70	27	0.99136
71	27	0.98638
75	27	0.9918
76	27	0.98641
77	27	0.98925
78	27	0.98497
79	27	0.98729
82	27	0.98558
83	27	0.99021
86	27	0.98946
89	27	0.98965
90	27	0.98102
91	27	0.98985
92	27	0.99186
95	27	0.99301
98	27	0.99421
99	27	0.98482
102	27	0.969
107	27	0.9956
108	27	0.99329
109	27	0.99234
111	27	0.98613
113	27	0.99229
115	27	0.98626
117	27	0.99041
118	27	0.95
119	27	0.99162
120	27	0.99097
121	27	0.99113
122	27	0.99304
123	27	0.99512
125	27	0.98782
127	27	0.98859
128	27	0.98366
129	27	0.98864
130	27	0.99038
131	27	0.98741
132	27	0.99539
133	27	0.99108
134	27	0.98783
135	27	0.98551
136	27	0.98799
137	27	0.91351
138	27	0.99368
139	27	0.9835
140	27	0.97704
141	27	0.98326
145	27	0.97444
147	27	0.98518
149	27	0.58092
4	28	0.98093
5	28	0.98156
7	28	0.97925
8	28	0.77568
9	28	0.92182
10	28	0.97779
11	28	0.96237
12	28	0.98712
14	28	0.98294
15	28	0.98537
16	28	0.98196
18	28	0.97687
19	28	0.97964
20	28	0.99028
21	28	0.99177
22	28	0.94039
23	28	0.97496
24	28	0.978
25	28	0.98537
29	28	0.99014
32	28	0.97797
33	28	0.98529
34	28	0.99149
35	28	0.82979
36	28	0.96711
37	28	0.99133
38	28	0.97801
40	28	0.98195
41	28	0.96828
42	28	0.99083
45	28	0.99181
46	28	0.98824
48	28	0.93844
49	28	0.96049
52	28	0.95795
55	28	0.97488
56	28	0.95822
57	28	0.97444
58	28	0.97073
62	28	0.97725
66	28	0.9867
73	28	0.98193
74	28	0.98298
76	28	0.98112
79	28	0.97728
84	28	0.9836
85	28	0.98283
87	28	0.9888
90	28	0.97888
94	28	0.96717
96	28	0.9868
100	28	0.98542
101	28	0.99126
103	28	0.94962
104	28	0.96654
105	28	0.84582
106	28	0.99099
110	28	0.94232
114	28	0.9873
116	28	0.98132
123	28	0.97439
128	28	0.98455
134	28	0.9758
138	28	0.97818
139	28	0.9789
141	28	0.98847
143	28	0.98178
144	28	0.95978
4	29	0.96342
5	29	0.95553
7	29	0.95726
8	29	0.78207
9	29	0.94287
10	29	0.95692
11	29	0.96386
12	29	0.96925
14	29	0.98323
15	29	0.96401
16	29	0.98547
18	29	0.9615
19	29	0.95803
20	29	0.97136
21	29	0.98493
22	29	0.96042
25	29	0.95943
28	29	0.99014
32	29	0.96635
33	29	0.96418
34	29	0.98178
35	29	0.86425
36	29	0.97712
37	29	0.97875
38	29	0.95353
40	29	0.96673
42	29	0.97327
45	29	0.97613
46	29	0.97781
48	29	0.95017
52	29	0.97688
55	29	0.95236
56	29	0.9413
57	29	0.95822
58	29	0.95964
66	29	0.97468
73	29	0.98189
74	29	0.98972
76	29	0.95869
79	29	0.95276
84	29	0.96607
85	29	0.98315
87	29	0.97047
96	29	0.97577
100	29	0.97303
101	29	0.98031
103	29	0.97281
106	29	0.97744
110	29	0.95807
114	29	0.96737
116	29	0.98585
128	29	0.95657
141	29	0.96889
143	29	0.982
144	29	0.97722
2	30	0.98613
4	30	0.98057
6	30	0.99462
13	30	0.99639
17	30	0.98288
26	30	0.98793
38	30	0.9821
43	30	0.99758
44	30	0.98635
47	30	0.98637
51	30	0.99497
55	30	0.9904
61	30	0.9965
63	30	0.98929
69	30	0.99008
70	30	0.98986
72	30	0.99507
75	30	0.99199
76	30	0.98053
80	30	0.9949
81	30	0.99268
83	30	0.98888
86	30	0.99195
88	30	0.99506
89	30	0.99184
91	30	0.98743
92	30	0.98796
93	30	0.9928
97	30	0.99099
98	30	0.98187
107	30	0.98175
108	30	0.99142
111	30	0.98483
112	30	0.98989
113	30	0.98028
115	30	0.98889
117	30	0.98564
119	30	0.98212
123	30	0.97911
126	30	0.98374
129	30	0.98114
131	30	0.98737
133	30	0.98054
135	30	0.99011
140	30	0.98394
142	30	0.99921
146	30	0.99286
147	30	0.98712
148	30	0.99513
150	30	0.99411
2	31	0.99357
4	31	0.97982
5	31	0.98183
10	31	0.98109
12	31	0.98925
19	31	0.99383
20	31	0.99118
21	31	0.9718
24	31	0.98998
27	31	0.99401
33	31	0.98981
37	31	0.98386
38	31	0.9916
39	31	0.98646
40	31	0.9641
42	31	0.99017
44	31	0.98859
46	31	0.97453
54	31	0.97707
55	31	0.98435
59	31	0.98642
60	31	0.98632
62	31	0.98842
63	31	0.98526
64	31	0.98306
65	31	0.98156
66	31	0.97949
67	31	0.9898
68	31	0.98872
69	31	0.98679
70	31	0.98696
71	31	0.97944
75	31	0.9911
77	31	0.98564
78	31	0.98575
79	31	0.98896
82	31	0.97979
83	31	0.98769
84	31	0.97912
87	31	0.98699
89	31	0.98917
90	31	0.9802
91	31	0.98645
92	31	0.991
95	31	0.98561
98	31	0.99063
99	31	0.98277
100	31	0.97943
102	31	0.959
107	31	0.9933
108	31	0.9914
109	31	0.98653
111	31	0.98415
112	31	0.9792
113	31	0.98841
117	31	0.98524
118	31	0.94891
119	31	0.9885
120	31	0.98648
121	31	0.99125
122	31	0.98981
123	31	0.99044
125	31	0.98464
127	31	0.98323
130	31	0.98388
131	31	0.98507
132	31	0.99143
133	31	0.98909
134	31	0.98318
136	31	0.98227
138	31	0.98961
141	31	0.98648
3	32	0.94438
7	32	0.9731
8	32	0.84475
9	32	0.92075
11	32	0.97716
12	32	0.97426
14	32	0.98575
15	32	0.97162
16	32	0.95581
18	32	0.97676
19	32	0.96785
20	32	0.97658
21	32	0.96854
22	32	0.91492
23	32	0.96827
25	32	0.98058
28	32	0.97797
29	32	0.96635
33	32	0.97185
34	32	0.96738
35	32	0.84833
36	32	0.97588
37	32	0.97768
40	32	0.96782
41	32	0.98092
42	32	0.97634
45	32	0.98822
46	32	0.98281
48	32	0.95788
49	32	0.97837
52	32	0.95568
54	32	0.97363
56	32	0.94423
57	32	0.96476
58	32	0.98984
59	32	0.98128
62	32	0.96767
64	32	0.98757
66	32	0.9792
67	32	0.97513
73	32	0.95571
74	32	0.9771
77	32	0.9688
78	32	0.97182
79	32	0.9827
82	32	0.96884
84	32	0.9858
85	32	0.98561
87	32	0.98282
90	32	0.98358
94	32	0.97198
96	32	0.98804
101	32	0.97673
103	32	0.95058
104	32	0.99006
105	32	0.91839
106	32	0.98841
110	32	0.95736
114	32	0.98544
116	32	0.98111
121	32	0.97127
124	32	0.94778
128	32	0.9748
138	32	0.97233
139	32	0.96838
141	32	0.98116
143	32	0.96692
144	32	0.95663
2	33	0.99177
3	33	0.93361
4	33	0.9808
5	33	0.9926
7	33	0.98457
10	33	0.98162
12	33	0.99173
14	33	0.96056
15	33	0.99305
16	33	0.95966
18	33	0.98211
19	33	0.99261
20	33	0.9944
21	33	0.98243
23	33	0.9913
24	33	0.99064
25	33	0.99217
27	33	0.99154
28	33	0.98529
29	33	0.96418
31	33	0.98981
32	33	0.97185
34	33	0.98387
37	33	0.99317
38	33	0.99251
40	33	0.97908
41	33	0.97346
42	33	0.9943
45	33	0.98501
46	33	0.9827
47	33	0.98525
49	33	0.96476
50	33	0.98283
53	33	0.98655
54	33	0.97585
56	33	0.95603
57	33	0.97024
58	33	0.96223
59	33	0.98585
62	33	0.99487
64	33	0.98603
66	33	0.97998
67	33	0.98727
68	33	0.98596
71	33	0.98513
73	33	0.95644
74	33	0.95402
75	33	0.98428
76	33	0.98963
77	33	0.98922
78	33	0.98414
79	33	0.99011
82	33	0.9831
84	33	0.98539
85	33	0.95667
87	33	0.99281
90	33	0.98608
91	33	0.98544
92	33	0.98473
94	33	0.96911
95	33	0.98553
96	33	0.98078
99	33	0.97828
100	33	0.98293
101	33	0.98484
102	33	0.96838
104	33	0.97134
106	33	0.98331
107	33	0.99171
113	33	0.98719
114	33	0.98763
116	33	0.95295
118	33	0.94484
121	33	0.98906
123	33	0.99269
124	33	0.91515
125	33	0.98011
127	33	0.98414
128	33	0.98907
132	33	0.9875
134	33	0.9895
137	33	0.91133
138	33	0.9934
139	33	0.98912
141	33	0.9942
143	33	0.96587
2	34	0.98268
4	34	0.98963
5	34	0.9805
9	34	0.88642
10	34	0.98787
12	34	0.99042
14	34	0.9649
16	34	0.96513
19	34	0.97958
20	34	0.99173
21	34	0.99581
22	34	0.9107
24	34	0.98148
25	34	0.97797
26	34	0.98753
28	34	0.99149
29	34	0.98178
32	34	0.96738
33	34	0.98387
35	34	0.77973
36	34	0.94703
37	34	0.99417
38	34	0.98415
40	34	0.96864
42	34	0.99377
44	34	0.97712
45	34	0.9806
46	34	0.97829
47	34	0.98579
50	34	0.9806
52	34	0.93892
55	34	0.9886
57	34	0.96136
62	34	0.98134
66	34	0.99164
72	34	0.97611
73	34	0.9816
74	34	0.97593
75	34	0.97655
76	34	0.98952
78	34	0.97648
79	34	0.97967
84	34	0.97721
85	34	0.96489
87	34	0.99067
91	34	0.98106
92	34	0.97782
96	34	0.97424
97	34	0.98481
100	34	0.996
101	34	0.99612
103	34	0.93575
106	34	0.97875
107	34	0.9811
110	34	0.91613
112	34	0.97656
113	34	0.97773
116	34	0.96608
121	34	0.97604
123	34	0.9796
128	34	0.9779
138	34	0.98128
141	34	0.98612
143	34	0.9881
144	34	0.9448
150	34	0.97661
3	35	0.77665
7	35	0.81473
8	35	0.87216
9	35	0.97219
11	35	0.91207
14	35	0.899
15	35	0.79509
16	35	0.86603
18	35	0.83252
21	35	0.79571
22	35	0.93834
25	35	0.7863
28	35	0.82979
29	35	0.86425
32	35	0.84833
34	35	0.77973
36	35	0.92969
37	35	0.78777
40	35	0.83437
41	35	0.82841
45	35	0.83488
46	35	0.83604
48	35	0.95124
49	35	0.82866
52	35	0.93872
56	35	0.84455
57	35	0.83036
58	35	0.87503
64	35	0.79239
66	35	0.78069
73	35	0.81695
74	35	0.88539
84	35	0.81246
85	35	0.90344
87	35	0.77802
90	35	0.77707
94	35	0.82035
96	35	0.85583
101	35	0.78627
103	35	0.92596
104	35	0.8349
105	35	0.86994
106	35	0.84912
110	35	0.95482
114	35	0.82457
116	35	0.90573
124	35	0.82802
141	35	0.78886
143	35	0.80219
144	35	0.92561
7	36	0.94948
8	36	0.86826
9	36	0.97723
11	36	0.98835
12	36	0.94042
14	36	0.99237
15	36	0.94464
16	36	0.96533
18	36	0.95801
20	36	0.94102
21	36	0.95447
22	36	0.96936
25	36	0.94629
28	36	0.96711
29	36	0.97712
32	36	0.97588
34	36	0.94703
35	36	0.92969
37	36	0.95104
40	36	0.95666
41	36	0.95326
42	36	0.9449
45	36	0.97046
46	36	0.96726
48	36	0.98967
49	36	0.951
52	36	0.9933
56	36	0.9396
57	36	0.95491
58	36	0.98155
64	36	0.9484
66	36	0.95014
73	36	0.95471
74	36	0.98992
79	36	0.93879
84	36	0.95814
85	36	0.99481
87	36	0.95033
90	36	0.94402
94	36	0.94775
96	36	0.97725
100	36	0.93681
101	36	0.95211
103	36	0.98592
104	36	0.95911
105	36	0.91171
106	36	0.9753
110	36	0.99388
114	36	0.96263
116	36	0.99474
124	36	0.92155
141	36	0.94972
143	36	0.95514
144	36	0.99008
2	37	0.98765
3	37	0.92709
4	37	0.98656
5	37	0.98688
7	37	0.97717
9	37	0.89107
10	37	0.98697
11	37	0.95128
12	37	0.99538
14	37	0.97024
15	37	0.98365
16	37	0.96612
18	37	0.97747
19	37	0.98962
20	37	0.99575
21	37	0.99272
22	37	0.90474
24	37	0.98602
25	37	0.98629
26	37	0.98277
28	37	0.99133
29	37	0.97875
31	37	0.98386
32	37	0.97768
33	37	0.99317
34	37	0.99417
35	37	0.78777
36	37	0.95104
38	37	0.98799
40	37	0.9783
41	37	0.9646
42	37	0.99636
45	37	0.98572
46	37	0.98708
47	37	0.9855
48	37	0.91457
49	37	0.95572
50	37	0.98229
52	37	0.93636
55	37	0.98583
56	37	0.94612
57	37	0.96881
58	37	0.96167
62	37	0.98901
64	37	0.97882
66	37	0.98948
73	37	0.97143
74	37	0.97368
75	37	0.98058
76	37	0.99006
77	37	0.9822
78	37	0.98534
79	37	0.9894
84	37	0.98719
85	37	0.96737
87	37	0.99549
90	37	0.98125
91	37	0.98159
96	37	0.98462
97	37	0.98269
100	37	0.99335
101	37	0.99508
103	37	0.93179
104	37	0.96518
106	37	0.98463
107	37	0.98697
110	37	0.91949
113	37	0.98068
114	37	0.98409
116	37	0.96682
121	37	0.98413
123	37	0.98498
128	37	0.98317
134	37	0.98165
138	37	0.98803
139	37	0.98012
141	37	0.99418
143	37	0.98401
144	37	0.94175
2	38	0.99732
4	38	0.98962
5	38	0.98685
7	38	0.96865
10	38	0.98767
12	38	0.99056
13	38	0.98805
15	38	0.98215
17	38	0.97469
19	38	0.98841
20	38	0.99455
21	38	0.98075
23	38	0.98213
24	38	0.99221
25	38	0.98658
26	38	0.98434
27	38	0.99365
28	38	0.97801
29	38	0.95353
30	38	0.9821
31	38	0.9916
33	38	0.99251
34	38	0.98415
37	38	0.98799
39	38	0.97878
42	38	0.99378
43	38	0.97589
44	38	0.99271
45	38	0.97734
46	38	0.97131
47	38	0.99217
50	38	0.98938
51	38	0.99266
53	38	0.99009
54	38	0.97411
55	38	0.99406
59	38	0.98893
60	38	0.97902
61	38	0.98809
62	38	0.99507
64	38	0.98071
65	38	0.97287
66	38	0.98582
67	38	0.98811
68	38	0.98945
69	38	0.98883
70	38	0.98863
71	38	0.98228
72	38	0.99095
73	38	0.95512
75	38	0.99433
76	38	0.99397
77	38	0.98814
78	38	0.98879
79	38	0.99045
80	38	0.98182
81	38	0.97563
82	38	0.98008
83	38	0.99418
84	38	0.97807
86	38	0.98982
87	38	0.99259
89	38	0.99157
90	38	0.98552
91	38	0.99593
92	38	0.99577
93	38	0.96112
95	38	0.9926
97	38	0.99352
98	38	0.99024
100	38	0.98845
101	38	0.98671
107	38	0.99619
108	38	0.9932
109	38	0.9891
111	38	0.98397
112	38	0.98354
113	38	0.99277
114	38	0.97703
115	38	0.98594
117	38	0.99338
118	38	0.94679
119	38	0.99242
120	38	0.98849
121	38	0.99395
122	38	0.98839
123	38	0.99712
125	38	0.98553
126	38	0.95993
127	38	0.99101
128	38	0.98734
129	38	0.98163
132	38	0.98977
133	38	0.99361
134	38	0.98468
137	38	0.89776
138	38	0.99652
139	38	0.98382
141	38	0.98625
142	38	0.97832
143	38	0.96501
145	38	0.96902
147	38	0.98196
150	38	0.98853
2	39	0.97933
6	39	0.98401
27	39	0.98751
31	39	0.98646
38	39	0.97878
44	39	0.98331
51	39	0.97938
53	39	0.97768
54	39	0.98122
59	39	0.98217
60	39	0.97746
61	39	0.98195
63	39	0.98989
65	39	0.98578
67	39	0.98555
68	39	0.99281
69	39	0.9819
70	39	0.9903
71	39	0.98365
75	39	0.98206
83	39	0.98394
86	39	0.98164
89	39	0.98848
91	39	0.98163
92	39	0.98728
95	39	0.98689
98	39	0.9832
99	39	0.97549
107	39	0.98183
108	39	0.98367
109	39	0.99056
111	39	0.97988
113	39	0.98558
115	39	0.98835
117	39	0.98775
118	39	0.94689
119	39	0.99014
120	39	0.98854
121	39	0.98174
122	39	0.99272
123	39	0.98333
125	39	0.99295
127	39	0.98616
129	39	0.98811
130	39	0.99201
131	39	0.9873
132	39	0.9847
133	39	0.98634
136	39	0.99473
138	39	0.97779
140	39	0.98045
145	39	0.98784
147	39	0.98927
149	39	0.66482
5	40	0.97964
7	40	0.98223
8	40	0.80761
9	40	0.92235
11	40	0.95269
12	40	0.97864
14	40	0.96633
15	40	0.98348
16	40	0.95779
18	40	0.98295
19	40	0.98104
20	40	0.97531
21	40	0.97469
22	40	0.91647
23	40	0.97385
24	40	0.96735
25	40	0.97944
28	40	0.98195
29	40	0.96673
31	40	0.9641
32	40	0.96782
33	40	0.97908
34	40	0.96864
35	40	0.83437
36	40	0.95666
37	40	0.9783
41	40	0.96827
42	40	0.97435
45	40	0.9803
46	40	0.99012
48	40	0.92421
49	40	0.95685
52	40	0.93658
56	40	0.97918
57	40	0.97102
58	40	0.96643
62	40	0.96849
64	40	0.97325
67	40	0.96562
74	40	0.96409
77	40	0.97238
78	40	0.96604
79	40	0.97439
82	40	0.96408
84	40	0.988
85	40	0.96877
87	40	0.97538
90	40	0.96491
94	40	0.9635
96	40	0.99076
100	40	0.96363
101	40	0.9698
102	40	0.9715
103	40	0.92114
104	40	0.96818
105	40	0.85826
106	40	0.9825
110	40	0.92853
114	40	0.98385
116	40	0.96227
124	40	0.91332
128	40	0.9686
134	40	0.98132
138	40	0.96624
139	40	0.9682
141	40	0.97902
144	40	0.94101
3	41	0.9486
5	41	0.96481
7	41	0.98743
8	41	0.85609
9	41	0.90157
11	41	0.9658
14	41	0.97157
15	41	0.97946
16	41	0.95377
18	41	0.98432
20	41	0.96648
22	41	0.90213
23	41	0.98205
25	41	0.98458
28	41	0.96828
32	41	0.98092
33	41	0.97346
35	41	0.82841
36	41	0.95326
37	41	0.9646
40	41	0.96827
42	41	0.96445
45	41	0.98526
46	41	0.96934
48	41	0.94416
49	41	0.9955
52	41	0.92537
54	41	0.98139
56	41	0.96625
57	41	0.9777
58	41	0.98566
59	41	0.9763
62	41	0.96803
64	41	0.98407
67	41	0.97723
68	41	0.96805
71	41	0.98101
77	41	0.97121
79	41	0.97174
82	41	0.97597
84	41	0.97498
85	41	0.96921
87	41	0.97038
90	41	0.98316
94	41	0.99009
96	41	0.98144
102	41	0.96284
103	41	0.91027
104	41	0.99158
105	41	0.91937
106	41	0.98574
110	41	0.93277
114	41	0.98904
116	41	0.96348
120	41	0.96634
123	41	0.96468
124	41	0.97258
125	41	0.96362
128	41	0.9813
134	41	0.96984
137	41	0.90829
138	41	0.9674
139	41	0.98236
141	41	0.97737
144	41	0.92219
149	41	0.63595
2	42	0.99189
3	42	0.92777
4	42	0.99039
5	42	0.9868
7	42	0.97428
9	42	0.88017
10	42	0.98904
11	42	0.94591
12	42	0.99536
14	42	0.96723
15	42	0.98469
16	42	0.9594
18	42	0.97368
19	42	0.99154
20	42	0.99778
21	42	0.99242
22	42	0.89656
23	42	0.9792
24	42	0.9895
25	42	0.98859
26	42	0.98483
27	42	0.98601
28	42	0.99083
29	42	0.97327
31	42	0.99017
32	42	0.97634
33	42	0.9943
34	42	0.99377
36	42	0.9449
37	42	0.99636
38	42	0.99378
40	42	0.97435
41	42	0.96445
44	42	0.98686
45	42	0.98575
46	42	0.98489
47	42	0.98878
48	42	0.90969
49	42	0.95585
50	42	0.98411
52	42	0.92823
54	42	0.97371
55	42	0.99094
56	42	0.93936
57	42	0.96467
58	42	0.96359
59	42	0.98723
62	42	0.99075
64	42	0.9838
66	42	0.99347
67	42	0.9843
73	42	0.9692
74	42	0.96845
75	42	0.98651
76	42	0.99158
77	42	0.9852
78	42	0.98643
79	42	0.99091
83	42	0.98596
84	42	0.98597
85	42	0.96532
87	42	0.99708
90	42	0.98738
91	42	0.98901
92	42	0.98884
94	42	0.95978
96	42	0.97983
97	42	0.98779
100	42	0.99425
101	42	0.99384
103	42	0.92371
104	42	0.96567
106	42	0.98388
107	42	0.99116
110	42	0.91269
112	42	0.98088
113	42	0.98667
114	42	0.98347
116	42	0.9624
118	42	0.94326
121	42	0.98966
123	42	0.99082
127	42	0.98365
128	42	0.98753
133	42	0.98458
134	42	0.98293
138	42	0.99182
139	42	0.98344
141	42	0.99428
143	42	0.98093
144	42	0.93294
150	42	0.98063
2	43	0.98047
6	43	0.99412
13	43	0.99569
17	43	0.98165
24	43	0.97427
26	43	0.98034
30	43	0.99758
38	43	0.97589
44	43	0.98131
47	43	0.98103
51	43	0.99275
55	43	0.98322
61	43	0.99421
63	43	0.98914
69	43	0.98698
70	43	0.98999
72	43	0.99087
75	43	0.98634
80	43	0.99137
81	43	0.9896
83	43	0.98392
86	43	0.99079
88	43	0.99736
89	43	0.98853
91	43	0.98227
92	43	0.98291
93	43	0.99003
95	43	0.9762
97	43	0.98428
98	43	0.978
107	43	0.97477
108	43	0.98689
111	43	0.98426
112	43	0.98585
113	43	0.97634
115	43	0.98964
117	43	0.98271
119	43	0.97777
126	43	0.9898
129	43	0.98142
131	43	0.98663
133	43	0.97507
135	43	0.99121
136	43	0.97768
140	43	0.98512
142	43	0.99803
146	43	0.99493
147	43	0.98622
148	43	0.99547
150	43	0.98952
2	44	0.99155
4	44	0.98697
6	44	0.99035
10	44	0.98232
13	44	0.9885
19	44	0.97871
20	44	0.98749
26	44	0.98648
27	44	0.98734
30	44	0.98635
31	44	0.98859
34	44	0.97712
38	44	0.99271
39	44	0.98331
42	44	0.98686
43	44	0.98131
47	44	0.99033
50	44	0.98096
51	44	0.99448
53	44	0.98572
55	44	0.99265
59	44	0.9866
61	44	0.99111
62	44	0.98503
63	44	0.98984
66	44	0.98354
68	44	0.98981
69	44	0.99048
70	44	0.99018
72	44	0.99319
75	44	0.99524
76	44	0.98494
78	44	0.98192
80	44	0.98119
83	44	0.99506
86	44	0.9891
88	44	0.9708
89	44	0.99625
91	44	0.9941
92	44	0.99656
93	44	0.96643
95	44	0.9867
97	44	0.98899
100	44	0.98306
101	44	0.97781
107	44	0.99103
108	44	0.992
109	44	0.99037
112	44	0.99193
113	44	0.98934
115	44	0.98998
117	44	0.99336
118	44	0.94381
119	44	0.99338
120	44	0.98448
121	44	0.99128
122	44	0.98853
123	44	0.99147
125	44	0.98492
127	44	0.9878
131	44	0.98587
133	44	0.99425
136	44	0.98264
138	44	0.9896
140	44	0.98285
142	44	0.98449
143	44	0.9633
145	44	0.97528
146	44	0.9795
147	44	0.98872
148	44	0.9706
149	44	0.60366
150	44	0.99133
