3	2	0.85378
4	2	0.97967
5	2	0.95875
7	2	0.99276
8	2	0.84378
9	2	0.94983
10	2	0.95394
11	2	0.97277
12	2	0.94992
14	2	0.97991
15	2	0.96939
17	2	0.94833
19	2	0.98007
20	2	0.99502
21	2	0.97464
22	2	0.97858
24	2	0.98036
25	2	0.98206
27	2	0.98735
28	2	0.98719
29	2	0.97017
31	2	0.98662
32	2	0.98262
34	2	0.97971
35	2	0.96228
36	2	0.9287
37	2	0.95105
38	2	0.98423
40	2	0.95865
42	2	0.976
45	2	0.97733
46	2	0.99227
50	2	0.90965
52	2	0.94701
55	2	0.97485
56	2	0.9321
57	2	0.96944
58	2	0.98553
60	2	0.97609
62	2	0.98424
66	2	0.95014
72	2	0.95794
73	2	0.90274
74	2	0.93264
76	2	0.9672
78	2	0.96315
79	2	0.98736
80	2	0.96653
81	2	0.97111
84	2	0.97595
85	2	0.98946
87	2	0.96411
90	2	0.96553
93	2	0.96368
95	2	0.98013
96	2	0.98274
97	2	0.97419
98	2	0.97148
100	2	0.97933
101	2	0.94098
102	2	0.98496
103	2	0.96268
105	2	0.96218
110	2	0.9891
111	2	0.96847
113	2	0.98622
116	2	0.9842
128	2	0.97412
132	2	0.98294
134	2	0.95547
143	2	0.96544
144	2	0.92873
150	2	0.978
2	3	0.85378
7	3	0.87676
8	3	0.82449
10	3	0.84939
11	3	0.85182
14	3	0.87022
15	3	0.85305
20	3	0.86247
24	3	0.85437
25	3	0.84307
27	3	0.86279
28	3	0.8461
31	3	0.84494
32	3	0.86667
33	3	0.84991
35	3	0.86491
37	3	0.87347
38	3	0.86149
39	3	0.84966
42	3	0.8597
45	3	0.84142
54	3	0.84656
55	3	0.87647
58	3	0.86556
62	3	0.84016
63	3	0.84197
64	3	0.84823
66	3	0.87697
72	3	0.89798
81	3	0.83659
85	3	0.87873
90	3	0.89419
94	3	0.87271
95	3	0.84765
97	3	0.8421
103	3	0.85675
111	3	0.8569
113	3	0.86133
114	3	0.84635
117	3	0.84859
120	3	0.86221
124	3	0.84287
125	3	0.89168
126	3	0.88332
127	3	0.87426
128	3	0.84152
138	3	0.84344
142	3	0.84448
143	3	0.85599
145	3	0.84345
150	3	0.86966
2	4	0.97967
5	4	0.97131
7	4	0.98868
8	4	0.78352
9	4	0.92306
10	4	0.92442
11	4	0.98104
12	4	0.92462
14	4	0.97504
15	4	0.93355
16	4	0.8674
17	4	0.95446
19	4	0.98263
20	4	0.98055
21	4	0.95946
22	4	0.93661
24	4	0.9899
25	4	0.97738
27	4	0.98923
28	4	0.99388
29	4	0.94001
31	4	0.99383
32	4	0.98636
33	4	0.95792
34	4	0.97679
35	4	0.97665
36	4	0.89156
37	4	0.93478
38	4	0.97542
39	4	0.97447
40	4	0.94186
42	4	0.97746
45	4	0.97551
46	4	0.97596
47	4	0.94219
49	4	0.95929
50	4	0.87599
55	4	0.97856
56	4	0.91666
57	4	0.95179
58	4	0.97941
60	4	0.97318
62	4	0.99033
66	4	0.97142
69	4	0.97136
72	4	0.96476
73	4	0.84033
74	4	0.90319
78	4	0.95215
79	4	0.98979
80	4	0.93447
81	4	0.97242
84	4	0.97223
85	4	0.97281
87	4	0.98179
90	4	0.9758
93	4	0.96794
94	4	0.96798
95	4	0.98199
96	4	0.96459
97	4	0.96617
98	4	0.98627
100	4	0.95326
101	4	0.93878
102	4	0.98059
103	4	0.97395
104	4	0.96223
105	4	0.98381
107	4	0.97852
110	4	0.98839
111	4	0.96862
113	4	0.98752
114	4	0.97044
116	4	0.98971
120	4	0.9735
128	4	0.96454
132	4	0.98156
134	4	0.95855
143	4	0.93267
144	4	0.9024
148	4	0.97117
150	4	0.97498
2	5	0.95875
4	5	0.97131
7	5	0.96895
8	5	0.7835
11	5	0.97921
12	5	0.92313
16	5	0.92422
17	5	0.94882
19	5	0.99408
20	5	0.96465
21	5	0.95558
24	5	0.9512
25	5	0.97308
27	5	0.97294
28	5	0.97365
29	5	0.96674
31	5	0.98227
32	5	0.9807
33	5	0.95898
34	5	0.98254
35	5	0.94791
36	5	0.9056
37	5	0.96498
38	5	0.95415
40	5	0.97121
42	5	0.94631
45	5	0.95958
46	5	0.96881
47	5	0.94907
50	5	0.87523
52	5	0.89688
55	5	0.94093
56	5	0.96594
58	5	0.9546
62	5	0.9656
73	5	0.84859
74	5	0.92863
78	5	0.96587
79	5	0.98054
80	5	0.94231
81	5	0.94412
87	5	0.94094
95	5	0.96186
96	5	0.96081
98	5	0.95363
100	5	0.94673
101	5	0.95682
102	5	0.95469
103	5	0.98149
104	5	0.95146
105	5	0.94219
107	5	0.94288
110	5	0.9566
113	5	0.94759
116	5	0.97643
120	5	0.94916
132	5	0.96497
143	5	0.93495
144	5	0.92005
148	5	0.97554
16	6	0.84567
18	6	0.95033
26	6	0.93196
30	6	0.95393
43	6	0.91521
44	6	0.92784
47	6	0.9262
48	6	0.92107
49	6	0.91641
51	6	0.95737
53	6	0.95307
59	6	0.97474
63	6	0.93636
65	6	0.9689
68	6	0.9568
70	6	0.9678
71	6	0.92273
75	6	0.96296
77	6	0.95304
82	6	0.91712
83	6	0.91104
86	6	0.95313
88	6	0.95187
89	6	0.93597
91	6	0.95418
99	6	0.92302
104	6	0.91588
108	6	0.92917
109	6	0.98372
112	6	0.96268
115	6	0.95539
118	6	0.95893
119	6	0.97996
121	6	0.93958
122	6	0.97845
123	6	0.95426
125	6	0.9136
127	6	0.94232
129	6	0.97178
130	6	0.96396
131	6	0.96326
133	6	0.95222
136	6	0.93317
138	6	0.91032
139	6	0.95373
140	6	0.96109
141	6	0.92437
142	6	0.91834
145	6	0.93904
146	6	0.98341
147	6	0.96584
149	6	0.86392
2	7	0.99276
3	7	0.87676
4	7	0.98868
5	7	0.96895
8	7	0.8313
9	7	0.9245
10	7	0.93853
11	7	0.98073
12	7	0.93402
14	7	0.97595
15	7	0.96953
16	7	0.83219
17	7	0.95144
19	7	0.98537
20	7	0.99239
21	7	0.97686
22	7	0.95712
24	7	0.98823
25	7	0.98616
27	7	0.99811
28	7	0.98931
29	7	0.96499
31	7	0.9917
32	7	0.99033
33	7	0.96814
34	7	0.97343
35	7	0.96791
36	7	0.90504
37	7	0.96148
38	7	0.98966
40	7	0.95141
42	7	0.98132
45	7	0.98303
46	7	0.98016
50	7	0.88912
52	7	0.9199
55	7	0.98638
56	7	0.92893
57	7	0.95409
58	7	0.99051
60	7	0.96935
62	7	0.98903
66	7	0.96831
72	7	0.97371
73	7	0.88366
74	7	0.91423
76	7	0.96288
78	7	0.96019
79	7	0.98735
80	7	0.96356
81	7	0.97763
84	7	0.96889
85	7	0.98711
87	7	0.97037
90	7	0.98015
93	7	0.96826
95	7	0.98807
96	7	0.97195
97	7	0.97957
98	7	0.97406
100	7	0.97504
101	7	0.93682
102	7	0.97641
103	7	0.97528
105	7	0.96582
107	7	0.96854
110	7	0.98465
111	7	0.96436
113	7	0.98725
114	7	0.96636
116	7	0.98057
120	7	0.97683
126	7	0.95624
128	7	0.96338
132	7	0.98389
143	7	0.95799
144	7	0.91593
148	7	0.9614
150	7	0.98604
2	8	0.84378
3	8	0.82449
4	8	0.78352
5	8	0.7835
7	8	0.8313
9	8	0.79817
10	8	0.78188
11	8	0.81458
12	8	0.81435
14	8	0.7957
15	8	0.79457
19	8	0.81314
20	8	0.87437
22	8	0.88074
24	8	0.7944
25	8	0.84669
27	8	0.81015
28	8	0.818
29	8	0.81503
31	8	0.79688
32	8	0.84489
34	8	0.78682
36	8	0.86874
37	8	0.80087
38	8	0.77411
40	8	0.78128
45	8	0.84595
46	8	0.82508
50	8	0.81757
52	8	0.84846
56	8	0.79684
58	8	0.80603
73	8	0.97709
74	8	0.8428
78	8	0.79598
79	8	0.80747
80	8	0.79748
85	8	0.79906
95	8	0.77806
96	8	0.82129
100	8	0.77275
103	8	0.78221
110	8	0.81815
111	8	0.78451
113	8	0.79834
116	8	0.79327
128	8	0.78353
132	8	0.85406
143	8	0.90461
150	8	0.80327
2	9	0.94983
4	9	0.92306
7	9	0.9245
8	9	0.79817
10	9	0.9467
11	9	0.93752
12	9	0.97145
14	9	0.91348
17	9	0.94355
19	9	0.91691
20	9	0.94061
21	9	0.91398
22	9	0.92339
24	9	0.91349
25	9	0.948
27	9	0.92237
28	9	0.92587
29	9	0.91848
31	9	0.92181
32	9	0.93256
34	9	0.94739
36	9	0.95566
38	9	0.92772
40	9	0.94354
45	9	0.95049
46	9	0.94841
50	9	0.95346
52	9	0.96776
56	9	0.9219
57	9	0.97071
58	9	0.94395
60	9	0.9164
73	9	0.88181
74	9	0.95595
78	9	0.95142
79	9	0.94527
80	9	0.93107
85	9	0.93392
95	9	0.93776
96	9	0.96651
100	9	0.92476
101	9	0.95097
102	9	0.94
105	9	0.93572
110	9	0.95101
113	9	0.91469
116	9	0.94343
128	9	0.94574
132	9	0.94919
143	9	0.94112
144	9	0.94317
150	9	0.91163
2	10	0.95394
3	10	0.84939
4	10	0.92442
7	10	0.93853
8	10	0.78188
9	10	0.9467
11	10	0.9371
12	10	0.94404
14	10	0.94795
15	10	0.92831
17	10	0.94997
20	10	0.93993
21	10	0.92921
25	10	0.94391
27	10	0.9304
28	10	0.92445
31	10	0.92458
32	10	0.93737
34	10	0.9373
36	10	0.9059
38	10	0.9479
40	10	0.93063
42	10	0.92865
45	10	0.94388
46	10	0.93889
50	10	0.93436
52	10	0.92208
55	10	0.92358
57	10	0.97419
58	10	0.96388
60	10	0.93324
62	10	0.92518
73	10	0.86278
74	10	0.9104
78	10	0.93896
79	10	0.93143
80	10	0.9239
84	10	0.92446
85	10	0.95931
90	10	0.94052
95	10	0.95756
96	10	0.94706
97	10	0.92942
100	10	0.92731
101	10	0.92775
102	10	0.92911
105	10	0.9516
106	10	0.9223
110	10	0.94989
113	10	0.93333
116	10	0.93462
120	10	0.93607
128	10	0.97465
132	10	0.93975
143	10	0.95038
144	10	0.91553
150	10	0.93061
2	11	0.97277
3	11	0.85182
4	11	0.98104
5	11	0.97921
7	11	0.98073
8	11	0.81458
9	11	0.93752
10	11	0.9371
12	11	0.94426
15	11	0.93596
16	11	0.87151
17	11	0.97119
19	11	0.98716
20	11	0.97463
21	11	0.95729
24	11	0.95983
25	11	0.98909
27	11	0.98291
28	11	0.97742
29	11	0.95535
31	11	0.9846
32	11	0.99463
33	11	0.95396
34	11	0.98292
35	11	0.95213
36	11	0.91982
37	11	0.97152
38	11	0.97002
40	11	0.96997
42	11	0.95269
45	11	0.98347
46	11	0.9658
50	11	0.9108
52	11	0.91602
55	11	0.95101
56	11	0.95792
57	11	0.95037
58	11	0.98054
62	11	0.9665
73	11	0.8735
74	11	0.93879
78	11	0.97187
79	11	0.98017
80	11	0.94821
85	11	0.95613
90	11	0.95661
95	11	0.9815
96	11	0.96659
98	11	0.95031
101	11	0.96558
102	11	0.95128
103	11	0.9644
104	11	0.94652
105	11	0.96828
110	11	0.97018
113	11	0.95682
116	11	0.97586
120	11	0.96823
132	11	0.97904
143	11	0.95955
144	11	0.92679
148	11	0.9536
150	11	0.94605
2	12	0.94992
4	12	0.92462
5	12	0.92313
7	12	0.93402
8	12	0.81435
9	12	0.97145
10	12	0.94404
11	12	0.94426
15	12	0.9114
17	12	0.97402
19	12	0.9322
20	12	0.95062
21	12	0.92144
22	12	0.9215
25	12	0.97129
27	12	0.93375
28	12	0.922
29	12	0.94097
31	12	0.92145
32	12	0.94842
34	12	0.95778
36	12	0.98555
37	12	0.90925
38	12	0.9329
40	12	0.97176
45	12	0.9716
46	12	0.95353
50	12	0.98908
52	12	0.98152
56	12	0.96367
57	12	0.97301
58	12	0.95599
73	12	0.90577
74	12	0.98792
78	12	0.98701
79	12	0.96082
80	12	0.95677
85	12	0.92245
95	12	0.95444
96	12	0.98703
97	12	0.91181
100	12	0.93893
101	12	0.98473
102	12	0.94063
105	12	0.93009
110	12	0.957
116	12	0.95303
128	12	0.93369
132	12	0.96967
143	12	0.97122
144	12	0.97632
150	12	0.91424
23	13	0.98247
30	13	0.94568
39	13	0.97156
41	13	0.97701
42	13	0.96705
43	13	0.98871
44	13	0.98612
48	13	0.98901
51	13	0.97078
53	13	0.97915
54	13	0.96988
60	13	0.96224
61	13	0.99772
64	13	0.98618
65	13	0.96761
67	13	0.99308
68	13	0.97234
69	13	0.97744
71	13	0.98294
76	13	0.972
77	13	0.96163
81	13	0.96382
82	13	0.97975
83	13	0.9749
84	13	0.96255
86	13	0.95796
87	13	0.97314
88	13	0.96841
89	13	0.97644
91	13	0.97673
92	13	0.98953
93	13	0.97222
94	13	0.97637
99	13	0.98944
106	13	0.9864
107	13	0.97352
108	13	0.98407
112	13	0.95668
114	13	0.9797
117	13	0.98466
118	13	0.97664
119	13	0.93927
121	13	0.98094
123	13	0.96803
124	13	0.98007
126	13	0.96745
129	13	0.96015
131	13	0.96441
133	13	0.97474
134	13	0.97689
135	13	0.98562
136	13	0.97685
137	13	0.99425
138	13	0.97414
139	13	0.96819
140	13	0.86911
142	13	0.97997
146	13	0.93681
147	13	0.93581
149	13	0.82298
2	14	0.97991
3	14	0.87022
4	14	0.97504
7	14	0.97595
8	14	0.7957
9	14	0.91348
10	14	0.94795
15	14	0.93438
20	14	0.9726
22	14	0.9507
24	14	0.98214
27	14	0.9665
28	14	0.97914
31	14	0.97252
32	14	0.95648
35	14	0.98006
38	14	0.96486
39	14	0.97208
41	14	0.96411
42	14	0.98168
46	14	0.96797
55	14	0.98086
57	14	0.94671
58	14	0.96523
60	14	0.98774
62	14	0.98127
66	14	0.96854
67	14	0.96084
69	14	0.98091
72	14	0.97841
73	14	0.8459
76	14	0.9762
79	14	0.96189
81	14	0.97441
84	14	0.98336
85	14	0.98661
87	14	0.98187
90	14	0.97812
92	14	0.96748
93	14	0.97798
94	14	0.97394
95	14	0.9603
97	14	0.97009
98	14	0.98135
102	14	0.97479
105	14	0.96742
106	14	0.97597
107	14	0.97955
110	14	0.98085
111	14	0.98677
113	14	0.99423
114	14	0.9771
116	14	0.96843
117	14	0.966
124	14	0.97533
126	14	0.98562
128	14	0.98817
132	14	0.95792
134	14	0.97803
150	14	0.9796
2	15	0.96939
3	15	0.85305
4	15	0.93355
7	15	0.96953
8	15	0.79457
10	15	0.92831
11	15	0.93596
12	15	0.9114
14	15	0.93438
19	15	0.94661
20	15	0.95386
21	15	0.98337
22	15	0.93828
23	15	0.93769
24	15	0.94251
25	15	0.95104
27	15	0.96995
28	15	0.93685
29	15	0.96797
31	15	0.94852
32	15	0.94302
33	15	0.95522
34	15	0.93671
37	15	0.9564
38	15	0.98216
40	15	0.93783
42	15	0.95918
45	15	0.94597
46	15	0.94461
50	15	0.86396
52	15	0.91824
55	15	0.96455
56	15	0.90742
57	15	0.94359
58	15	0.97151
60	15	0.93712
62	15	0.95409
64	15	0.93942
72	15	0.94741
73	15	0.85605
74	15	0.88359
76	15	0.95426
78	15	0.93693
79	15	0.94364
80	15	0.9771
81	15	0.9573
84	15	0.93786
85	15	0.9746
90	15	0.95405
93	15	0.94438
95	15	0.96411
96	15	0.94486
97	15	0.97247
100	15	0.98332
102	15	0.93939
110	15	0.93453
113	15	0.94092
120	15	0.95501
143	15	0.92942
144	15	0.9272
150	15	0.95949
4	16	0.8674
5	16	0.92422
6	16	0.84567
7	16	0.83219
11	16	0.87151
18	16	0.92299
19	16	0.89727
25	16	0.82891
26	16	0.91056
27	16	0.84593
28	16	0.86147
31	16	0.88019
32	16	0.85764
33	16	0.88506
34	16	0.87017
35	16	0.85976
37	16	0.85071
39	16	0.84924
40	16	0.84285
41	16	0.85954
42	16	0.83053
47	16	0.94164
49	16	0.90764
54	16	0.82965
56	16	0.84261
62	16	0.85335
63	16	0.89061
65	16	0.84132
70	16	0.87396
75	16	0.87475
79	16	0.8543
81	16	0.82832
83	16	0.84966
87	16	0.84587
88	16	0.84026
98	16	0.85309
103	16	0.90568
104	16	0.90737
105	16	0.82919
107	16	0.85309
108	16	0.83582
115	16	0.93639
116	16	0.85612
120	16	0.84183
122	16	0.88269
127	16	0.84401
130	16	0.91904
141	16	0.8818
145	16	0.87545
148	16	0.93662
2	17	0.94833
4	17	0.95446
5	17	0.94882
7	17	0.95144
9	17	0.94355
10	17	0.94997
11	17	0.97119
12	17	0.97402
19	17	0.95328
20	17	0.9447
21	17	0.94357
25	17	0.97743
27	17	0.95807
28	17	0.93813
29	17	0.93379
31	17	0.94833
32	17	0.96586
34	17	0.97134
36	17	0.93222
37	17	0.93757
38	17	0.95613
40	17	0.97577
45	17	0.97712
46	17	0.94515
50	17	0.95136
52	17	0.92559
56	17	0.95734
57	17	0.97458
58	17	0.97517
62	17	0.93783
74	17	0.94975
78	17	0.98851
79	17	0.9696
80	17	0.94686
85	17	0.93426
90	17	0.93333
95	17	0.98167
96	17	0.9728
98	17	0.92979
100	17	0.93818
101	17	0.98932
102	17	0.94362
105	17	0.97146
110	17	0.96044
116	17	0.96396
120	17	0.9609
128	17	0.94075
132	17	0.96892
143	17	0.95025
144	17	0.96523
150	17	0.92897
6	18	0.95033
16	18	0.92299
26	18	0.98267
33	18	0.96678
35	18	0.94884
39	18	0.96104
41	18	0.9715
42	18	0.95155
44	18	0.95173
47	18	0.98948
49	18	0.97474
53	18	0.96664
54	18	0.96166
59	18	0.96124
63	18	0.98572
65	18	0.97967
69	18	0.94825
70	18	0.98128
75	18	0.99128
77	18	0.95273
81	18	0.95077
82	18	0.96538
83	18	0.96751
87	18	0.95615
88	18	0.97341
91	18	0.96809
94	18	0.95848
99	18	0.96
103	18	0.95336
104	18	0.98891
107	18	0.96191
108	18	0.97684
109	18	0.93628
114	18	0.958
115	18	0.96275
117	18	0.95206
118	18	0.9729
119	18	0.93526
121	18	0.95227
122	18	0.98458
123	18	0.96589
125	18	0.95251
127	18	0.96962
129	18	0.94721
130	18	0.98456
131	18	0.94684
133	18	0.96155
138	18	0.95788
139	18	0.95534
140	18	0.87047
141	18	0.98625
145	18	0.97815
146	18	0.95287
148	18	0.97965
2	19	0.98007
4	19	0.98263
5	19	0.99408
7	19	0.98537
8	19	0.81314
9	19	0.91691
11	19	0.98716
12	19	0.9322
15	19	0.94661
16	19	0.89727
17	19	0.95328
20	19	0.9818
21	19	0.96988
22	19	0.95083
24	19	0.96824
25	19	0.98298
27	19	0.98656
28	19	0.98748
29	19	0.97537
31	19	0.99377
32	19	0.98986
33	19	0.96595
34	19	0.98937
35	19	0.96335
36	19	0.91342
37	19	0.97138
38	19	0.97175
40	19	0.97351
42	19	0.96614
45	19	0.97176
46	19	0.98178
47	19	0.94463
50	19	0.8849
52	19	0.9132
55	19	0.96205
56	19	0.95886
58	19	0.97248
62	19	0.97973
73	19	0.87099
74	19	0.93069
78	19	0.96844
79	19	0.9882
80	19	0.95349
81	19	0.95998
84	19	0.95633
85	19	0.95814
87	19	0.95763
95	19	0.97462
96	19	0.97042
98	19	0.96659
100	19	0.96179
101	19	0.95435
102	19	0.96821
103	19	0.98476
104	19	0.95582
105	19	0.95582
107	19	0.95905
110	19	0.97179
111	19	0.95185
113	19	0.96677
116	19	0.98421
120	19	0.96245
132	19	0.97576
143	19	0.95049
144	19	0.92404
148	19	0.97344
2	20	0.99502
3	20	0.86247
4	20	0.98055
5	20	0.96465
7	20	0.99239
8	20	0.87437
9	20	0.94061
10	20	0.93993
11	20	0.97463
12	20	0.95062
14	20	0.9726
15	20	0.95386
17	20	0.9447
19	20	0.9818
21	20	0.95979
22	20	0.97818
24	20	0.97992
25	20	0.98769
27	20	0.98623
28	20	0.9889
29	20	0.96507
31	20	0.98413
32	20	0.98904
34	20	0.97465
35	20	0.95697
36	20	0.93914
37	20	0.94762
38	20	0.97417
40	20	0.95401
42	20	0.9625
45	20	0.98404
46	20	0.98969
50	20	0.91455
52	20	0.94474
55	20	0.96584
56	20	0.93689
57	20	0.95353
58	20	0.98131
60	20	0.9624
62	20	0.97607
73	20	0.92462
74	20	0.94027
78	20	0.96348
79	20	0.98856
80	20	0.95856
81	20	0.95772
84	20	0.96119
85	20	0.97854
90	20	0.95626
95	20	0.97553
96	20	0.98196
97	20	0.96376
98	20	0.96242
100	20	0.96652
101	20	0.94272
102	20	0.97763
103	20	0.96456
110	20	0.98985
111	20	0.96436
113	20	0.9833
116	20	0.98424
128	20	0.96546
132	20	0.99163
143	20	0.97541
144	20	0.91657
150	20	0.97562
2	21	0.97464
4	21	0.95946
5	21	0.95558
7	21	0.97686
9	21	0.91398
10	21	0.92921
11	21	0.95729
12	21	0.92144
15	21	0.98337
17	21	0.94357
19	21	0.96988
20	21	0.95979
22	21	0.93684
24	21	0.96008
25	21	0.9608
27	21	0.98061
28	21	0.95918
29	21	0.9779
31	21	0.97252
32	21	0.95897
33	21	0.97319
34	21	0.96543
36	21	0.87862
37	21	0.96719
38	21	0.99351
40	21	0.9607
42	21	0.97868
45	21	0.95174
46	21	0.9652
50	21	0.86983
52	21	0.91749
55	21	0.97443
56	21	0.93303
57	21	0.96075
58	21	0.97725
60	21	0.96053
62	21	0.97889
74	21	0.89884
76	21	0.96676
78	21	0.95483
79	21	0.9661
80	21	0.97934
81	21	0.97796
84	21	0.96543
85	21	0.9778
87	21	0.95799
90	21	0.96191
93	21	0.96474
95	21	0.97758
96	21	0.96038
97	21	0.97607
98	21	0.96079
100	21	0.99159
101	21	0.93045
102	21	0.96337
103	21	0.95749
107	21	0.95858
113	21	0.95919
114	21	0.9548
116	21	0.95699
120	21	0.97242
143	21	0.92314
144	21	0.94426
150	21	0.959
2	22	0.97858
4	22	0.93661
7	22	0.95712
8	22	0.88074
9	22	0.92339
12	22	0.9215
14	22	0.9507
15	22	0.93828
19	22	0.95083
20	22	0.97818
21	22	0.93684
24	22	0.94608
25	22	0.94513
27	22	0.94418
28	22	0.96086
29	22	0.9575
31	22	0.95162
32	22	0.94625
34	22	0.94785
35	22	0.92948
36	22	0.92755
38	22	0.93983
40	22	0.92745
42	22	0.93539
45	22	0.93509
46	22	0.98127
50	22	0.88413
52	22	0.94509
55	22	0.93087
56	22	0.90661
57	22	0.92804
58	22	0.93862
60	22	0.94583
62	22	0.94676
73	22	0.92828
74	22	0.92114
76	22	0.94253
79	22	0.95592
80	22	0.93835
81	22	0.93283
84	22	0.95034
85	22	0.95679
96	22	0.95997
97	22	0.93382
98	22	0.93461
100	22	0.95359
102	22	0.96048
103	22	0.9364
110	22	0.96
111	22	0.95544
113	22	0.95807
116	22	0.95455
128	22	0.93831
132	22	0.95195
143	22	0.94946
150	22	0.93674
13	23	0.98247
15	23	0.93769
30	23	0.92453
33	23	0.95345
39	23	0.97159
41	23	0.96426
42	23	0.97566
43	23	0.95828
44	23	0.9574
48	23	0.96681
54	23	0.98557
55	23	0.97599
61	23	0.97988
62	23	0.95816
64	23	0.9968
65	23	0.96635
67	23	0.97682
69	23	0.96685
71	23	0.96007
72	23	0.96967
75	23	0.96145
76	23	0.97242
81	23	0.97571
82	23	0.99494
83	23	0.97213
87	23	0.97053
88	23	0.96143
90	23	0.97086
91	23	0.97568
92	23	0.98706
93	23	0.97721
94	23	0.98087
97	23	0.96345
99	23	0.9658
106	23	0.97667
107	23	0.96858
108	23	0.98439
114	23	0.98032
117	23	0.96715
118	23	0.96749
120	23	0.96089
121	23	0.96455
123	23	0.9705
124	23	0.97596
125	23	0.96375
126	23	0.95668
127	23	0.96151
134	23	0.95844
135	23	0.95948
137	23	0.9669
138	23	0.97566
139	23	0.97169
141	23	0.97469
142	23	0.97317
2	24	0.98036
3	24	0.85437
4	24	0.9899
5	24	0.9512
7	24	0.98823
8	24	0.7944
9	24	0.91349
11	24	0.95983
14	24	0.98214
15	24	0.94251
19	24	0.96824
20	24	0.97992
21	24	0.96008
22	24	0.94608
25	24	0.96209
27	24	0.98609
28	24	0.98996
29	24	0.93511
31	24	0.98625
32	24	0.97128
33	24	0.95269
34	24	0.9547
35	24	0.97067
37	24	0.92015
38	24	0.9765
39	24	0.97377
42	24	0.98202
45	24	0.96202
46	24	0.97124
55	24	0.98689
58	24	0.97161
60	24	0.98001
62	24	0.99012
66	24	0.98451
69	24	0.97367
72	24	0.97999
73	24	0.84435
76	24	0.97099
79	24	0.97777
81	24	0.9814
84	24	0.97874
85	24	0.98278
87	24	0.98112
90	24	0.97664
93	24	0.98075
94	24	0.9713
95	24	0.9704
97	24	0.97891
98	24	0.98338
100	24	0.95828
102	24	0.97965
103	24	0.96957
105	24	0.96506
107	24	0.97908
110	24	0.98131
111	24	0.97747
113	24	0.99362
114	24	0.98022
116	24	0.97569
120	24	0.96198
124	24	0.96512
126	24	0.97238
128	24	0.96361
132	24	0.96951
134	24	0.96383
148	24	0.96066
150	24	0.98729
2	25	0.98206
3	25	0.84307
4	25	0.97738
5	25	0.97308
7	25	0.98616
8	25	0.84669
9	25	0.948
10	25	0.94391
11	25	0.98909
12	25	0.97129
15	25	0.95104
16	25	0.82891
17	25	0.97743
19	25	0.98298
20	25	0.98769
21	25	0.9608
22	25	0.94513
24	25	0.96209
27	25	0.98691
28	25	0.97483
29	25	0.96603
31	25	0.97709
32	25	0.9945
34	25	0.98003
36	25	0.95178
37	25	0.96308
38	25	0.97552
40	25	0.97596
45	25	0.99775
46	25	0.9755
50	25	0.9418
52	25	0.94925
55	25	0.95161
56	25	0.96644
57	25	0.96249
58	25	0.98984
62	25	0.96301
73	25	0.91017
74	25	0.96116
78	25	0.98751
79	25	0.98895
80	25	0.96948
85	25	0.96373
90	25	0.95182
95	25	0.98822
96	25	0.98694
97	25	0.95307
100	25	0.96253
101	25	0.97573
102	25	0.96263
103	25	0.95119
105	25	0.96109
110	25	0.98139
113	25	0.96043
116	25	0.97988
120	25	0.96184
128	25	0.951
132	25	0.99421
143	25	0.98134
144	25	0.9484
150	25	0.96294
6	26	0.93196
16	26	0.91056
18	26	0.98267
31	26	0.93376
33	26	0.94967
35	26	0.95246
39	26	0.94796
41	26	0.95637
42	26	0.94278
44	26	0.94409
47	26	0.97503
49	26	0.96151
51	26	0.93381
53	26	0.95284
54	26	0.93483
59	26	0.9514
62	26	0.93529
63	26	0.97332
65	26	0.95585
70	26	0.96856
75	26	0.98098
77	26	0.94737
81	26	0.93814
82	26	0.94001
83	26	0.9355
87	26	0.93797
88	26	0.95722
91	26	0.94047
94	26	0.94482
99	26	0.94533
103	26	0.96376
104	26	0.96955
107	26	0.95048
108	26	0.96044
109	26	0.93723
114	26	0.94841
115	26	0.95633
117	26	0.94364
118	26	0.9569
121	26	0.95066
122	26	0.96565
123	26	0.95657
125	26	0.9495
127	26	0.96116
129	26	0.93232
130	26	0.96957
131	26	0.93764
133	26	0.95056
138	26	0.94959
140	26	0.86046
141	26	0.95495
145	26	0.97061
148	26	0.96971
2	27	0.98735
3	27	0.86279
4	27	0.98923
5	27	0.97294
7	27	0.99811
8	27	0.81015
9	27	0.92237
10	27	0.9304
11	27	0.98291
12	27	0.93375
14	27	0.9665
15	27	0.96995
16	27	0.84593
17	27	0.95807
19	27	0.98656
20	27	0.98623
21	27	0.98061
22	27	0.94418
24	27	0.98609
25	27	0.98691
28	27	0.98562
29	27	0.96504
31	27	0.99128
32	27	0.98949
33	27	0.97635
34	27	0.97448
35	27	0.96159
36	27	0.90011
37	27	0.96378
38	27	0.99176
40	27	0.95562
42	27	0.97997
45	27	0.98415
46	27	0.97448
47	27	0.93854
50	27	0.88593
52	27	0.91537
55	27	0.98521
56	27	0.93407
57	27	0.95406
58	27	0.99152
60	27	0.96457
62	27	0.98814
66	27	0.96779
72	27	0.97074
73	27	0.86676
74	27	0.91282
78	27	0.96415
79	27	0.98762
80	27	0.96603
81	27	0.97646
84	27	0.96403
85	27	0.98243
87	27	0.96928
90	27	0.98011
93	27	0.96665
95	27	0.99099
96	27	0.97056
97	27	0.97915
98	27	0.97232
100	27	0.97552
101	27	0.94283
102	27	0.97351
103	27	0.97347
104	27	0.95754
105	27	0.96846
107	27	0.96693
110	27	0.98018
111	27	0.95351
113	27	0.98093
116	27	0.97884
120	27	0.98264
128	27	0.95513
132	27	0.98148
143	27	0.95053
144	27	0.92375
148	27	0.96671
150	27	0.9836
2	28	0.98719
3	28	0.8461
4	28	0.99388
5	28	0.97365
7	28	0.98931
8	28	0.818
9	28	0.92587
10	28	0.92445
11	28	0.97742
12	28	0.922
14	28	0.97914
15	28	0.93685
16	28	0.86147
17	28	0.93813
19	28	0.98748
20	28	0.9889
21	28	0.95918
22	28	0.96086
24	28	0.98996
25	28	0.97483
27	28	0.98562
29	28	0.95197
31	28	0.99588
32	28	0.98514
33	28	0.94944
34	28	0.97941
35	28	0.98029
36	28	0.90101
37	28	0.93888
38	28	0.97104
39	28	0.96792
40	28	0.94396
42	28	0.97787
45	28	0.96926
46	28	0.98721
49	28	0.95331
50	28	0.87312
52	28	0.90551
55	28	0.97611
56	28	0.91948
57	28	0.94587
58	28	0.97255
60	28	0.97485
62	28	0.98972
66	28	0.96322
69	28	0.97021
72	28	0.95837
73	28	0.86922
74	28	0.90894
76	28	0.9604
78	28	0.94729
79	28	0.98845
80	28	0.93498
81	28	0.97208
84	28	0.97753
85	28	0.97522
87	28	0.97773
90	28	0.96464
93	28	0.96606
95	28	0.97246
96	28	0.96655
97	28	0.96006
98	28	0.98435
100	28	0.95603
101	28	0.93051
102	28	0.98335
103	28	0.98093
105	28	0.96912
107	28	0.97716
110	28	0.98755
111	28	0.98103
113	28	0.99053
114	28	0.96724
116	28	0.99028
120	28	0.95866
126	28	0.95494
128	28	0.96284
132	28	0.98003
134	28	0.96179
143	28	0.94152
144	28	0.89525
148	28	0.96642
150	28	0.96949
2	29	0.97017
4	29	0.94001
5	29	0.96674
7	29	0.96499
8	29	0.81503
9	29	0.91848
11	29	0.95535
12	29	0.94097
15	29	0.96797
17	29	0.93379
19	29	0.97537
20	29	0.96507
21	29	0.9779
22	29	0.9575
24	29	0.93511
25	29	0.96603
27	29	0.96504
28	29	0.95197
31	29	0.96093
32	29	0.96011
33	29	0.94207
34	29	0.9692
36	29	0.92603
37	29	0.97114
38	29	0.96548
40	29	0.97792
42	29	0.93917
45	29	0.95242
46	29	0.97097
50	29	0.8985
52	29	0.94787
55	29	0.93514
56	29	0.96872
57	29	0.94275
58	29	0.95723
62	29	0.95195
73	29	0.88581
74	29	0.94219
78	29	0.96652
79	29	0.96531
80	29	0.98353
81	29	0.94101
84	29	0.93414
85	29	0.94812
95	29	0.95556
96	29	0.97017
97	29	0.93895
100	29	0.98201
101	29	0.94402
102	29	0.95014
103	29	0.95034
110	29	0.94309
116	29	0.95262
132	29	0.94993
143	29	0.94847
144	29	0.95481
6	30	0.95393
13	30	0.94568
23	30	0.92453
43	30	0.96021
44	30	0.96495
48	30	0.97847
51	30	0.99023
53	30	0.97003
59	30	0.98188
61	30	0.95087
63	30	0.92112
64	30	0.92522
65	30	0.96888
67	30	0.94921
68	30	0.98996
70	30	0.94902
71	30	0.98151
75	30	0.95136
77	30	0.98179
82	30	0.94538
86	30	0.99147
88	30	0.96981
89	30	0.9846
91	30	0.96736
92	30	0.93008
99	30	0.95433
108	30	0.95041
109	30	0.97712
112	30	0.9819
117	30	0.9433
118	30	0.96936
119	30	0.98979
121	30	0.98137
122	30	0.95356
123	30	0.97644
125	30	0.93087
127	30	0.93951
129	30	0.9891
131	30	0.98857
133	30	0.97389
135	30	0.97829
136	30	0.97454
137	30	0.96178
138	30	0.94751
139	30	0.97935
140	30	0.9628
142	30	0.97434
145	30	0.92869
146	30	0.97574
147	30	0.98532
149	30	0.91319
2	31	0.98662
3	31	0.84494
4	31	0.99383
5	31	0.98227
7	31	0.9917
8	31	0.79688
9	31	0.92181
10	31	0.92458
11	31	0.9846
12	31	0.92145
14	31	0.97252
15	31	0.94852
16	31	0.88019
17	31	0.94833
19	31	0.99377
20	31	0.98413
21	31	0.97252
22	31	0.95162
24	31	0.98625
25	31	0.97709
26	31	0.93376
27	31	0.99128
28	31	0.99588
29	31	0.96093
32	31	0.98809
33	31	0.96826
34	31	0.98544
35	31	0.98169
36	31	0.89364
37	31	0.95725
38	31	0.97979
39	31	0.9731
40	31	0.95549
42	31	0.98404
45	31	0.96936
46	31	0.98378
47	31	0.95018
49	31	0.96088
50	31	0.87026
52	31	0.90207
55	31	0.98014
56	31	0.93066
57	31	0.94911
58	31	0.97756
60	31	0.97267
62	31	0.99379
66	31	0.96233
69	31	0.97192
72	31	0.9587
73	31	0.85273
74	31	0.90847
76	31	0.96231
78	31	0.95486
79	31	0.98927
80	31	0.94492
81	31	0.97815
84	31	0.97739
85	31	0.97535
87	31	0.98051
90	31	0.97073
93	31	0.968
95	31	0.97902
96	31	0.96588
97	31	0.96165
98	31	0.98532
100	31	0.96345
101	31	0.93857
102	31	0.98016
103	31	0.98716
104	31	0.96861
105	31	0.97299
107	31	0.98179
110	31	0.98226
111	31	0.97398
113	31	0.9859
114	31	0.97087
116	31	0.98886
120	31	0.97258
128	31	0.95553
132	31	0.97583
134	31	0.96124
143	31	0.9386
144	31	0.90798
148	31	0.97761
150	31	0.96662
2	32	0.98262
3	32	0.86667
4	32	0.98636
5	32	0.9807
7	32	0.99033
8	32	0.84489
9	32	0.93256
10	32	0.93737
11	32	0.99463
12	32	0.94842
14	32	0.95648
15	32	0.94302
16	32	0.85764
17	32	0.96586
19	32	0.98986
20	32	0.98904
21	32	0.95897
22	32	0.94625
24	32	0.97128
25	32	0.9945
27	32	0.98949
28	32	0.98514
29	32	0.96011
31	32	0.98809
33	32	0.95355
34	32	0.9815
35	32	0.95987
36	32	0.92935
37	32	0.96767
38	32	0.97423
40	32	0.96566
42	32	0.95847
45	32	0.98988
46	32	0.97635
50	32	0.91506
52	32	0.92456
55	32	0.96068
56	32	0.95426
57	32	0.94942
58	32	0.98538
62	32	0.97318
73	32	0.89787
74	32	0.94189
78	32	0.97332
79	32	0.98824
80	32	0.95351
85	32	0.96554
90	32	0.96169
95	32	0.98387
96	32	0.97493
98	32	0.95851
100	32	0.95368
101	32	0.96123
102	32	0.96233
103	32	0.97167
105	32	0.96553
110	32	0.98218
113	32	0.97099
116	32	0.98305
120	32	0.96741
128	32	0.95194
132	32	0.99063
143	32	0.97201
144	32	0.92132
148	32	0.95592
150	32	0.96211
3	33	0.84991
4	33	0.95792
5	33	0.95898
7	33	0.96814
11	33	0.95396
15	33	0.95522
16	33	0.88506
18	33	0.96678
19	33	0.96595
21	33	0.97319
23	33	0.95345
24	33	0.95269
26	33	0.94967
27	33	0.97635
28	33	0.94944
29	33	0.94207
31	33	0.96826
32	33	0.95355
37	33	0.96439
38	33	0.97266
39	33	0.96029
42	33	0.97187
47	33	0.97721
54	33	0.96968
55	33	0.9752
56	33	0.90005
58	33	0.95876
62	33	0.96932
63	33	0.96659
70	33	0.95257
72	33	0.95225
75	33	0.95255
80	33	0.93438
81	33	0.97001
82	33	0.96128
87	33	0.95777
90	33	0.96634
93	33	0.95366
94	33	0.96496
95	33	0.96493
97	33	0.95212
98	33	0.95246
100	33	0.95017
103	33	0.96847
104	33	0.98257
107	33	0.95875
108	33	0.9576
114	33	0.96093
115	33	0.92056
120	33	0.98393
125	33	0.95456
127	33	0.95801
138	33	0.95059
141	33	0.97625
145	33	0.9545
148	33	0.98116
2	34	0.97971
4	34	0.97679
5	34	0.98254
7	34	0.97343
8	34	0.78682
9	34	0.94739
10	34	0.9373
11	34	0.98292
12	34	0.95778
15	34	0.93671
16	34	0.87017
17	34	0.97134
19	34	0.98937
20	34	0.97465
21	34	0.96543
22	34	0.94785
24	34	0.9547
25	34	0.98003
27	34	0.97448
28	34	0.97941
29	34	0.9692
31	34	0.98544
32	34	0.9815
35	34	0.95492
36	34	0.93533
37	34	0.95517
38	34	0.96643
40	34	0.98537
42	34	0.95806
45	34	0.96991
46	34	0.98709
50	34	0.91803
52	34	0.93536
56	34	0.96442
57	34	0.97004
58	34	0.97154
60	34	0.95641
62	34	0.97344
73	34	0.86248
74	34	0.95123
78	34	0.98033
79	34	0.9901
80	34	0.95338
84	34	0.96052
85	34	0.95546
87	34	0.95449
95	34	0.97458
96	34	0.98317
98	34	0.96652
100	34	0.96131
101	34	0.97376
102	34	0.97727
103	34	0.96215
105	34	0.9695
107	34	0.95408
110	34	0.97825
113	34	0.96084
116	34	0.9908
120	34	0.95468
128	34	0.94834
132	34	0.97616
143	34	0.95137
144	34	0.94998
2	35	0.96228
3	35	0.86491
4	35	0.97665
5	35	0.94791
7	35	0.96791
11	35	0.95213
14	35	0.98006
16	35	0.85976
18	35	0.94884
19	35	0.96335
20	35	0.95697
22	35	0.92948
24	35	0.97067
26	35	0.95246
27	35	0.96159
28	35	0.98029
31	35	0.98169
32	35	0.95987
34	35	0.95492
37	35	0.92372
39	35	0.98134
41	35	0.9863
42	35	0.98325
46	35	0.95987
47	35	0.95035
49	35	0.98071
54	35	0.96338
55	35	0.97488
60	35	0.97281
62	35	0.98368
63	35	0.97645
66	35	0.95486
69	35	0.98421
72	35	0.95877
76	35	0.96421
81	35	0.9748
83	35	0.97146
84	35	0.97854
85	35	0.96254
87	35	0.98684
90	35	0.96875
92	35	0.96559
93	35	0.96894
94	35	0.98018
98	35	0.98668
102	35	0.96024
103	35	0.97907
104	35	0.97286
105	35	0.96324
106	35	0.9744
107	35	0.99014
108	35	0.9671
110	35	0.96307
111	35	0.98911
113	35	0.98316
114	35	0.98081
115	35	0.88256
116	35	0.96721
117	35	0.97807
120	35	0.95926
124	35	0.97553
125	35	0.96201
126	35	0.96704
128	35	0.95476
130	35	0.94821
134	35	0.97517
138	35	0.96087
141	35	0.96169
145	35	0.97419
148	35	0.9681
2	36	0.9287
4	36	0.89156
5	36	0.9056
7	36	0.90504
8	36	0.86874
9	36	0.95566
10	36	0.9059
11	36	0.91982
12	36	0.98555
17	36	0.93222
19	36	0.91342
20	36	0.93914
21	36	0.87862
22	36	0.92755
25	36	0.95178
27	36	0.90011
28	36	0.90101
29	36	0.92603
31	36	0.89364
32	36	0.92935
34	36	0.93533
37	36	0.88402
38	36	0.88966
40	36	0.9519
45	36	0.94895
46	36	0.93978
50	36	0.98292
52	36	0.98349
56	36	0.95761
57	36	0.93216
58	36	0.91791
73	36	0.94492
74	36	0.995
78	36	0.96368
79	36	0.93709
80	36	0.92968
85	36	0.88398
95	36	0.91111
96	36	0.96953
100	36	0.90424
101	36	0.96268
102	36	0.91051
105	36	0.87887
110	36	0.93262
113	36	0.87803
116	36	0.92971
128	36	0.89636
132	36	0.95376
143	36	0.97013
144	36	0.94545
150	36	0.87421
2	37	0.95105
3	37	0.87347
4	37	0.93478
5	37	0.96498
7	37	0.96148
8	37	0.80087
11	37	0.97152
12	37	0.90925
15	37	0.9564
16	37	0.85071
17	37	0.93757
19	37	0.97138
20	37	0.94762
21	37	0.96719
24	37	0.92015
25	37	0.96308
27	37	0.96378
28	37	0.93888
29	37	0.97114
31	37	0.95725
32	37	0.96767
33	37	0.96439
34	37	0.95517
35	37	0.92372
36	37	0.88402
38	37	0.96373
40	37	0.96519
42	37	0.9394
45	37	0.94825
46	37	0.93908
47	37	0.92447
50	37	0.87453
52	37	0.89716
55	37	0.93638
56	37	0.95811
58	37	0.96048
62	37	0.94219
73	37	0.86289
74	37	0.91188
78	37	0.95315
79	37	0.94376
80	37	0.9602
81	37	0.92903
85	37	0.93858
90	37	0.9324
95	37	0.95954
96	37	0.93783
100	37	0.95084
101	37	0.93503
103	37	0.95751
104	37	0.93569
110	37	0.92201
113	37	0.92058
116	37	0.93191
120	37	0.95553
132	37	0.93574
143	37	0.94555
144	37	0.92042
148	37	0.93956
2	38	0.98423
3	38	0.86149
4	38	0.97542
5	38	0.95415
7	38	0.98966
8	38	0.77411
9	38	0.92772
10	38	0.9479
11	38	0.97002
12	38	0.9329
14	38	0.96486
15	38	0.98216
17	38	0.95613
19	38	0.97175
20	38	0.97417
21	38	0.99351
22	38	0.93983
24	38	0.9765
25	38	0.97552
27	38	0.99176
28	38	0.97104
29	38	0.96548
31	38	0.97979
32	38	0.97423
33	38	0.97266
34	38	0.96643
36	38	0.88966
37	38	0.96373
40	38	0.95472
42	38	0.98451
45	38	0.97201
46	38	0.96912
50	38	0.88712
52	38	0.92139
55	38	0.98593
56	38	0.92653
57	38	0.96816
58	38	0.99278
60	38	0.96953
62	38	0.98522
66	38	0.95526
72	38	0.96867
73	38	0.84704
74	38	0.90452
76	38	0.96767
78	38	0.95994
79	38	0.97554
80	38	0.97598
81	38	0.98068
84	38	0.96894
85	38	0.99079
87	38	0.9675
90	38	0.98237
93	38	0.97231
95	38	0.99119
96	38	0.96751
97	38	0.98767
98	38	0.96865
100	38	0.98673
101	38	0.93687
102	38	0.97006
103	38	0.95896
105	38	0.96747
107	38	0.96535
110	38	0.97128
113	38	0.97537
116	38	0.96725
120	38	0.98462
128	38	0.96113
132	38	0.96519
143	38	0.94114
144	38	0.93641
148	38	0.94924
150	38	0.98137
3	39	0.84966
4	39	0.97447
13	39	0.97156
14	39	0.97208
16	39	0.84924
18	39	0.96104
23	39	0.97159
24	39	0.97377
26	39	0.94796
28	39	0.96792
31	39	0.9731
33	39	0.96029
35	39	0.98134
41	39	0.99058
42	39	0.98563
43	39	0.97089
44	39	0.97195
47	39	0.95693
48	39	0.9627
49	39	0.98123
54	39	0.99204
55	39	0.98317
60	39	0.96717
61	39	0.96882
62	39	0.98084
63	39	0.98808
64	39	0.97594
66	39	0.97848
67	39	0.98317
69	39	0.98282
70	39	0.95556
71	39	0.96083
72	39	0.97794
75	39	0.97094
76	39	0.96606
81	39	0.97624
82	39	0.97804
83	39	0.98909
84	39	0.96936
87	39	0.99034
90	39	0.98266
91	39	0.97109
92	39	0.9876
93	39	0.97488
94	39	0.99562
98	39	0.98036
99	39	0.97122
103	39	0.95843
104	39	0.97976
105	39	0.9671
106	39	0.98268
107	39	0.99099
108	39	0.986
111	39	0.96564
113	39	0.97284
114	39	0.9906
115	39	0.89909
117	39	0.98835
118	39	0.9741
120	39	0.97066
124	39	0.99174
125	39	0.98594
126	39	0.96823
127	39	0.97904
130	39	0.95697
133	39	0.97092
134	39	0.97018
135	39	0.94756
136	39	0.95551
137	39	0.96506
138	39	0.98548
141	39	0.98387
142	39	0.96457
145	39	0.98879
148	39	0.96606
150	39	0.95679
2	40	0.95865
4	40	0.94186
5	40	0.97121
7	40	0.95141
8	40	0.78128
9	40	0.94354
10	40	0.93063
11	40	0.96997
12	40	0.97176
15	40	0.93783
16	40	0.84285
17	40	0.97577
19	40	0.97351
20	40	0.95401
21	40	0.9607
22	40	0.92745
25	40	0.97596
27	40	0.95562
28	40	0.94396
29	40	0.97792
31	40	0.95549
32	40	0.96566
34	40	0.98537
36	40	0.9519
37	40	0.96519
38	40	0.95472
45	40	0.96413
46	40	0.96603
50	40	0.94229
52	40	0.95187
56	40	0.99033
57	40	0.96372
58	40	0.96221
62	40	0.93865
73	40	0.87091
74	40	0.97177
78	40	0.9924
79	40	0.97111
80	40	0.96894
85	40	0.93038
95	40	0.96567
96	40	0.98098
100	40	0.95861
101	40	0.9877
102	40	0.94635
103	40	0.93023
105	40	0.9382
110	40	0.94935
116	40	0.96394
120	40	0.93686
132	40	0.96005
143	40	0.95855
144	40	0.97855
13	41	0.97701
14	41	0.96411
16	41	0.85954
18	41	0.9715
23	41	0.96426
26	41	0.95637
35	41	0.9863
39	41	0.99058
42	41	0.98099
43	41	0.98344
44	41	0.98617
47	41	0.95961
48	41	0.96988
49	41	0.98939
51	41	0.95984
53	41	0.9812
54	41	0.98139
55	41	0.9715
59	41	0.9585
60	41	0.96959
61	41	0.97415
62	41	0.97593
63	41	0.99022
64	41	0.96745
65	41	0.97511
66	41	0.95239
67	41	0.9827
68	41	0.96275
69	41	0.99097
70	41	0.95494
71	41	0.96462
75	41	0.97846
76	41	0.96373
77	41	0.9584
81	41	0.97584
82	41	0.97496
83	41	0.99423
84	41	0.97386
86	41	0.93535
87	41	0.99211
88	41	0.97545
89	41	0.95978
90	41	0.96469
91	41	0.97742
92	41	0.98673
93	41	0.97553
94	41	0.98894
98	41	0.9848
99	41	0.98776
103	41	0.95827
104	41	0.98263
105	41	0.95997
106	41	0.98851
107	41	0.99407
108	41	0.99066
109	41	0.92547
111	41	0.97022
112	41	0.94853
113	41	0.967
114	41	0.98879
115	41	0.90216
117	41	0.99285
118	41	0.98332
119	41	0.93323
121	41	0.97124
122	41	0.97279
124	41	0.98835
125	41	0.9722
126	41	0.96253
127	41	0.97207
129	41	0.95103
130	41	0.97249
131	41	0.9621
133	41	0.98247
134	41	0.98075
135	41	0.95453
136	41	0.97195
137	41	0.97489
138	41	0.97898
140	41	0.863
141	41	0.98467
142	41	0.96551
145	41	0.98851
146	41	0.93349
147	41	0.92576
148	41	0.96651
149	41	0.7857
2	42	0.976
3	42	0.8597
4	42	0.97746
5	42	0.94631
7	42	0.98132
10	42	0.92865
11	42	0.95269
13	42	0.96705
14	42	0.98168
15	42	0.95918
16	42	0.83053
18	42	0.95155
19	42	0.96614
20	42	0.9625
21	42	0.97868
22	42	0.93539
23	42	0.97566
24	42	0.98202
26	42	0.94278
27	42	0.97997
28	42	0.97787
29	42	0.93917
31	42	0.98404
32	42	0.95847
33	42	0.97187
34	42	0.95806
35	42	0.98325
37	42	0.9394
38	42	0.98451
39	42	0.98563
41	42	0.98099
46	42	0.96521
47	42	0.94678
49	42	0.96155
54	42	0.98096
55	42	0.9956
57	42	0.94468
58	42	0.97087
60	42	0.98607
61	42	0.9626
62	42	0.99499
63	42	0.97192
64	42	0.98061
66	42	0.96563
69	42	0.98915
72	42	0.97877
76	42	0.98871
79	42	0.9645
80	42	0.93395
81	42	0.9956
82	42	0.97334
83	42	0.97456
84	42	0.98916
85	42	0.98643
87	42	0.99289
90	42	0.98561
92	42	0.97966
93	42	0.99104
94	42	0.98872
95	42	0.97151
97	42	0.97904
98	42	0.98935
100	42	0.96618
102	42	0.97313
103	42	0.97308
104	42	0.97604
105	42	0.96784
106	42	0.98414
107	42	0.99374
108	42	0.97845
110	42	0.96553
111	42	0.97741
113	42	0.98692
114	42	0.99264
116	42	0.96592
117	42	0.97297
120	42	0.97911
124	42	0.98006
125	42	0.96563
126	42	0.97451
128	42	0.96127
134	42	0.98218
138	42	0.97183
141	42	0.97526
145	42	0.96729
148	42	0.96687
150	42	0.9735
6	43	0.91521
13	43	0.98871
23	43	0.95828
30	43	0.96021
39	43	0.97089
41	43	0.98344
44	43	0.99688
48	43	0.99176
49	43	0.95854
51	43	0.98477
53	43	0.98898
54	43	0.96327
59	43	0.9682
61	43	0.99004
63	43	0.96534
64	43	0.96325
65	43	0.97482
67	43	0.9921
68	43	0.98737
69	43	0.97063
71	43	0.98955
75	43	0.96437
77	43	0.97382
82	43	0.9677
83	43	0.97981
86	43	0.97399
87	43	0.96666
88	43	0.97609
89	43	0.99146
91	43	0.98132
92	43	0.98384
94	43	0.97255
99	43	0.99223
106	43	0.97747
107	43	0.96811
108	43	0.98214
109	43	0.94728
112	43	0.97388
114	43	0.97097
117	43	0.99256
118	43	0.98542
119	43	0.96033
121	43	0.98566
122	43	0.96406
123	43	0.97131
124	43	0.97897
125	43	0.96101
126	43	0.95789
127	43	0.95818
129	43	0.97466
130	43	0.9506
131	43	0.98433
133	43	0.9919
134	43	0.96376
135	43	0.98925
136	43	0.9959
137	43	0.99543
138	43	0.974
139	43	0.9727
140	43	0.91042
142	43	0.98193
145	43	0.97004
146	43	0.94829
147	43	0.96273
149	43	0.86647
6	44	0.92784
13	44	0.98612
18	44	0.95173
23	44	0.9574
26	44	0.94409
30	44	0.96495
39	44	0.97195
41	44	0.98617
43	44	0.99688
48	44	0.99333
49	44	0.96427
51	44	0.98857
53	44	0.99421
59	44	0.97549
61	44	0.98678
63	44	0.97223
64	44	0.96305
65	44	0.98069
67	44	0.98932
68	44	0.98988
69	44	0.97155
70	44	0.95314
71	44	0.99089
75	44	0.97596
77	44	0.98536
82	44	0.97043
83	44	0.9783
86	44	0.97494
87	44	0.9684
88	44	0.98572
89	44	0.99147
91	44	0.98228
92	44	0.97975
94	44	0.97335
99	44	0.99566
106	44	0.9726
107	44	0.97189
108	44	0.98717
109	44	0.95841
112	44	0.9772
114	44	0.97578
115	44	0.88067
117	44	0.99255
118	44	0.98979
119	44	0.96603
121	44	0.99197
122	44	0.97313
123	44	0.97877
124	44	0.97423
125	44	0.96473
126	44	0.95877
127	44	0.96454
129	44	0.97983
130	44	0.96014
131	44	0.98936
133	44	0.99536
134	44	0.96398
135	44	0.98475
136	44	0.99587
137	44	0.99138
138	44	0.97963
139	44	0.97536
140	44	0.91828
142	44	0.98301
145	44	0.97615
146	44	0.95673
147	44	0.96619
149	44	0.8663
2	45	0.97733
3	45	0.84142
4	45	0.97551
5	45	0.95958
7	45	0.98303
8	45	0.84595
9	45	0.95049
10	45	0.94388
11	45	0.98347
12	45	0.9716
15	45	0.94597
17	45	0.97712
19	45	0.97176
20	45	0.98404
21	45	0.95174
22	45	0.93509
24	45	0.96202
25	45	0.99775
27	45	0.98415
28	45	0.96926
29	45	0.95242
31	45	0.96936
32	45	0.98988
34	45	0.96991
36	45	0.94895
37	45	0.94825
38	45	0.97201
40	45	0.96413
46	45	0.96679
50	45	0.9442
52	45	0.94649
55	45	0.94874
56	45	0.95329
57	45	0.9618
58	45	0.98977
62	45	0.95662
73	45	0.90737
74	45	0.95504
78	45	0.9825
79	45	0.9848
80	45	0.96324
85	45	0.96257
90	45	0.95343
95	45	0.98751
96	45	0.98318
97	45	0.95515
100	45	0.95539
101	45	0.97089
102	45	0.95868
105	45	0.96211
110	45	0.98112
113	45	0.95792
116	45	0.97446
120	45	0.95967
128	45	0.95458
132	45	0.99469
143	45	0.97827
144	45	0.94274
150	45	0.96833
2	46	0.99227
4	46	0.97596
5	46	0.96881
7	46	0.98016
8	46	0.82508
9	46	0.94841
10	46	0.93889
11	46	0.9658
12	46	0.95353
14	46	0.96797
15	46	0.94461
17	46	0.94515
19	46	0.98178
20	46	0.98969
21	46	0.9652
22	46	0.98127
24	46	0.97124
25	46	0.9755
27	46	0.97448
28	46	0.98721
29	46	0.97097
31	46	0.98378
32	46	0.97635
34	46	0.98709
35	46	0.95987
36	46	0.93978
37	46	0.93908
38	46	0.96912
40	46	0.96603
42	46	0.96521
45	46	0.96679
50	46	0.91224
52	46	0.9493
55	46	0.95796
56	46	0.9439
57	46	0.96688
58	46	0.97014
60	46	0.97476
62	46	0.97965
73	46	0.89476
74	46	0.94486
76	46	0.95772
78	46	0.96635
79	46	0.99048
80	46	0.95809
81	46	0.96337
84	46	0.97737
85	46	0.97275
87	46	0.95955
95	46	0.96856
96	46	0.98762
97	46	0.95712
98	46	0.97346
100	46	0.97319
101	46	0.9498
102	46	0.99084
103	46	0.96472
107	46	0.95872
110	46	0.98854
111	46	0.96933
113	46	0.9803
116	46	0.99196
128	46	0.96432
132	46	0.98022
134	46	0.9578
143	46	0.95774
144	46	0.93327
150	46	0.95716
4	47	0.94219
5	47	0.94907
6	47	0.9262
16	47	0.94164
18	47	0.98948
19	47	0.94463
26	47	0.97503
27	47	0.93854
31	47	0.95018
33	47	0.97721
35	47	0.95035
37	47	0.92447
39	47	0.95693
41	47	0.95961
42	47	0.94678
49	47	0.97347
54	47	0.95733
55	47	0.94345
59	47	0.94234
62	47	0.94739
63	47	0.9844
65	47	0.95489
70	47	0.97596
