5	2	0.93637
7	2	0.9376
9	2	0.85137
12	2	0.95563
13	2	0.95484
15	2	0.93036
16	2	0.90086
18	2	0.92058
19	2	0.89642
20	2	0.93365
21	2	0.83795
22	2	0.82586
24	2	0.89358
25	2	0.89415
26	2	0.91766
27	2	0.94903
28	2	0.82725
29	2	0.84804
31	2	0.90052
32	2	0.92052
33	2	0.93617
34	2	0.92182
35	2	0.83083
36	2	0.91491
37	2	0.94992
38	2	0.96663
40	2	0.85251
42	2	0.94147
44	2	0.94312
46	2	0.92913
51	2	0.95027
52	2	0.91058
54	2	0.93679
56	2	0.89853
57	2	0.90973
60	2	0.94056
61	2	0.94346
62	2	0.9642
66	2	0.92008
69	2	0.95727
70	2	0.9528
73	2	0.86534
74	2	0.93597
75	2	0.97305
77	2	0.93736
78	2	0.93711
79	2	0.96074
80	2	0.95938
82	2	0.95201
84	2	0.95531
85	2	0.87095
93	2	0.90277
94	2	0.93335
95	2	0.96716
96	2	0.94658
98	2	0.93176
99	2	0.93876
100	2	0.93982
101	2	0.94185
102	2	0.9577
103	2	0.93081
104	2	0.94234
106	2	0.93654
107	2	0.95016
108	2	0.93539
110	2	0.95875
111	2	0.93483
115	2	0.94556
116	2	0.96638
129	2	0.93894
132	2	0.94498
134	2	0.95391
142	2	0.93288
143	2	0.89803
145	2	0.96964
146	2	0.93677
148	2	0.95363
150	2	0.94098
4	3	0.94538
7	3	0.86238
8	3	0.86695
10	3	0.56133
11	3	0.75834
14	3	0.89101
17	3	0.89536
30	3	0.87382
39	3	0.85616
43	3	0.92277
45	3	0.8724
48	3	0.88519
49	3	0.86917
50	3	0.92188
53	3	0.84928
59	3	0.86332
67	3	0.87655
68	3	0.88643
70	3	0.85978
71	3	0.89343
82	3	0.85388
83	3	0.85661
86	3	0.85496
90	3	0.88279
91	3	0.8642
94	3	0.87309
95	3	0.84377
97	3	0.85973
101	3	0.86069
106	3	0.88632
108	3	0.86409
109	3	0.86609
112	3	0.89911
113	3	0.88718
114	3	0.86993
120	3	0.85728
123	3	0.86924
124	3	0.90224
125	3	0.88821
126	3	0.93118
127	3	0.89436
128	3	0.85439
129	3	0.84728
130	3	0.86071
132	3	0.85211
135	3	0.88622
136	3	0.86589
138	3	0.86205
139	3	0.91999
141	3	0.89871
142	3	0.84641
143	3	0.85841
149	3	0.62865
3	4	0.94538
7	4	0.92013
8	4	0.82599
11	4	0.6262
14	4	0.96436
17	4	0.91198
23	4	0.92385
30	4	0.91168
39	4	0.96046
43	4	0.97126
45	4	0.94605
48	4	0.95993
49	4	0.91191
50	4	0.88487
58	4	0.91608
59	4	0.93325
64	4	0.94962
67	4	0.94844
68	4	0.97695
71	4	0.97554
82	4	0.91815
83	4	0.9397
86	4	0.92887
89	4	0.91536
90	4	0.96218
91	4	0.93468
92	4	0.92798
94	4	0.93265
97	4	0.95137
105	4	0.86388
108	4	0.9295
109	4	0.93966
112	4	0.96838
113	4	0.95355
114	4	0.94662
117	4	0.91022
118	4	0.93196
119	4	0.93478
120	4	0.95164
121	4	0.69551
123	4	0.95552
124	4	0.93536
125	4	0.96928
126	4	0.97216
127	4	0.96533
128	4	0.94516
130	4	0.95091
133	4	0.9125
135	4	0.94683
136	4	0.95973
137	4	0.84814
138	4	0.95039
139	4	0.96167
141	4	0.95476
142	4	0.91898
147	4	0.92565
149	4	0.67302
2	5	0.93637
8	5	0.85533
9	5	0.90934
12	5	0.93808
13	5	0.94657
15	5	0.96709
16	5	0.95493
18	5	0.98059
19	5	0.87199
20	5	0.92785
21	5	0.90553
22	5	0.80481
24	5	0.94925
26	5	0.9475
28	5	0.83672
29	5	0.93167
32	5	0.92331
33	5	0.98119
34	5	0.92556
35	5	0.93232
36	5	0.91707
37	5	0.98525
38	5	0.97862
40	5	0.90911
41	5	0.93847
42	5	0.90695
44	5	0.94351
46	5	0.95547
47	5	0.95101
52	5	0.96113
56	5	0.94047
57	5	0.93497
60	5	0.97852
62	5	0.92783
66	5	0.96673
69	5	0.96619
72	5	0.90957
73	5	0.85464
74	5	0.96701
75	5	0.92684
77	5	0.9782
78	5	0.92917
80	5	0.94495
81	5	0.92653
82	5	0.93553
84	5	0.98081
85	5	0.91447
93	5	0.96528
94	5	0.93322
95	5	0.95616
96	5	0.95666
99	5	0.98435
101	5	0.93168
102	5	0.98516
103	5	0.97431
104	5	0.91885
110	5	0.98228
115	5	0.932
116	5	0.96035
132	5	0.94391
134	5	0.97084
140	5	0.94291
146	5	0.93715
148	5	0.93846
150	5	0.96552
7	6	0.95282
10	6	0.64407
12	6	0.95639
13	6	0.94613
20	6	0.92434
25	6	0.91502
27	6	0.89417
28	6	0.83594
30	6	0.98665
31	6	0.89909
32	6	0.92479
39	6	0.92604
41	6	0.93566
43	6	0.95739
44	6	0.97124
47	6	0.89951
48	6	0.94076
51	6	0.98346
54	6	0.97178
55	6	0.9579
57	6	0.88009
58	6	0.88646
59	6	0.95796
60	6	0.94957
61	6	0.9476
63	6	0.91434
65	6	0.97243
68	6	0.95182
69	6	0.96249
70	6	0.9192
71	6	0.93718
72	6	0.9308
75	6	0.95947
77	6	0.93269
78	6	0.94395
79	6	0.94714
80	6	0.9466
81	6	0.93605
82	6	0.95087
83	6	0.94656
87	6	0.92124
88	6	0.93716
89	6	0.97559
90	6	0.95944
91	6	0.95014
92	6	0.93617
94	6	0.95589
95	6	0.96726
97	6	0.95037
98	6	0.95411
100	6	0.93512
101	6	0.94762
105	6	0.8482
106	6	0.95311
107	6	0.95639
108	6	0.97436
109	6	0.9672
110	6	0.94443
111	6	0.95169
112	6	0.96469
114	6	0.95403
115	6	0.96835
118	6	0.93284
119	6	0.93873
122	6	0.97439
123	6	0.95181
124	6	0.93892
125	6	0.95208
127	6	0.94881
129	6	0.95046
130	6	0.95883
131	6	0.96837
132	6	0.98059
133	6	0.86802
134	6	0.9515
138	6	0.95263
139	6	0.93323
140	6	0.8725
141	6	0.96375
142	6	0.9844
145	6	0.96213
146	6	0.96531
148	6	0.93219
150	6	0.9479
2	7	0.9376
3	7	0.86238
4	7	0.92013
6	7	0.95282
14	7	0.91434
17	7	0.97504
23	7	0.96167
27	7	0.89459
30	7	0.95707
32	7	0.92356
39	7	0.93338
41	7	0.95683
43	7	0.96308
44	7	0.94931
49	7	0.96266
51	7	0.95658
53	7	0.96953
54	7	0.95562
55	7	0.94846
59	7	0.97157
61	7	0.94531
62	7	0.95483
65	7	0.98997
67	7	0.92217
68	7	0.95777
69	7	0.96675
70	7	0.9461
71	7	0.94712
72	7	0.93103
75	7	0.97731
76	7	0.95753
77	7	0.92847
78	7	0.97293
79	7	0.97611
80	7	0.96812
81	7	0.97306
82	7	0.97587
83	7	0.98088
86	7	0.98093
88	7	0.94026
89	7	0.96704
90	7	0.96363
91	7	0.97045
94	7	0.9561
95	7	0.96916
97	7	0.96365
98	7	0.96798
100	7	0.94466
101	7	0.98257
104	7	0.93031
105	7	0.85492
106	7	0.96214
107	7	0.9735
108	7	0.97688
109	7	0.96816
110	7	0.94076
111	7	0.9856
112	7	0.96586
113	7	0.97359
114	7	0.97621
115	7	0.97573
116	7	0.96782
117	7	0.8429
118	7	0.96722
119	7	0.94731
120	7	0.96095
121	7	0.74174
122	7	0.98258
123	7	0.97674
124	7	0.94136
125	7	0.94085
126	7	0.9598
127	7	0.95617
128	7	0.871
129	7	0.98459
130	7	0.96405
131	7	0.95786
132	7	0.97901
133	7	0.88775
135	7	0.90904
136	7	0.91308
137	7	0.86302
138	7	0.97759
139	7	0.96042
141	7	0.95732
143	7	0.90245
144	7	0.81882
145	7	0.95209
146	7	0.97733
147	7	0.88303
148	7	0.95365
149	7	0.46005
3	8	0.86695
4	8	0.82599
5	8	0.85533
11	8	0.6315
13	8	0.81469
15	8	0.85486
18	8	0.89838
24	8	0.85235
30	8	0.846
32	8	0.87938
33	8	0.82571
38	8	0.87955
41	8	0.88207
43	8	0.82364
47	8	0.9268
50	8	0.91671
52	8	0.82342
54	8	0.82685
56	8	0.8231
57	8	0.83993
60	8	0.82108
66	8	0.87556
67	8	0.82736
70	8	0.81643
72	8	0.85596
73	8	0.87302
77	8	0.8304
82	8	0.8574
83	8	0.82499
94	8	0.90244
95	8	0.86224
101	8	0.86825
105	8	0.86912
106	8	0.86454
109	8	0.85575
110	8	0.8414
112	8	0.85438
114	8	0.81371
116	8	0.81761
124	8	0.9168
125	8	0.83239
126	8	0.81638
128	8	0.83392
132	8	0.82562
134	8	0.81896
139	8	0.88327
140	8	0.89827
141	8	0.89432
142	8	0.83478
147	8	0.82917
150	8	0.86687
2	9	0.85137
5	9	0.90934
12	9	0.86501
13	9	0.93443
15	9	0.96249
16	9	0.90392
18	9	0.89667
19	9	0.92705
20	9	0.91711
21	9	0.96591
22	9	0.8781
24	9	0.96529
25	9	0.82569
26	9	0.85511
28	9	0.94196
29	9	0.9301
32	9	0.85627
33	9	0.94398
34	9	0.93127
35	9	0.90545
36	9	0.90767
37	9	0.91028
38	9	0.91864
40	9	0.97269
42	9	0.94411
46	9	0.97256
47	9	0.8424
51	9	0.83118
52	9	0.95019
56	9	0.9359
57	9	0.92179
60	9	0.91524
63	9	0.84239
66	9	0.95043
69	9	0.85684
73	9	0.8205
74	9	0.9699
77	9	0.84834
84	9	0.92797
85	9	0.98594
93	9	0.94775
95	9	0.84039
96	9	0.9471
99	9	0.92468
102	9	0.85839
103	9	0.85391
110	9	0.87337
116	9	0.84211
134	9	0.89039
142	9	0.8247
150	9	0.89535
3	10	0.56133
6	10	0.64407
23	10	0.54758
30	10	0.64775
31	10	0.55367
43	10	0.57032
44	10	0.58404
45	10	0.5481
48	10	0.57205
51	10	0.598
53	10	0.59681
55	10	0.60912
57	10	0.5701
59	10	0.6
60	10	0.54353
61	10	0.5503
63	10	0.55962
65	10	0.5618
67	10	0.56223
68	10	0.56319
69	10	0.54394
71	10	0.54198
75	10	0.5493
76	10	0.57942
77	10	0.55564
86	10	0.57559
87	10	0.55451
88	10	0.68761
89	10	0.62636
90	10	0.55634
91	10	0.60734
92	10	0.56965
98	10	0.56361
106	10	0.55206
107	10	0.56989
108	10	0.56545
109	10	0.55646
113	10	0.55694
119	10	0.58065
122	10	0.5632
123	10	0.55536
125	10	0.58401
130	10	0.58596
131	10	0.65784
132	10	0.56818
133	10	0.60613
142	10	0.60162
143	10	0.5441
144	10	0.65578
145	10	0.54532
3	11	0.75834
4	11	0.6262
8	11	0.6315
14	11	0.61429
17	11	0.60144
30	11	0.5492
34	11	0.51715
38	11	0.53206
43	11	0.55748
44	11	0.51589
45	11	0.55725
47	11	0.56563
48	11	0.55551
49	11	0.54197
50	11	0.74416
53	11	0.52324
57	11	0.60799
63	11	0.53831
66	11	0.53159
68	11	0.51599
72	11	0.56908
73	11	0.76611
76	11	0.56092
77	11	0.54422
82	11	0.51434
90	11	0.52742
91	11	0.54159
94	11	0.53538
95	11	0.51612
97	11	0.52655
101	11	0.52382
106	11	0.55804
108	11	0.51601
110	11	0.55254
112	11	0.56968
113	11	0.55515
114	11	0.53155
116	11	0.55017
124	11	0.55998
125	11	0.51757
126	11	0.58907
127	11	0.52279
132	11	0.51535
135	11	0.58382
139	11	0.57776
141	11	0.59917
142	11	0.53631
143	11	0.61333
144	11	0.59248
150	11	0.55598
2	12	0.95563
5	12	0.93808
6	12	0.95639
9	12	0.86501
13	12	0.97195
14	12	0.93311
15	12	0.92321
19	12	0.912
20	12	0.98049
21	12	0.89349
22	12	0.72462
24	12	0.91824
25	12	0.94245
26	12	0.94169
27	12	0.92663
28	12	0.89094
29	12	0.86789
31	12	0.90033
32	12	0.93968
33	12	0.92868
34	12	0.92452
36	12	0.95986
37	12	0.93194
38	12	0.97245
40	12	0.86988
41	12	0.93251
42	12	0.93531
44	12	0.96073
45	12	0.94233
46	12	0.94903
48	12	0.95388
51	12	0.98187
52	12	0.88921
54	12	0.95821
55	12	0.97528
57	12	0.90242
58	12	0.9308
60	12	0.95811
61	12	0.92912
62	12	0.93198
63	12	0.94708
65	12	0.9465
66	12	0.93444
69	12	0.96436
73	12	0.83638
74	12	0.93478
75	12	0.97124
78	12	0.95747
79	12	0.94671
80	12	0.96964
81	12	0.93227
82	12	0.95959
84	12	0.96048
85	12	0.90058
87	12	0.97225
89	12	0.9588
90	12	0.96164
91	12	0.94644
92	12	0.94811
93	12	0.89462
94	12	0.96787
95	12	0.98274
96	12	0.97377
97	12	0.96439
98	12	0.9609
100	12	0.97612
101	12	0.94615
102	12	0.94758
103	12	0.90035
106	12	0.95042
107	12	0.95518
108	12	0.97303
109	12	0.94772
110	12	0.94889
111	12	0.9426
112	12	0.95339
114	12	0.96258
116	12	0.96814
122	12	0.94522
132	12	0.97199
134	12	0.98409
141	12	0.96388
142	12	0.98242
143	12	0.93629
144	12	0.79418
145	12	0.94735
146	12	0.95471
150	12	0.94492
2	13	0.95484
5	13	0.94657
6	13	0.94613
8	13	0.81469
9	13	0.93443
12	13	0.97195
15	13	0.96627
16	13	0.89441
18	13	0.9424
19	13	0.94482
20	13	0.98157
21	13	0.93321
22	13	0.8161
24	13	0.96823
25	13	0.94208
26	13	0.93225
27	13	0.91987
28	13	0.94062
29	13	0.89056
32	13	0.95293
33	13	0.96779
34	13	0.93687
35	13	0.85642
36	13	0.93768
37	13	0.95153
38	13	0.98207
40	13	0.93503
42	13	0.97555
46	13	0.98196
47	13	0.90511
51	13	0.96644
52	13	0.93679
54	13	0.95582
55	13	0.93976
56	13	0.92313
57	13	0.94769
60	13	0.97949
63	13	0.94672
66	13	0.97256
69	13	0.96565
72	13	0.9084
73	13	0.85901
74	13	0.96702
75	13	0.9519
77	13	0.93118
82	13	0.93156
84	13	0.97301
85	13	0.96121
87	13	0.92175
93	13	0.94189
94	13	0.93879
95	13	0.96528
96	13	0.99062
99	13	0.94883
102	13	0.93816
103	13	0.90482
105	13	0.84193
110	13	0.95496
116	13	0.95688
132	13	0.94
134	13	0.97282
142	13	0.9616
145	13	0.94185
148	13	0.93131
150	13	0.97235
3	14	0.89101
4	14	0.96436
7	14	0.91434
11	14	0.61429
12	14	0.93311
23	14	0.92748
25	14	0.90366
39	14	0.91943
43	14	0.9503
45	14	0.99346
48	14	0.986
50	14	0.84873
51	14	0.91934
53	14	0.93154
55	14	0.95814
58	14	0.96536
59	14	0.91538
63	14	0.91285
64	14	0.93
67	14	0.91461
68	14	0.95824
71	14	0.95352
75	14	0.92124
82	14	0.91861
83	14	0.91234
86	14	0.91992
87	14	0.96156
88	14	0.92018
89	14	0.94507
90	14	0.97684
91	14	0.9669
92	14	0.9702
94	14	0.92579
95	14	0.91198
97	14	0.97882
100	14	0.92491
108	14	0.94948
109	14	0.93442
112	14	0.94826
113	14	0.9422
114	14	0.95928
123	14	0.95521
125	14	0.94657
126	14	0.96712
127	14	0.93643
128	14	0.87904
130	14	0.93627
131	14	0.9136
132	14	0.92375
135	14	0.95632
136	14	0.90216
137	14	0.86249
138	14	0.94924
139	14	0.92098
141	14	0.94648
142	14	0.94317
143	14	0.9275
144	14	0.82586
147	14	0.87501
149	14	0.51958
2	15	0.93036
5	15	0.96709
8	15	0.85486
9	15	0.96249
12	15	0.92321
13	15	0.96627
16	15	0.94931
18	15	0.96475
19	15	0.89695
20	15	0.93276
21	15	0.95483
22	15	0.86258
24	15	0.96934
26	15	0.8993
28	15	0.89669
29	15	0.93872
32	15	0.92353
33	15	0.98788
34	15	0.96067
35	15	0.93602
36	15	0.91752
37	15	0.96618
38	15	0.97559
40	15	0.96747
41	15	0.90925
42	15	0.93839
46	15	0.97244
47	15	0.92487
52	15	0.98891
56	15	0.96905
57	15	0.96389
60	15	0.95856
66	15	0.97922
69	15	0.9298
73	15	0.8995
74	15	0.99007
77	15	0.92397
84	15	0.96512
85	15	0.96681
93	15	0.96856
94	15	0.90549
95	15	0.93177
96	15	0.97706
99	15	0.97139
101	15	0.8987
102	15	0.94126
103	15	0.9185
106	15	0.89856
110	15	0.94317
116	15	0.93363
134	15	0.9454
148	15	0.91337
150	15	0.96179
2	16	0.90086
5	16	0.95493
9	16	0.90392
13	16	0.89441
15	16	0.94931
18	16	0.95798
21	16	0.85333
22	16	0.90397
24	16	0.91682
26	16	0.86812
29	16	0.90633
32	16	0.85849
33	16	0.96519
34	16	0.88401
35	16	0.98134
37	16	0.96745
38	16	0.92357
40	16	0.89359
41	16	0.87812
42	16	0.87358
46	16	0.91043
47	16	0.91187
52	16	0.95808
56	16	0.97392
57	16	0.91366
60	16	0.92498
62	16	0.86168
66	16	0.92917
69	16	0.90367
72	16	0.8624
73	16	0.82135
74	16	0.94519
77	16	0.9415
80	16	0.85835
81	16	0.85828
84	16	0.92223
85	16	0.8848
93	16	0.95731
95	16	0.87763
96	16	0.89499
99	16	0.98313
101	16	0.85505
102	16	0.93407
103	16	0.95406
104	16	0.92475
110	16	0.93354
115	16	0.86628
116	16	0.89687
134	16	0.88585
140	16	0.87129
148	16	0.9171
150	16	0.92578
3	17	0.89536
4	17	0.91198
7	17	0.97504
11	17	0.60144
30	17	0.94665
41	17	0.94942
43	17	0.95749
44	17	0.93854
49	17	0.955
50	17	0.80414
53	17	0.94984
59	17	0.93679
62	17	0.92411
65	17	0.96269
69	17	0.94422
70	17	0.91078
72	17	0.92226
73	17	0.84505
75	17	0.94631
76	17	0.9626
78	17	0.94286
79	17	0.93465
80	17	0.96497
81	17	0.95687
82	17	0.94213
83	17	0.95591
86	17	0.95405
89	17	0.93661
90	17	0.93901
91	17	0.94411
94	17	0.94626
95	17	0.95984
97	17	0.94419
98	17	0.93653
100	17	0.93897
101	17	0.97067
102	17	0.94023
105	17	0.84568
106	17	0.98126
108	17	0.96364
109	17	0.93646
111	17	0.95096
112	17	0.95115
113	17	0.94261
114	17	0.95685
115	17	0.95113
116	17	0.97258
120	17	0.93095
122	17	0.94681
123	17	0.94804
124	17	0.93063
126	17	0.97064
127	17	0.93496
129	17	0.94996
132	17	0.96197
135	17	0.89294
138	17	0.94859
139	17	0.96694
141	17	0.95169
143	17	0.94314
144	17	0.8055
146	17	0.95383
148	17	0.94964
149	17	0.46608
2	18	0.92058
5	18	0.98059
8	18	0.89838
9	18	0.89667
13	18	0.9424
15	18	0.96475
16	18	0.95798
21	18	0.89376
22	18	0.79136
24	18	0.95569
26	18	0.92835
28	18	0.83344
29	18	0.91626
30	18	0.91185
32	18	0.93278
33	18	0.97405
34	18	0.88609
35	18	0.92898
37	18	0.96859
38	18	0.97254
40	18	0.89504
41	18	0.94582
42	18	0.89486
44	18	0.92987
46	18	0.93953
47	18	0.97415
51	18	0.91381
52	18	0.94964
56	18	0.95888
57	18	0.93823
60	18	0.9628
65	18	0.91127
66	18	0.96802
69	18	0.94817
72	18	0.92416
73	18	0.84762
74	18	0.95236
77	18	0.96812
82	18	0.9237
84	18	0.95419
85	18	0.90852
93	18	0.93673
94	18	0.93527
95	18	0.95006
96	18	0.93781
99	18	0.97516
101	18	0.93004
102	18	0.9598
103	18	0.94377
104	18	0.93033
106	18	0.91811
110	18	0.96438
115	18	0.92395
116	18	0.93669
132	18	0.9289
134	18	0.94779
140	18	0.95106
146	18	0.91419
148	18	0.93469
150	18	0.96954
2	19	0.89642
5	19	0.87199
9	19	0.92705
12	19	0.912
13	19	0.94482
15	19	0.89695
20	19	0.96328
21	19	0.91666
22	19	0.82113
24	19	0.92516
25	19	0.94032
26	19	0.89636
27	19	0.92025
28	19	0.95971
29	19	0.86207
31	19	0.89416
32	19	0.86562
33	19	0.87761
34	19	0.89501
36	19	0.94306
37	19	0.86796
38	19	0.92146
40	19	0.89179
42	19	0.98625
46	19	0.96747
51	19	0.90815
55	19	0.90004
56	19	0.86344
57	19	0.87534
58	19	0.86038
60	19	0.90291
63	19	0.93393
66	19	0.90189
69	19	0.87699
74	19	0.92149
75	19	0.89515
84	19	0.93543
85	19	0.94219
87	19	0.91978
92	19	0.85972
93	19	0.87827
95	19	0.86818
96	19	0.9392
98	19	0.86132
99	19	0.86805
100	19	0.87005
107	19	0.86759
110	19	0.86614
134	19	0.91304
142	19	0.8972
145	19	0.88631
2	20	0.93365
5	20	0.92785
6	20	0.92434
9	20	0.91711
12	20	0.98049
13	20	0.98157
15	20	0.93276
19	20	0.96328
21	20	0.93601
22	20	0.77581
24	20	0.94821
25	20	0.96419
26	20	0.94796
27	20	0.92718
28	20	0.94961
29	20	0.87746
31	20	0.89506
32	20	0.94028
33	20	0.92928
34	20	0.92484
35	20	0.80484
36	20	0.9619
38	20	0.96502
40	20	0.9136
42	20	0.96898
46	20	0.97555
51	20	0.96343
52	20	0.89257
54	20	0.93052
55	20	0.96121
56	20	0.87846
57	20	0.8985
58	20	0.90452
60	20	0.9606
63	20	0.9675
66	20	0.94418
69	20	0.94992
74	20	0.94395
75	20	0.95123
78	20	0.92498
82	20	0.93037
84	20	0.96639
85	20	0.95011
87	20	0.96477
92	20	0.9232
93	20	0.91684
94	20	0.9291
95	20	0.94948
96	20	0.98015
97	20	0.92511
98	20	0.93611
100	20	0.94303
107	20	0.93015
108	20	0.92503
110	20	0.92928
116	20	0.93747
132	20	0.93275
134	20	0.97489
141	20	0.92404
142	20	0.95988
144	20	0.81729
150	20	0.93089
2	21	0.83795
5	21	0.90553
9	21	0.96591
12	21	0.89349
13	21	0.93321
15	21	0.95483
16	21	0.85333
18	21	0.89376
19	21	0.91666
20	21	0.93601
22	21	0.81044
24	21	0.94917
25	21	0.85273
26	21	0.8614
28	21	0.94442
29	21	0.93959
32	21	0.87016
33	21	0.92359
34	21	0.93545
35	21	0.86827
36	21	0.92773
37	21	0.89287
38	21	0.92635
40	21	0.97493
42	21	0.91903
46	21	0.96256
47	21	0.84409
51	21	0.85398
52	21	0.92833
55	21	0.84995
56	21	0.90773
57	21	0.91272
60	21	0.90806
63	21	0.85477
66	21	0.92989
69	21	0.86395
74	21	0.95418
84	21	0.92534
85	21	0.97803
87	21	0.85192
93	21	0.92546
94	21	0.84465
95	21	0.86424
96	21	0.95756
99	21	0.8882
102	21	0.85839
110	21	0.85187
116	21	0.85721
134	21	0.90956
142	21	0.85496
150	21	0.88318
2	22	0.82586
5	22	0.80481
9	22	0.8781
12	22	0.72462
13	22	0.8161
15	22	0.86258
16	22	0.90397
18	22	0.79136
19	22	0.82113
20	22	0.77581
21	22	0.81044
24	22	0.80795
27	22	0.74831
28	22	0.75401
29	22	0.83941
33	22	0.85686
34	22	0.85496
35	22	0.89201
36	22	0.77837
37	22	0.86126
38	22	0.80283
40	22	0.87208
42	22	0.85942
46	22	0.8477
52	22	0.87198
56	22	0.90054
57	22	0.81952
60	22	0.79693
66	22	0.79613
69	22	0.77267
74	22	0.87822
75	22	0.74272
77	22	0.77655
79	22	0.72497
81	22	0.72747
84	22	0.82289
85	22	0.84087
93	22	0.88599
95	22	0.72745
96	22	0.82222
99	22	0.86864
102	22	0.79128
103	22	0.81909
104	22	0.79929
110	22	0.77521
116	22	0.76954
134	22	0.76235
145	22	0.72803
148	22	0.78571
150	22	0.77484
4	23	0.92385
7	23	0.96167
10	23	0.54758
14	23	0.92748
30	23	0.93825
39	23	0.95305
43	23	0.94665
45	23	0.93191
48	23	0.93891
49	23	0.93892
51	23	0.94196
53	23	0.94871
54	23	0.93969
55	23	0.95731
59	23	0.98575
64	23	0.95199
65	23	0.97149
67	23	0.97084
68	23	0.96707
71	23	0.94692
76	23	0.92469
78	23	0.95253
82	23	0.93954
83	23	0.96838
86	23	0.97773
88	23	0.95609
89	23	0.94744
90	23	0.9572
91	23	0.9682
92	23	0.92947
94	23	0.94269
95	23	0.93783
97	23	0.97024
98	23	0.94617
101	23	0.95177
105	23	0.86902
106	23	0.93795
108	23	0.95573
109	23	0.97858
111	23	0.94221
112	23	0.94981
113	23	0.98243
114	23	0.96134
117	23	0.87248
118	23	0.95498
119	23	0.9644
120	23	0.9754
121	23	0.69894
122	23	0.96199
123	23	0.98256
124	23	0.93548
125	23	0.96342
126	23	0.95518
128	23	0.92018
130	23	0.98904
131	23	0.97747
132	23	0.95179
133	23	0.93596
135	23	0.89532
136	23	0.95097
137	23	0.88371
138	23	0.98804
139	23	0.9477
141	23	0.94698
144	23	0.85325
147	23	0.93524
149	23	0.49885
2	24	0.89358
5	24	0.94925
8	24	0.85235
9	24	0.96529
12	24	0.91824
13	24	0.96823
15	24	0.96934
16	24	0.91682
18	24	0.95569
19	24	0.92516
20	24	0.94821
21	24	0.94917
22	24	0.80795
26	24	0.92955
28	24	0.94637
29	24	0.90123
32	24	0.94646
33	24	0.96416
34	24	0.89945
35	24	0.89961
36	24	0.90517
37	24	0.93488
38	24	0.96606
40	24	0.93648
41	24	0.89462
42	24	0.94527
46	24	0.97741
47	24	0.93565
51	24	0.90299
52	24	0.93893
54	24	0.89485
56	24	0.95148
57	24	0.93179
60	24	0.96293
63	24	0.89311
66	24	0.99161
69	24	0.92129
73	24	0.84566
74	24	0.96392
77	24	0.91361
82	24	0.89469
84	24	0.94912
85	24	0.98175
93	24	0.94365
94	24	0.90727
95	24	0.92041
96	24	0.95973
99	24	0.94887
102	24	0.90153
110	24	0.93596
116	24	0.90193
134	24	0.93815
140	24	0.88003
142	24	0.90824
150	24	0.95852
2	25	0.89415
6	25	0.91502
9	25	0.82569
12	25	0.94245
13	25	0.94208
14	25	0.90366
19	25	0.94032
20	25	0.96419
21	25	0.85273
26	25	0.91112
27	25	0.95017
28	25	0.93173
31	25	0.94585
32	25	0.92627
36	25	0.89324
38	25	0.9068
42	25	0.93811
45	25	0.91799
46	25	0.90911
48	25	0.93488
51	25	0.94606
54	25	0.93782
55	25	0.94617
58	25	0.94336
61	25	0.92593
63	25	0.9799
64	25	0.91722
68	25	0.89459
75	25	0.92824
82	25	0.91081
85	25	0.88446
87	25	0.94646
89	25	0.91973
90	25	0.92821
91	25	0.90261
92	25	0.95568
94	25	0.90603
95	25	0.91146
96	25	0.91421
97	25	0.92546
100	25	0.89616
107	25	0.91225
108	25	0.90167
109	25	0.9041
112	25	0.91248
125	25	0.92752
127	25	0.90792
130	25	0.89989
131	25	0.91601
132	25	0.8963
134	25	0.91941
141	25	0.90773
142	25	0.95353
145	25	0.92972
2	26	0.91766
5	26	0.9475
9	26	0.85511
12	26	0.94169
13	26	0.93225
15	26	0.8993
16	26	0.86812
18	26	0.92835
19	26	0.89636
20	26	0.94796
21	26	0.8614
24	26	0.92955
25	26	0.91112
27	26	0.91016
28	26	0.85269
29	26	0.85432
32	26	0.95754
33	26	0.91545
35	26	0.82182
36	26	0.89532
37	26	0.93363
38	26	0.94689
40	26	0.83898
41	26	0.92325
42	26	0.90823
44	26	0.9261
46	26	0.929
47	26	0.89996
51	26	0.941
55	26	0.92907
56	26	0.89422
60	26	0.95173
62	26	0.943
65	26	0.92386
66	26	0.93123
69	26	0.95332
74	26	0.90213
75	26	0.94221
77	26	0.92381
78	26	0.95394
79	26	0.94258
80	26	0.92744
82	26	0.96806
84	26	0.95129
85	26	0.88252
93	26	0.8879
94	26	0.94178
95	26	0.9465
96	26	0.91878
98	26	0.9408
99	26	0.91561
101	26	0.93022
102	26	0.92827
104	26	0.91348
107	26	0.92571
108	26	0.92358
109	26	0.94333
110	26	0.94849
114	26	0.93741
115	26	0.92776
116	26	0.92076
122	26	0.93873
132	26	0.94458
134	26	0.97282
138	26	0.92027
140	26	0.92524
141	26	0.92285
142	26	0.93034
145	26	0.91852
146	26	0.9413
150	26	0.92146
2	27	0.94903
6	27	0.89417
7	27	0.89459
12	27	0.92663
13	27	0.91987
19	27	0.92025
20	27	0.92718
22	27	0.74831
25	27	0.95017
26	27	0.91016
28	27	0.83969
31	27	0.97725
32	27	0.89243
36	27	0.88883
38	27	0.90609
42	27	0.93778
44	27	0.89246
46	27	0.89182
48	27	0.89419
51	27	0.93958
54	27	0.91843
55	27	0.9227
58	27	0.92005
61	27	0.96672
62	27	0.91729
63	27	0.90585
65	27	0.8908
69	27	0.89983
70	27	0.93433
75	27	0.94539
78	27	0.91525
79	27	0.93358
80	27	0.89244
82	27	0.91857
84	27	0.90643
87	27	0.91364
89	27	0.91587
90	27	0.91444
92	27	0.91235
95	27	0.91386
96	27	0.89785
97	27	0.89207
98	27	0.90594
100	27	0.91353
107	27	0.9385
108	27	0.90715
111	27	0.90521
121	27	0.75339
127	27	0.89912
129	27	0.90554
132	27	0.90145
134	27	0.92416
142	27	0.92204
145	27	0.96199
2	28	0.82725
5	28	0.83672
6	28	0.83594
9	28	0.94196
12	28	0.89094
13	28	0.94062
15	28	0.89669
18	28	0.83344
19	28	0.95971
20	28	0.94961
21	28	0.94442
22	28	0.75401
24	28	0.94637
25	28	0.93173
26	28	0.85269
27	28	0.83969
29	28	0.83318
32	28	0.87734
33	28	0.86968
34	28	0.87194
36	28	0.90565
38	28	0.89918
40	28	0.91031
42	28	0.95011
46	28	0.95148
51	28	0.87043
52	28	0.84937
54	28	0.85006
55	28	0.8605
56	28	0.84581
57	28	0.87507
60	28	0.88835
63	28	0.9408
66	28	0.91775
69	28	0.8394
74	28	0.90494
75	28	0.83176
84	28	0.88892
85	28	0.97104
87	28	0.879
92	28	0.83442
93	28	0.86071
94	28	0.82904
95	28	0.84444
96	28	0.9329
99	28	0.83358
110	28	0.82801
134	28	0.87909
141	28	0.82715
142	28	0.88494
150	28	0.86668
2	29	0.84804
5	29	0.93167
9	29	0.9301
12	29	0.86789
13	29	0.89056
15	29	0.93872
16	29	0.90633
18	29	0.91626
19	29	0.86207
20	29	0.87746
21	29	0.93959
22	29	0.83941
24	29	0.90123
26	29	0.85432
28	29	0.83318
33	29	0.92899
34	29	0.92727
35	29	0.90155
36	29	0.92634
37	29	0.93486
38	29	0.91128
40	29	0.92851
42	29	0.88344
44	29	0.84781
46	29	0.93888
47	29	0.83107
51	29	0.8416
52	29	0.93514
56	29	0.90857
57	29	0.89532
60	29	0.89073
66	29	0.8953
69	29	0.85984
74	29	0.96099
77	29	0.86927
80	29	0.84209
84	29	0.92785
85	29	0.90142
93	29	0.91786
95	29	0.85465
96	29	0.92692
99	29	0.9177
100	29	0.84334
102	29	0.90814
103	29	0.89403
110	29	0.86332
116	29	0.85179
134	29	0.9089
140	29	0.83826
150	29	0.8595
3	30	0.87382
4	30	0.91168
6	30	0.98665
7	30	0.95707
8	30	0.846
10	30	0.64775
11	30	0.5492
17	30	0.94665
18	30	0.91185
23	30	0.93825
39	30	0.93104
41	30	0.95011
43	30	0.96635
44	30	0.95857
47	30	0.92206
49	30	0.92681
50	30	0.82212
51	30	0.95635
54	30	0.96225
59	30	0.96996
65	30	0.97471
67	30	0.92985
68	30	0.95231
69	30	0.95013
70	30	0.91942
71	30	0.93799
72	30	0.95361
75	30	0.93843
76	30	0.92056
77	30	0.93279
82	30	0.94297
83	30	0.95786
86	30	0.94887
88	30	0.92492
89	30	0.95407
90	30	0.94554
91	30	0.93991
94	30	0.95814
95	30	0.96126
101	30	0.96041
105	30	0.87582
106	30	0.97058
108	30	0.96396
109	30	0.96941
112	30	0.96786
113	30	0.9477
114	30	0.94742
115	30	0.96293
116	30	0.94414
117	30	0.85753
118	30	0.93788
119	30	0.94258
120	30	0.93272
122	30	0.96792
123	30	0.95177
124	30	0.97092
125	30	0.95357
126	30	0.9357
127	30	0.95002
128	30	0.8729
129	30	0.95117
130	30	0.96235
131	30	0.96545
132	30	0.9736
133	30	0.88546
136	30	0.90943
138	30	0.95322
139	30	0.96027
140	30	0.88855
141	30	0.96865
142	30	0.96357
145	30	0.93503
146	30	0.95594
147	30	0.87595
148	30	0.93692
149	30	0.49336
150	30	0.94589
2	31	0.90052
6	31	0.89909
10	31	0.55367
12	31	0.90033
19	31	0.89416
20	31	0.89506
25	31	0.94585
27	31	0.97725
42	31	0.89708
43	31	0.88781
44	31	0.89204
45	31	0.8994
48	31	0.91359
51	31	0.93688
53	31	0.88427
54	31	0.89264
55	31	0.92757
58	31	0.9399
61	31	0.97139
62	31	0.89534
63	31	0.9023
68	31	0.88502
70	31	0.91677
71	31	0.89514
75	31	0.93257
78	31	0.89374
79	31	0.92289
82	31	0.89377
87	31	0.92113
88	31	0.88577
89	31	0.93697
90	31	0.92761
91	31	0.90237
92	31	0.94322
97	31	0.90132
98	31	0.90482
100	31	0.90292
107	31	0.93895
108	31	0.90761
111	31	0.91072
121	31	0.80998
122	31	0.89356
123	31	0.88811
125	31	0.89326
127	31	0.90025
129	31	0.90347
131	31	0.90099
132	31	0.89279
134	31	0.88464
137	31	0.85088
142	31	0.91902
145	31	0.95747
146	31	0.88386
2	32	0.92052
5	32	0.92331
6	32	0.92479
7	32	0.92356
8	32	0.87938
9	32	0.85627
12	32	0.93968
13	32	0.95293
15	32	0.92353
16	32	0.85849
18	32	0.93278
19	32	0.86562
20	32	0.94028
21	32	0.87016
24	32	0.94646
25	32	0.92627
26	32	0.95754
27	32	0.89243
28	32	0.87734
33	32	0.92698
35	32	0.81853
38	32	0.95445
40	32	0.85828
41	32	0.96311
42	32	0.89908
46	32	0.91466
47	32	0.93715
50	32	0.82514
51	32	0.92929
52	32	0.87138
54	32	0.9659
56	32	0.9099
59	32	0.92942
60	32	0.94927
63	32	0.91004
64	32	0.90412
65	32	0.93383
66	32	0.95597
69	32	0.9467
72	32	0.94364
73	32	0.82693
74	32	0.89856
75	32	0.93022
82	32	0.96768
83	32	0.94636
84	32	0.92111
85	32	0.90776
93	32	0.88231
94	32	0.96861
95	32	0.96198
96	32	0.92764
101	32	0.96373
104	32	0.91875
105	32	0.92532
109	32	0.94874
110	32	0.94123
112	32	0.94431
113	32	0.9223
114	32	0.92319
115	32	0.9213
116	32	0.93405
117	32	0.86211
124	32	0.93986
125	32	0.92446
128	32	0.89115
131	32	0.91866
132	32	0.9308
134	32	0.94919
139	32	0.92831
140	32	0.88988
141	32	0.95705
142	32	0.94083
147	32	0.87733
150	32	0.95956
2	33	0.93617
5	33	0.98119
8	33	0.82571
9	33	0.94398
12	33	0.92868
13	33	0.96779
15	33	0.98788
16	33	0.96519
18	33	0.97405
19	33	0.87761
20	33	0.92928
21	33	0.92359
22	33	0.85686
24	33	0.96416
26	33	0.91545
28	33	0.86968
29	33	0.92899
32	33	0.92698
34	33	0.9423
35	33	0.94841
36	33	0.90205
37	33	0.98801
38	33	0.97293
40	33	0.95035
41	33	0.93241
42	33	0.92777
46	33	0.96485
47	33	0.94342
52	33	0.98321
56	33	0.96363
57	33	0.95701
60	33	0.98125
66	33	0.97933
69	33	0.95997
72	33	0.924
73	33	0.87053
74	33	0.9822
77	33	0.95788
80	33	0.91881
81	33	0.91771
84	33	0.97072
85	33	0.94611
93	33	0.98221
95	33	0.94548
96	33	0.97137
99	33	0.9921
101	33	0.91979
102	33	0.9664
103	33	0.95452
104	33	0.9111
110	33	0.97036
115	33	0.91884
116	33	0.95669
132	33	0.91565
134	33	0.9565
140	33	0.88474
148	33	0.95214
150	33	0.98051
2	34	0.92182
5	34	0.92556
9	34	0.93127
11	34	0.51715
12	34	0.92452
13	34	0.93687
15	34	0.96067
16	34	0.88401
18	34	0.88609
19	34	0.89501
20	34	0.92484
21	34	0.93545
22	34	0.85496
24	34	0.89945
28	34	0.87194
29	34	0.92727
33	34	0.9423
35	34	0.86938
36	34	0.95425
37	34	0.92841
38	34	0.94302
40	34	0.94558
42	34	0.92685
46	34	0.95187
51	34	0.87724
52	34	0.96527
56	34	0.88303
57	34	0.95362
60	34	0.91553
66	34	0.91631
69	34	0.89462
73	34	0.89799
74	34	0.97302
75	34	0.87649
77	34	0.88033
80	34	0.88889
84	34	0.94759
85	34	0.92782
87	34	0.8699
93	34	0.94211
95	34	0.89879
96	34	0.97063
99	34	0.92251
100	34	0.89932
102	34	0.92384
103	34	0.90164
106	34	0.87948
110	34	0.89979
116	34	0.92032
134	34	0.91946
143	34	0.89379
148	34	0.87429
150	34	0.90345
2	35	0.83083
5	35	0.93232
9	35	0.90545
13	35	0.85642
15	35	0.93602
16	35	0.98134
18	35	0.92898
20	35	0.80484
21	35	0.86827
22	35	0.89201
24	35	0.89961
26	35	0.82182
29	35	0.90155
32	35	0.81853
33	35	0.94841
34	35	0.86938
37	35	0.93879
38	35	0.88383
40	35	0.91369
41	35	0.83061
42	35	0.82417
46	35	0.884
47	35	0.89572
52	35	0.95376
56	35	0.95982
57	35	0.89539
60	35	0.89992
66	35	0.90532
69	35	0.86518
72	35	0.83408
73	35	0.79902
74	35	0.92271
77	35	0.90359
81	35	0.82275
84	35	0.89071
85	35	0.88459
93	35	0.96307
95	35	0.82394
96	35	0.86943
99	35	0.95908
101	35	0.80817
102	35	0.89556
103	35	0.91861
104	35	0.86808
110	35	0.89043
116	35	0.8588
134	35	0.84535
140	35	0.84581
148	35	0.86961
150	35	0.89426
2	36	0.91491
5	36	0.91707
9	36	0.90767
12	36	0.95986
13	36	0.93768
15	36	0.91752
19	36	0.94306
20	36	0.9619
21	36	0.92773
22	36	0.77837
24	36	0.90517
25	36	0.89324
26	36	0.89532
27	36	0.88883
28	36	0.90565
29	36	0.92634
33	36	0.90205
34	36	0.95425
37	36	0.90694
38	36	0.94639
40	36	0.88708
42	36	0.94375
44	36	0.91029
45	36	0.88714
46	36	0.96283
51	36	0.92369
52	36	0.89385
55	36	0.92162
57	36	0.89797
58	36	0.88379
60	36	0.91016
63	36	0.89961
66	36	0.90552
69	36	0.89499
74	36	0.95268
75	36	0.90486
80	36	0.91063
84	36	0.94937
85	36	0.91261
87	36	0.95239
93	36	0.88813
95	36	0.91377
96	36	0.96329
98	36	0.89815
100	36	0.9381
102	36	0.91077
108	36	0.89498
110	36	0.89193
116	36	0.90045
132	36	0.89573
134	36	0.94722
142	36	0.91745
143	36	0.90686
2	37	0.94992
5	37	0.98525
9	37	0.91028
12	37	0.93194
13	37	0.95153
15	37	0.96618
16	37	0.96745
18	37	0.96859
19	37	0.86796
21	37	0.89287
22	37	0.86126
24	37	0.93488
26	37	0.93363
29	37	0.93486
33	37	0.98801
34	37	0.92841
35	37	0.93879
36	37	0.90694
38	37	0.96588
40	37	0.91818
41	37	0.93476
42	37	0.917
44	37	0.92879
46	37	0.95067
47	37	0.92192
51	37	0.92456
52	37	0.9608
56	37	0.95312
57	37	0.92384
60	37	0.97406
62	37	0.92438
66	37	0.95196
69	37	0.96921
72	37	0.90451
73	37	0.82116
74	37	0.97089
75	37	0.92802
77	37	0.96712
78	37	0.93189
79	37	0.92797
80	37	0.94654
81	37	0.93916
84	37	0.97248
85	37	0.90679
93	37	0.96995
95	37	0.95069
96	37	0.95658
98	37	0.92432
99	37	0.99005
101	37	0.92615
102	37	0.98423
103	37	0.97429
104	37	0.93372
110	37	0.97295
115	37	0.94112
116	37	0.96289
132	37	0.93191
134	37	0.9662
140	37	0.89747
146	37	0.92962
148	37	0.96186
150	37	0.96172
2	38	0.96663
5	38	0.97862
8	38	0.87955
9	38	0.91864
11	38	0.53206
12	38	0.97245
13	38	0.98207
15	38	0.97559
16	38	0.92357
18	38	0.97254
19	38	0.92146
20	38	0.96502
21	38	0.92635
22	38	0.80283
24	38	0.96606
25	38	0.9068
26	38	0.94689
27	38	0.90609
28	38	0.89918
29	38	0.91128
32	38	0.95445
33	38	0.97293
34	38	0.94302
35	38	0.88383
36	38	0.94639
37	38	0.96588
40	38	0.91375
41	38	0.94612
42	38	0.95109
44	38	0.95396
46	38	0.97521
47	38	0.93856
50	38	0.82623
51	38	0.95843
52	38	0.95199
54	38	0.93966
55	38	0.93819
56	38	0.93558
57	38	0.95569
60	38	0.97727
62	38	0.9295
63	38	0.90685
66	38	0.9785
69	38	0.96751
70	38	0.91073
72	38	0.91188
73	38	0.89201
74	38	0.97453
75	38	0.95532
77	38	0.95951
80	38	0.94697
82	38	0.95506
84	38	0.98129
85	38	0.94235
87	38	0.92215
93	38	0.94342
94	38	0.96365
95	38	0.98066
96	38	0.98229
99	38	0.96413
101	38	0.94708
102	38	0.96686
103	38	0.93899
104	38	0.9153
106	38	0.94484
110	38	0.97443
116	38	0.96862
132	38	0.95622
134	38	0.97884
140	38	0.90764
141	38	0.9495
142	38	0.95794
143	38	0.90126
145	38	0.93656
148	38	0.93751
150	38	0.97567
3	39	0.85616
4	39	0.96046
6	39	0.92604
7	39	0.93338
14	39	0.91943
23	39	0.95305
30	39	0.93104
43	39	0.97141
45	39	0.91583
48	39	0.94047
49	39	0.92885
50	39	0.81574
54	39	0.95261
58	39	0.90563
59	39	0.95581
61	39	0.92894
64	39	0.97658
65	39	0.92964
67	39	0.97043
68	39	0.98299
71	39	0.98664
83	39	0.95814
86	39	0.94966
89	39	0.93056
90	39	0.95773
91	39	0.9253
92	39	0.93774
94	39	0.93025
97	39	0.95473
101	39	0.92123
105	39	0.91187
108	39	0.93155
109	39	0.94293
112	39	0.97071
113	39	0.94953
114	39	0.93234
117	39	0.94691
118	39	0.94761
119	39	0.95355
120	39	0.97058
121	39	0.70953
122	39	0.92228
123	39	0.96637
124	39	0.9354
125	39	0.98133
126	39	0.94845
127	39	0.98268
128	39	0.95923
130	39	0.97062
131	39	0.93287
133	39	0.93961
135	39	0.8885
136	39	0.98624
137	39	0.8446
138	39	0.95698
139	39	0.95916
141	39	0.94091
142	39	0.92759
147	39	0.91057
149	39	0.68185
2	40	0.85251
5	40	0.90911
9	40	0.97269
12	40	0.86988
13	40	0.93503
15	40	0.96747
16	40	0.89359
18	40	0.89504
19	40	0.89179
20	40	0.9136
21	40	0.97493
22	40	0.87208
24	40	0.93648
26	40	0.83898
28	40	0.91031
29	40	0.92851
32	40	0.85828
33	40	0.95035
34	40	0.94558
35	40	0.91369
36	40	0.88708
37	40	0.91818
38	40	0.91375
42	40	0.91932
46	40	0.95369
47	40	0.84391
51	40	0.83802
52	40	0.96004
56	40	0.93202
57	40	0.92671
60	40	0.92108
63	40	0.82947
66	40	0.92891
69	40	0.87942
73	40	0.82488
74	40	0.95867
77	40	0.85064
84	40	0.93108
85	40	0.97206
93	40	0.96139
95	40	0.85279
96	40	0.95545
99	40	0.92145
102	40	0.87474
103	40	0.84914
110	40	0.86862
116	40	0.87228
134	40	0.89992
142	40	0.82492
148	40	0.83896
150	40	0.90035
5	41	0.93847
6	41	0.93566
7	41	0.95683
8	41	0.88207
12	41	0.93251
15	41	0.90925
16	41	0.87812
17	41	0.94942
18	41	0.94582
24	41	0.89462
26	41	0.92325
30	41	0.95011
32	41	0.96311
33	41	0.93241
35	41	0.83061
37	41	0.93476
38	41	0.94612
47	41	0.95657
49	41	0.94542
50	41	0.80239
52	41	0.88059
54	41	0.96074
56	41	0.88309
59	41	0.93604
60	41	0.9411
62	41	0.92947
65	41	0.96124
66	41	0.9303
69	41	0.9565
70	41	0.92517
72	41	0.9724
73	41	0.84217
77	41	0.93748
78	41	0.935
80	41	0.94848
81	41	0.93631
82	41	0.96996
83	41	0.97424
94	41	0.97882
95	41	0.97832
99	41	0.92229
101	41	0.98899
102	41	0.94506
103	41	0.90347
104	41	0.93658
105	41	0.92173
106	41	0.96009
108	41	0.93733
109	41	0.95365
110	41	0.96021
112	41	0.95724
114	41	0.94452
115	41	0.96916
116	41	0.964
117	41	0.86251
120	41	0.93478
122	41	0.94592
124	41	0.96751
128	41	0.87911
129	41	0.93922
132	41	0.95717
134	41	0.94094
138	41	0.93611
139	41	0.96521
140	41	0.91646
141	41	0.96526
146	41	0.94746
147	41	0.87752
148	41	0.96495
150	41	0.96798
2	42	0.94147
5	42	0.90695
9	42	0.94411
12	42	0.93531
13	42	0.97555
15	42	0.93839
16	42	0.87358
18	42	0.89486
19	42	0.98625
20	42	0.96898
21	42	0.91903
22	42	0.85942
24	42	0.94527
25	42	0.93811
26	42	0.90823
27	42	0.93778
28	42	0.95011
29	42	0.88344
31	42	0.89708
32	42	0.89908
33	42	0.92777
34	42	0.92685
35	42	0.82417
36	42	0.94375
37	42	0.917
38	42	0.95109
40	42	0.91932
46	42	0.98171
51	42	0.93186
52	42	0.90801
54	42	0.89433
55	42	0.90393
56	42	0.9066
57	42	0.91663
60	42	0.93707
63	42	0.93541
66	42	0.93693
69	42	0.91611
74	42	0.95521
75	42	0.92232
84	42	0.95914
85	42	0.95408
87	42	0.90857
93	42	0.91429
95	42	0.90879
96	42	0.96668
99	42	0.91788
107	42	0.89618
110	42	0.91091
116	42	0.89785
134	42	0.93908
142	42	0.91846
145	42	0.92456
150	42	0.91217
3	43	0.92277
4	43	0.97126
6	43	0.95739
7	43	0.96308
8	43	0.82364
10	43	0.57032
11	43	0.55748
14	43	0.9503
17	43	0.95749
23	43	0.94665
30	43	0.96635
31	43	0.88781
39	43	0.97141
44	43	0.94543
45	43	0.94968
48	43	0.96978
49	43	0.93064
50	43	0.85751
54	43	0.95503
58	43	0.9288
59	43	0.9579
61	43	0.95272
64	43	0.93491
65	43	0.95472
67	43	0.95011
68	43	0.98481
70	43	0.94358
71	43	0.99062
83	43	0.96038
86	43	0.9633
88	43	0.9229
89	43	0.96778
90	43	0.98475
91	43	0.96062
92	43	0.94762
94	43	0.96121
95	43	0.95412
97	43	0.97266
101	43	0.94955
105	43	0.87491
106	43	0.96636
108	43	0.97713
109	43	0.96181
111	43	0.94795
112	43	0.98677
113	43	0.95692
114	43	0.96748
117	43	0.88282
118	43	0.95619
119	43	0.94951
120	43	0.95441
121	43	0.70676
122	43	0.95592
123	43	0.9775
124	43	0.95209
125	43	0.97558
126	43	0.98405
127	43	0.98957
128	43	0.91174
129	43	0.9541
130	43	0.96718
131	43	0.94922
132	43	0.96242
133	43	0.91364
135	43	0.92578
136	43	0.94811
137	43	0.85348
138	43	0.96889
139	43	0.97781
141	43	0.97238
142	43	0.96332
143	43	0.91462
145	43	0.94006
147	43	0.88844
149	43	0.59913
2	44	0.94312
5	44	0.94351
6	44	0.97124
7	44	0.94931
10	44	0.58404
11	44	0.51589
12	44	0.96073
17	44	0.93854
18	44	0.92987
26	44	0.9261
27	44	0.89246
29	44	0.84781
30	44	0.95857
31	44	0.89204
36	44	0.91029
37	44	0.92879
38	44	0.95396
43	44	0.94543
45	44	0.91437
47	44	0.8979
48	44	0.93755
51	44	0.97755
53	44	0.96479
55	44	0.95825
57	44	0.89628
60	44	0.94679
61	44	0.93387
62	44	0.95896
65	44	0.95693
69	44	0.96307
70	44	0.92284
74	44	0.8985
75	44	0.96869
77	44	0.96535
78	44	0.95733
79	44	0.96262
80	44	0.9783
81	44	0.93734
82	44	0.95684
84	44	0.94609
87	44	0.93525
88	44	0.92267
89	44	0.96888
90	44	0.95488
91	44	0.94997
94	44	0.95381
95	44	0.97257
98	44	0.9689
99	44	0.91654
100	44	0.95889
102	44	0.96636
103	44	0.94275
106	44	0.94941
107	44	0.95869
108	44	0.98202
109	44	0.95224
110	44	0.96263
111	44	0.96054
112	44	0.94043
114	44	0.96321
115	44	0.97172
116	44	0.95799
122	44	0.97484
129	44	0.96195
131	44	0.94079
132	44	0.98941
134	44	0.96065
140	44	0.91113
141	44	0.95087
142	44	0.96785
143	44	0.9309
145	44	0.95876
146	44	0.98729
148	44	0.93527
150	44	0.93601
3	45	0.8724
4	45	0.94605
10	45	0.5481
11	45	0.55725
12	45	0.94233
14	45	0.99346
23	45	0.93191
25	45	0.91799
31	45	0.8994
36	45	0.88714
39	45	0.91583
43	45	0.94968
44	45	0.91437
48	45	0.99138
50	45	0.83816
51	45	0.93674
53	45	0.93865
55	45	0.97233
58	45	0.97228
63	45	0.91434
64	45	0.92423
67	45	0.91738
68	45	0.95079
71	45	0.95069
75	45	0.93036
82	45	0.91558
86	45	0.91913
87	45	0.97279
88	45	0.92694
89	45	0.95361
90	45	0.97876
91	45	0.96909
92	45	0.97905
94	45	0.92538
95	45	0.91868
97	45	0.98024
98	45	0.9225
100	45	0.9418
107	45	0.91683
108	45	0.9543
109	45	0.93499
112	45	0.94035
113	45	0.93425
114	45	0.95473
122	45	0.91452
123	45	0.95502
125	45	0.94589
126	45	0.96173
127	45	0.93372
130	45	0.93602
131	45	0.92718
132	45	0.93017
133	45	0.86501
135	45	0.94017
137	45	0.87661
138	45	0.94669
141	45	0.93904
142	45	0.95041
143	45	0.92809
144	45	0.81661
149	45	0.48344
2	46	0.92913
5	46	0.95547
9	46	0.97256
12	46	0.94903
13	46	0.98196
15	46	0.97244
16	46	0.91043
18	46	0.93953
19	46	0.96747
20	46	0.97555
21	46	0.96256
22	46	0.8477
24	46	0.97741
25	46	0.90911
26	46	0.929
27	46	0.89182
28	46	0.95148
29	46	0.93888
32	46	0.91466
33	46	0.96485
34	46	0.95187
35	46	0.884
36	46	0.96283
37	46	0.95067
38	46	0.97521
40	46	0.95369
42	46	0.98171
51	46	0.93336
52	46	0.95031
55	46	0.91009
56	46	0.93326
57	46	0.94668
60	46	0.96632
63	46	0.91419
66	46	0.97122
69	46	0.93568
73	46	0.84122
74	46	0.98529
75	46	0.91539
77	46	0.91994
84	46	0.98096
85	46	0.97839
87	46	0.91227
93	46	0.95478
95	46	0.92867
96	46	0.98721
99	46	0.95191
102	46	0.92946
103	46	0.91117
110	46	0.93815
116	46	0.92099
134	46	0.96283
142	46	0.9249
150	46	0.94195
5	47	0.95101
6	47	0.89951
8	47	0.9268
9	47	0.8424
11	47	0.56563
13	47	0.90511
15	47	0.92487
16	47	0.91187
18	47	0.97415
21	47	0.84409
24	47	0.93565
26	47	0.89996
29	47	0.83107
30	47	0.92206
32	47	0.93715
33	47	0.94342
35	47	0.89572
37	47	0.92192
38	47	0.93856
40	47	0.84391
41	47	0.95657
44	47	0.8979
50	47	0.8058
52	47	0.90928
54	47	0.89573
56	47	0.91177
57	47	0.90494
60	47	0.94452
65	47	0.90235
66	47	0.95654
69	47	0.92601
72	47	0.96337
73	47	0.8542
74	47	0.89465
77	47	0.94741
82	47	0.91604
83	47	0.90016
84	47	0.90314
85	47	0.87362
93	47	0.90305
94	47	0.93561
95	47	0.93151
99	47	0.93972
101	47	0.93417
102	47	0.92109
103	47	0.90449
104	47	0.90077
105	47	0.86208
106	47	0.9072
109	47	0.91453
110	47	0.95053
115	47	0.90954
116	47	0.91902
124	47	0.94242
132	47	0.91186
134	47	0.90744
139	47	0.89756
140	47	0.95494
141	47	0.92536
148	47	0.91801
150	47	0.96884
3	48	0.88519
4	48	0.95993
6	48	0.94076
10	48	0.57205
11	48	0.55551
12	48	0.95388
14	48	0.986
23	48	0.93891
25	48	0.93488
27	48	0.89419
31	48	0.91359
39	48	0.94047
43	48	0.96978
44	48	0.93755
45	48	0.99138
50	48	0.8603
51	48	0.9554
53	48	0.93699
55	48	0.97467
58	48	0.97072
59	48	0.9346
61	48	0.93003
63	48	0.9268
64	48	0.94232
67	48	0.93562
68	48	0.9698
71	48	0.96751
75	48	0.94019
82	48	0.93849
87	48	0.97
88	48	0.93125
89	48	0.96559
90	48	0.98991
91	48	0.96872
92	48	0.98624
94	48	0.95211
95	48	0.94054
97	48	0.98237
100	48	0.93602
108	48	0.96778
109	48	0.95805
112	48	0.96676
113	48	0.94391
114	48	0.96604
117	48	0.82805
119	48	0.92818
122	48	0.936
123	48	0.96375
125	48	0.97157
126	48	0.96264
127	48	0.95937
128	48	0.88883
130	48	0.95607
131	48	0.94647
132	48	0.94989
133	48	0.88229
135	48	0.92969
136	48	0.91353
137	48	0.85628
