6	2	0.94812
7	2	0.97375
11	2	0.94154
20	2	0.94755
25	2	0.98213
26	2	0.93192
30	2	0.95125
31	2	0.95296
34	2	0.95731
35	2	0.96191
37	2	0.95098
39	2	0.95144
41	2	0.9531
45	2	0.94449
53	2	0.94073
55	2	0.96654
60	2	0.94945
63	2	0.94102
68	2	0.95383
70	2	0.94772
71	2	0.9408
75	2	0.95603
76	2	0.96463
78	2	0.93937
79	2	0.95037
80	2	0.93109
81	2	0.97755
83	2	0.94294
87	2	0.94562
88	2	0.94777
94	2	0.9637
98	2	0.94692
99	2	0.9823
100	2	0.95429
102	2	0.95531
107	2	0.96485
109	2	0.96847
114	2	0.95412
115	2	0.93831
118	2	0.95186
120	2	0.95573
121	2	0.94968
123	2	0.94315
126	2	0.92767
129	2	0.95712
132	2	0.96134
134	2	0.96153
135	2	0.96587
138	2	0.9597
140	2	0.93585
142	2	0.95421
146	2	0.96039
147	2	0.95357
148	2	0.95818
149	2	0.7624
4	3	0.91216
8	3	0.80676
10	3	0.89056
13	3	0.85655
14	3	0.84971
15	3	0.82328
16	3	0.84343
17	3	0.85257
18	3	0.7834
19	3	0.79384
21	3	0.75261
23	3	0.80662
24	3	0.79611
27	3	0.78627
32	3	0.81951
33	3	0.80737
38	3	0.84603
43	3	0.85403
48	3	0.82016
50	3	0.81323
51	3	0.8094
54	3	0.82032
57	3	0.91873
58	3	0.80884
59	3	0.77669
61	3	0.83334
64	3	0.83149
72	3	0.78509
73	3	0.79259
74	3	0.78346
82	3	0.81576
85	3	0.80292
86	3	0.77906
92	3	0.79155
93	3	0.79008
95	3	0.87428
96	3	0.78709
97	3	0.85985
101	3	0.82284
106	3	0.78619
107	3	0.78234
108	3	0.7934
112	3	0.83132
117	3	0.78684
119	3	0.78556
127	3	0.82057
128	3	0.8576
139	3	0.80143
141	3	0.8676
143	3	0.86769
146	3	0.78334
3	4	0.91216
5	4	0.90342
8	4	0.89208
9	4	0.88527
10	4	0.80857
12	4	0.86086
13	4	0.9383
14	4	0.89959
15	4	0.93227
16	4	0.95738
17	4	0.94402
18	4	0.85266
19	4	0.90572
21	4	0.89539
22	4	0.8382
23	4	0.88014
24	4	0.87074
27	4	0.87339
28	4	0.86418
29	4	0.86928
33	4	0.92243
38	4	0.9305
43	4	0.94688
48	4	0.89067
51	4	0.86981
54	4	0.8717
57	4	0.95047
58	4	0.85439
61	4	0.89155
62	4	0.87501
64	4	0.87507
73	4	0.87477
74	4	0.88809
82	4	0.86879
85	4	0.87753
86	4	0.86698
92	4	0.86245
93	4	0.90203
95	4	0.94483
96	4	0.85585
97	4	0.92049
101	4	0.88747
103	4	0.8662
106	4	0.88059
107	4	0.85502
112	4	0.89448
127	4	0.89513
128	4	0.88359
137	4	0.85683
139	4	0.8847
141	4	0.93362
143	4	0.96437
4	5	0.90342
8	5	0.93335
9	5	0.93789
11	5	0.91374
12	5	0.9614
13	5	0.97196
15	5	0.95305
16	5	0.92236
17	5	0.93375
18	5	0.94015
19	5	0.95309
20	5	0.96528
21	5	0.81424
22	5	0.8208
23	5	0.9511
24	5	0.95297
26	5	0.94021
27	5	0.96157
28	5	0.95737
29	5	0.91983
30	5	0.95101
31	5	0.97096
33	5	0.93408
34	5	0.97277
36	5	0.94132
37	5	0.95574
38	5	0.9255
40	5	0.91777
42	5	0.94672
43	5	0.95775
45	5	0.95354
46	5	0.95297
47	5	0.9508
48	5	0.95476
52	5	0.96195
55	5	0.95501
56	5	0.92425
57	5	0.88125
60	5	0.94477
61	5	0.95363
62	5	0.96761
63	5	0.94546
69	5	0.94725
70	5	0.94572
73	5	0.94288
74	5	0.96929
76	5	0.96296
78	5	0.95143
80	5	0.93053
82	5	0.95036
85	5	0.94324
86	5	0.94782
87	5	0.95182
88	5	0.94483
92	5	0.95633
93	5	0.82811
95	5	0.958
96	5	0.96033
97	5	0.95425
101	5	0.93845
103	5	0.95935
106	5	0.96305
107	5	0.96607
108	5	0.94931
112	5	0.94727
121	5	0.953
123	5	0.94964
126	5	0.92957
127	5	0.94737
137	5	0.95357
139	5	0.95576
141	5	0.9489
143	5	0.90374
144	5	0.92887
146	5	0.94567
2	6	0.94812
25	6	0.96084
27	6	0.95183
28	6	0.93968
30	6	0.9709
31	6	0.95719
34	6	0.97034
37	6	0.97166
39	6	0.98536
41	6	0.95769
42	6	0.98497
44	6	0.9634
45	6	0.95953
47	6	0.97154
53	6	0.95255
54	6	0.96797
55	6	0.97728
59	6	0.94785
63	6	0.96404
65	6	0.96137
68	6	0.97438
70	6	0.9799
71	6	0.97326
75	6	0.97047
76	6	0.95799
79	6	0.95016
81	6	0.93713
83	6	0.96196
87	6	0.95709
88	6	0.97291
89	6	0.95309
90	6	0.9592
91	6	0.96234
92	6	0.96274
94	6	0.96659
102	6	0.94769
104	6	0.96407
107	6	0.95693
109	6	0.97734
115	6	0.98123
117	6	0.95926
119	6	0.95741
120	6	0.97264
123	6	0.95009
125	6	0.96388
126	6	0.94162
130	6	0.96322
131	6	0.96606
133	6	0.94258
135	6	0.96836
140	6	0.93722
142	6	0.98156
145	6	0.97298
147	6	0.9573
148	6	0.94684
149	6	0.75499
150	6	0.95513
2	7	0.97375
11	7	0.95053
12	7	0.94796
17	7	0.89175
25	7	0.9597
26	7	0.93385
30	7	0.95849
31	7	0.9573
35	7	0.96207
37	7	0.96913
39	7	0.95373
41	7	0.95743
45	7	0.95197
53	7	0.97288
55	7	0.95518
60	7	0.96273
63	7	0.9517
66	7	0.95528
68	7	0.95071
69	7	0.94533
75	7	0.95599
76	7	0.95694
78	7	0.95955
79	7	0.95132
80	7	0.95652
81	7	0.95795
84	7	0.94296
86	7	0.94965
87	7	0.95308
88	7	0.95287
94	7	0.95862
98	7	0.9699
99	7	0.96345
100	7	0.95777
102	7	0.98418
103	7	0.92554
107	7	0.95711
108	7	0.95876
109	7	0.96403
111	7	0.93119
113	7	0.95509
114	7	0.96506
115	7	0.95327
118	7	0.97055
120	7	0.96106
122	7	0.94696
123	7	0.95556
129	7	0.97584
130	7	0.95384
132	7	0.95325
134	7	0.96283
135	7	0.95286
136	7	0.95204
138	7	0.96074
140	7	0.93309
142	7	0.95074
146	7	0.97703
147	7	0.95229
148	7	0.96255
149	7	0.75722
3	8	0.80676
4	8	0.89208
5	8	0.93335
9	8	0.90244
10	8	0.84602
11	8	0.92631
12	8	0.96023
13	8	0.95515
14	8	0.93327
17	8	0.9109
20	8	0.95559
21	8	0.75772
22	8	0.77742
24	8	0.92925
26	8	0.93164
29	8	0.87851
30	8	0.90677
31	8	0.93637
32	8	0.91689
35	8	0.90784
36	8	0.91164
40	8	0.89429
43	8	0.92122
45	8	0.91011
46	8	0.9212
48	8	0.94895
51	8	0.9353
52	8	0.93138
56	8	0.91809
57	8	0.87496
58	8	0.91045
60	8	0.93369
61	8	0.93106
66	8	0.9116
73	8	0.95824
74	8	0.93877
78	8	0.93458
80	8	0.91987
82	8	0.90506
85	8	0.92238
86	8	0.90389
87	8	0.9245
92	8	0.90891
95	8	0.90572
96	8	0.92563
97	8	0.91901
100	8	0.90992
101	8	0.96035
105	8	0.88747
107	8	0.93303
108	8	0.93464
112	8	0.90441
114	8	0.91543
118	8	0.90421
121	8	0.92059
123	8	0.91469
138	8	0.934
141	8	0.93474
143	8	0.87988
144	8	0.94649
146	8	0.92156
4	9	0.88527
5	9	0.93789
8	9	0.90244
12	9	0.92613
13	9	0.94228
15	9	0.95123
16	9	0.9261
18	9	0.89294
19	9	0.971
20	9	0.92246
21	9	0.90451
22	9	0.83329
23	9	0.91003
24	9	0.95075
26	9	0.90628
27	9	0.91977
28	9	0.96444
29	9	0.97135
31	9	0.9236
33	9	0.9534
34	9	0.91467
36	9	0.96376
37	9	0.88757
38	9	0.96473
40	9	0.98112
42	9	0.90295
46	9	0.95533
48	9	0.92075
51	9	0.91534
52	9	0.9532
55	9	0.90019
56	9	0.92482
57	9	0.86281
58	9	0.90134
61	9	0.89437
62	9	0.90496
64	9	0.90007
74	9	0.975
80	9	0.8889
82	9	0.89078
85	9	0.93047
87	9	0.91869
91	9	0.89001
92	9	0.90795
93	9	0.88798
95	9	0.93155
96	9	0.93377
97	9	0.93681
101	9	0.90387
107	9	0.89085
108	9	0.89622
121	9	0.91606
141	9	0.94743
143	9	0.88201
3	10	0.89056
4	10	0.80857
8	10	0.84602
11	10	0.81642
12	10	0.78801
13	10	0.83106
14	10	0.85625
17	10	0.82511
18	10	0.81572
24	10	0.78563
32	10	0.89661
43	10	0.79943
46	10	0.77339
48	10	0.8203
49	10	0.77621
50	10	0.83037
51	10	0.80361
56	10	0.81881
57	10	0.82279
58	10	0.79536
59	10	0.79104
61	10	0.81888
64	10	0.78192
66	10	0.78656
67	10	0.79747
72	10	0.82006
73	10	0.80045
78	10	0.80689
82	10	0.79267
85	10	0.78568
86	10	0.78232
95	10	0.78371
96	10	0.78758
97	10	0.80588
101	10	0.85692
105	10	0.83312
107	10	0.78608
108	10	0.8013
112	10	0.79801
118	10	0.80968
119	10	0.78022
123	10	0.78219
124	10	0.77428
128	10	0.84904
129	10	0.78285
141	10	0.82603
143	10	0.77751
144	10	0.79892
146	10	0.80593
148	10	0.77213
2	11	0.94154
5	11	0.91374
7	11	0.95053
8	11	0.92631
10	11	0.81642
12	11	0.91725
14	11	0.92775
17	11	0.89132
20	11	0.92429
25	11	0.91926
26	11	0.90948
30	11	0.92116
31	11	0.92452
35	11	0.92801
37	11	0.92609
39	11	0.90942
45	11	0.92201
48	11	0.90935
49	11	0.9149
55	11	0.90937
60	11	0.9212
61	11	0.90912
66	11	0.9244
67	11	0.91286
68	11	0.91079
69	11	0.91948
72	11	0.91323
73	11	0.92826
76	11	0.90928
78	11	0.92664
81	11	0.91784
82	11	0.91334
87	11	0.91227
94	11	0.94017
98	11	0.90954
107	11	0.94505
108	11	0.91713
109	11	0.92175
112	11	0.93095
114	11	0.92263
118	11	0.94816
120	11	0.91865
121	11	0.91486
123	11	0.92383
124	11	0.91116
129	11	0.94926
132	11	0.915
136	11	0.92356
138	11	0.92678
144	11	0.90131
146	11	0.9494
147	11	0.93445
148	11	0.94947
4	12	0.86086
5	12	0.9614
7	12	0.94796
8	12	0.96023
9	12	0.92613
10	12	0.78801
11	12	0.91725
13	12	0.96654
16	12	0.87625
17	12	0.91684
18	12	0.93218
19	12	0.92773
20	12	0.98657
22	12	0.76405
24	12	0.96952
26	12	0.95416
28	12	0.93467
29	12	0.91386
30	12	0.95906
31	12	0.98378
32	12	0.94034
35	12	0.96701
36	12	0.94557
37	12	0.96299
38	12	0.91352
40	12	0.92868
45	12	0.95933
46	12	0.96712
48	12	0.9735
51	12	0.9786
52	12	0.97593
55	12	0.95369
56	12	0.94133
58	12	0.96211
59	12	0.94721
60	12	0.98406
61	12	0.96601
66	12	0.95771
67	12	0.94973
73	12	0.96029
74	12	0.9713
78	12	0.98362
80	12	0.97596
82	12	0.9609
84	12	0.96553
85	12	0.9708
86	12	0.95768
87	12	0.98088
91	12	0.95421
92	12	0.95513
96	12	0.97564
97	12	0.96383
98	12	0.96677
100	12	0.97864
101	12	0.9757
103	12	0.93039
105	12	0.85905
107	12	0.96194
108	12	0.98857
114	12	0.97596
118	12	0.95034
119	12	0.9479
121	12	0.97127
123	12	0.96502
129	12	0.9478
138	12	0.98042
141	12	0.95825
144	12	0.93164
146	12	0.96634
148	12	0.93262
3	13	0.85655
4	13	0.9383
5	13	0.97196
8	13	0.95515
9	13	0.94228
10	13	0.83106
12	13	0.96654
14	13	0.9796
15	13	0.95774
16	13	0.93211
17	13	0.93282
18	13	0.94756
19	13	0.94902
20	13	0.96039
21	13	0.83097
22	13	0.79704
23	13	0.95461
24	13	0.97155
26	13	0.90971
27	13	0.95756
28	13	0.95293
29	13	0.91404
30	13	0.9541
31	13	0.97299
32	13	0.92725
33	13	0.93386
36	13	0.9482
37	13	0.9496
38	13	0.95981
40	13	0.91557
43	13	0.977
45	13	0.95747
46	13	0.95605
48	13	0.98505
50	13	0.88521
51	13	0.95786
52	13	0.94879
54	13	0.95338
56	13	0.95373
57	13	0.94176
58	13	0.97124
59	13	0.95677
61	13	0.98475
62	13	0.95461
64	13	0.9583
73	13	0.96112
74	13	0.97777
78	13	0.96158
82	13	0.9644
85	13	0.97289
86	13	0.95563
87	13	0.95563
91	13	0.94904
92	13	0.97485
93	13	0.83617
95	13	0.9794
96	13	0.97646
97	13	0.97925
101	13	0.97168
103	13	0.92881
105	13	0.86573
106	13	0.96733
107	13	0.96409
108	13	0.96388
112	13	0.95795
119	13	0.96316
121	13	0.95386
123	13	0.96243
127	13	0.96541
128	13	0.94092
139	13	0.96454
141	13	0.98595
143	13	0.92891
144	13	0.93621
150	13	0.95314
3	14	0.84971
4	14	0.89959
8	14	0.93327
10	14	0.85625
11	14	0.92775
13	14	0.9796
16	14	0.87619
17	14	0.90495
18	14	0.94325
22	14	0.75768
24	14	0.95233
28	14	0.93062
30	14	0.96913
31	14	0.96635
32	14	0.92533
36	14	0.91807
37	14	0.95705
38	14	0.90242
43	14	0.97627
45	14	0.96762
48	14	0.97959
49	14	0.95816
50	14	0.90818
51	14	0.93987
54	14	0.95613
56	14	0.92973
57	14	0.92223
58	14	0.96248
59	14	0.97257
61	14	0.98417
64	14	0.94957
66	14	0.96521
67	14	0.96486
72	14	0.97392
73	14	0.96498
77	14	0.95683
78	14	0.96163
82	14	0.95496
85	14	0.94814
90	14	0.9515
92	14	0.97683
94	14	0.95959
95	14	0.95447
96	14	0.96234
97	14	0.95012
101	14	0.95456
103	14	0.92222
105	14	0.88915
106	14	0.96981
107	14	0.96098
108	14	0.95304
112	14	0.98123
114	14	0.95116
117	14	0.96345
118	14	0.94882
119	14	0.96852
120	14	0.95189
123	14	0.96568
124	14	0.96631
125	14	0.94917
127	14	0.96894
128	14	0.96514
129	14	0.9566
130	14	0.95385
136	14	0.9515
139	14	0.97315
141	14	0.95218
143	14	0.90825
144	14	0.89677
145	14	0.94946
147	14	0.95732
148	14	0.94034
150	14	0.96763
3	15	0.82328
4	15	0.93227
5	15	0.95305
9	15	0.95123
13	15	0.95774
16	15	0.94883
17	15	0.91298
19	15	0.98395
20	15	0.91949
21	15	0.91491
22	15	0.76949
23	15	0.96633
24	15	0.91775
25	15	0.91734
27	15	0.96914
28	15	0.93197
29	15	0.92057
31	15	0.9265
33	15	0.99002
34	15	0.9379
38	15	0.97319
40	15	0.93036
43	15	0.93707
46	15	0.9188
47	15	0.91427
48	15	0.91454
52	15	0.924
54	15	0.93835
55	15	0.92528
57	15	0.89558
58	15	0.91936
61	15	0.92494
62	15	0.96114
64	15	0.95774
74	15	0.95832
76	15	0.93516
82	15	0.9418
85	15	0.91501
91	15	0.91695
92	15	0.93095
93	15	0.93801
95	15	0.98342
96	15	0.93196
97	15	0.96414
106	15	0.92728
107	15	0.93709
112	15	0.91638
119	15	0.923
121	15	0.94048
127	15	0.94186
137	15	0.91524
139	15	0.92932
141	15	0.96504
143	15	0.94068
144	15	0.89616
3	16	0.84343
4	16	0.95738
5	16	0.92236
9	16	0.9261
12	16	0.87625
13	16	0.93211
14	16	0.87619
15	16	0.94883
17	16	0.94032
18	16	0.91034
19	16	0.94047
21	16	0.91073
22	16	0.84252
23	16	0.91378
24	16	0.9066
27	16	0.89426
28	16	0.8985
29	16	0.93511
31	16	0.86998
33	16	0.94934
38	16	0.95491
40	16	0.89691
43	16	0.90886
46	16	0.89152
48	16	0.89235
51	16	0.88957
54	16	0.88524
56	16	0.89592
57	16	0.91907
58	16	0.87526
61	16	0.88663
62	16	0.89293
64	16	0.89364
74	16	0.90573
82	16	0.89277
85	16	0.9086
86	16	0.88693
92	16	0.87123
93	16	0.92102
95	16	0.94381
96	16	0.88813
97	16	0.94319
101	16	0.88477
103	16	0.88322
106	16	0.87307
108	16	0.86877
112	16	0.87784
127	16	0.8852
128	16	0.87483
139	16	0.87315
141	16	0.94228
143	16	0.91179
3	17	0.85257
4	17	0.94402
5	17	0.93375
7	17	0.89175
8	17	0.9109
10	17	0.82511
11	17	0.89132
12	17	0.91684
13	17	0.93282
14	17	0.90495
15	17	0.91298
16	17	0.94032
18	17	0.90734
19	17	0.89783
21	17	0.78511
22	17	0.77216
23	17	0.90878
31	17	0.89549
32	17	0.89733
35	17	0.89199
37	17	0.89805
43	17	0.92543
48	17	0.89825
51	17	0.9044
53	17	0.90057
57	17	0.86853
60	17	0.89445
61	17	0.91266
62	17	0.91205
64	17	0.90771
73	17	0.89148
76	17	0.8966
78	17	0.90947
80	17	0.91419
82	17	0.9233
85	17	0.89312
86	17	0.9365
93	17	0.83182
95	17	0.92911
97	17	0.93804
101	17	0.92021
103	17	0.91163
106	17	0.89189
107	17	0.90376
108	17	0.91644
112	17	0.91583
121	17	0.89801
123	17	0.89284
128	17	0.90624
129	17	0.89271
138	17	0.89037
139	17	0.88987
141	17	0.9303
143	17	0.90698
144	17	0.89232
146	17	0.9265
3	18	0.7834
4	18	0.85266
5	18	0.94015
9	18	0.89294
10	18	0.81572
12	18	0.93218
13	18	0.94756
14	18	0.94325
16	18	0.91034
17	18	0.90734
22	18	0.73568
23	18	0.93549
24	18	0.96479
28	18	0.93681
29	18	0.90046
30	18	0.93166
31	18	0.95252
32	18	0.93235
35	18	0.93519
36	18	0.92808
37	18	0.96548
40	18	0.88065
45	18	0.93161
46	18	0.96391
48	18	0.95007
50	18	0.86197
51	18	0.94018
53	18	0.94157
54	18	0.93992
56	18	0.95739
57	18	0.8696
58	18	0.95398
59	18	0.94805
61	18	0.94737
64	18	0.93475
65	18	0.93337
67	18	0.94906
77	18	0.9432
78	18	0.9526
82	18	0.95313
85	18	0.95654
86	18	0.95247
87	18	0.9371
91	18	0.95092
92	18	0.94489
96	18	0.96307
97	18	0.95268
98	18	0.94361
101	18	0.93633
103	18	0.92565
108	18	0.94691
114	18	0.93264
115	18	0.9404
118	18	0.93905
119	18	0.95143
120	18	0.9396
121	18	0.93434
123	18	0.94315
128	18	0.94106
129	18	0.93419
130	18	0.96297
141	18	0.9432
146	18	0.94204
3	19	0.79384
4	19	0.90572
5	19	0.95309
9	19	0.971
12	19	0.92773
13	19	0.94902
15	19	0.98395
16	19	0.94047
17	19	0.89783
20	19	0.9228
21	19	0.90093
22	19	0.78518
23	19	0.97011
24	19	0.94333
25	19	0.92105
27	19	0.97246
28	19	0.95607
29	19	0.94662
31	19	0.93757
33	19	0.98697
34	19	0.94085
36	19	0.92914
37	19	0.92075
38	19	0.97878
39	19	0.92108
40	19	0.95726
42	19	0.93148
46	19	0.9425
52	19	0.94311
54	19	0.94482
55	19	0.94011
57	19	0.86857
58	19	0.92544
61	19	0.92239
62	19	0.96423
64	19	0.95644
74	19	0.97164
76	19	0.93756
82	19	0.93962
85	19	0.93006
87	19	0.93295
88	19	0.93015
91	19	0.93479
92	19	0.93478
93	19	0.93361
95	19	0.97418
96	19	0.94307
97	19	0.96928
106	19	0.92333
107	19	0.92608
108	19	0.92401
119	19	0.92553
121	19	0.94597
127	19	0.93358
139	19	0.92368
141	19	0.96547
143	19	0.91498
2	20	0.94755
5	20	0.96528
8	20	0.95559
9	20	0.92246
11	20	0.92429
12	20	0.98657
13	20	0.96039
15	20	0.91949
19	20	0.9228
21	20	0.74085
22	20	0.74094
24	20	0.94955
25	20	0.95909
26	20	0.96504
28	20	0.93479
29	20	0.90052
30	20	0.95933
31	20	0.98274
32	20	0.91232
34	20	0.96403
35	20	0.97006
36	20	0.95378
37	20	0.95334
40	20	0.92406
45	20	0.9687
46	20	0.95593
48	20	0.96563
51	20	0.94381
52	20	0.98501
55	20	0.9686
56	20	0.93416
58	20	0.95714
60	20	0.98134
61	20	0.95732
62	20	0.94756
66	20	0.94842
69	20	0.96134
73	20	0.96029
74	20	0.97186
76	20	0.94851
78	20	0.96833
79	20	0.95449
80	20	0.9531
82	20	0.9545
84	20	0.94165
85	20	0.95501
87	20	0.98094
92	20	0.95842
94	20	0.95801
96	20	0.96926
98	20	0.95416
100	20	0.97649
101	20	0.95103
105	20	0.84422
107	20	0.97526
108	20	0.97301
114	20	0.97448
118	20	0.95003
121	20	0.97612
123	20	0.96638
132	20	0.96069
138	20	0.9807
141	20	0.94521
144	20	0.94992
146	20	0.95345
3	21	0.75261
4	21	0.89539
5	21	0.81424
8	21	0.75772
9	21	0.90451
13	21	0.83097
15	21	0.91491
16	21	0.91073
17	21	0.78511
19	21	0.90093
20	21	0.74085
22	21	0.77868
23	21	0.80959
24	21	0.78482
27	21	0.81744
28	21	0.81772
29	21	0.86272
33	21	0.93769
34	21	0.76512
36	21	0.79266
38	21	0.9242
40	21	0.87368
43	21	0.81212
46	21	0.77804
48	21	0.75572
52	21	0.78696
54	21	0.76168
56	21	0.76944
57	21	0.83936
61	21	0.75021
62	21	0.79605
64	21	0.78388
74	21	0.8404
82	21	0.74468
85	21	0.77153
92	21	0.7521
93	21	0.96728
95	21	0.86675
96	21	0.7662
97	21	0.82728
101	21	0.74475
103	21	0.7417
106	21	0.75847
121	21	0.7565
127	21	0.78799
137	21	0.74686
139	21	0.75785
141	21	0.85229
143	21	0.88636
144	21	0.76258
4	22	0.8382
5	22	0.8208
8	22	0.77742
9	22	0.83329
12	22	0.76405
13	22	0.79704
14	22	0.75768
15	22	0.76949
16	22	0.84252
17	22	0.77216
18	22	0.73568
19	22	0.78518
20	22	0.74094
21	22	0.77868
24	22	0.79258
26	22	0.73281
28	22	0.83568
29	22	0.86625
31	22	0.73773
33	22	0.78586
36	22	0.78843
37	22	0.73072
38	22	0.78429
40	22	0.76514
43	22	0.79854
46	22	0.75397
47	22	0.72185
48	22	0.79818
51	22	0.79678
52	22	0.78134
56	22	0.73718
57	22	0.80327
61	22	0.7318
73	22	0.78731
74	22	0.80571
85	22	0.78584
87	22	0.72819
92	22	0.73541
93	22	0.74089
95	22	0.76893
96	22	0.72124
97	22	0.76439
101	22	0.75179
103	22	0.819
106	22	0.75163
112	22	0.77111
127	22	0.7413
139	22	0.75212
141	22	0.76697
143	22	0.78693
3	23	0.80662
4	23	0.88014
5	23	0.9511
9	23	0.91003
13	23	0.95461
15	23	0.96633
16	23	0.91378
17	23	0.90878
18	23	0.93549
19	23	0.97011
21	23	0.80959
24	23	0.94133
25	23	0.95721
27	23	0.99211
28	23	0.93234
29	23	0.88509
30	23	0.95412
31	23	0.96094
33	23	0.95364
34	23	0.95436
37	23	0.95878
38	23	0.94999
39	23	0.96952
40	23	0.89551
42	23	0.95555
43	23	0.93564
47	23	0.95793
53	23	0.96152
54	23	0.98198
55	23	0.96313
57	23	0.86782
58	23	0.96347
61	23	0.96181
62	23	0.99079
63	23	0.97002
64	23	0.99217
68	23	0.95169
70	23	0.95988
74	23	0.95049
75	23	0.95804
76	23	0.97028
82	23	0.98456
85	23	0.94033
86	23	0.95632
88	23	0.97256
90	23	0.951
91	23	0.97785
92	23	0.96882
93	23	0.86982
95	23	0.98193
96	23	0.96456
97	23	0.979
98	23	0.95129
104	23	0.96167
106	23	0.96094
107	23	0.96047
108	23	0.95719
119	23	0.9753
121	23	0.96684
123	23	0.96384
125	23	0.95221
126	23	0.93749
127	23	0.9704
128	23	0.92449
130	23	0.95557
131	23	0.9636
135	23	0.95129
137	23	0.95061
139	23	0.96382
141	23	0.96397
143	23	0.89474
3	24	0.79611
4	24	0.87074
5	24	0.95297
8	24	0.92925
9	24	0.95075
10	24	0.78563
12	24	0.96952
13	24	0.97155
14	24	0.95233
15	24	0.91775
16	24	0.9066
18	24	0.96479
19	24	0.94333
20	24	0.94955
21	24	0.78482
22	24	0.79258
23	24	0.94133
26	24	0.91269
28	24	0.97227
29	24	0.93891
30	24	0.95115
31	24	0.97538
32	24	0.92029
33	24	0.90858
36	24	0.97367
37	24	0.96219
38	24	0.94512
40	24	0.93624
42	24	0.9534
45	24	0.94732
46	24	0.98594
48	24	0.97796
50	24	0.8486
51	24	0.98127
52	24	0.95548
54	24	0.94349
56	24	0.96636
57	24	0.89363
58	24	0.97189
59	24	0.9575
60	24	0.94127
61	24	0.96476
66	24	0.94301
67	24	0.95013
73	24	0.93376
74	24	0.97525
77	24	0.94924
78	24	0.96402
80	24	0.93269
82	24	0.94998
84	24	0.93532
85	24	0.9836
86	24	0.94354
87	24	0.9719
91	24	0.96112
92	24	0.96762
93	24	0.79298
95	24	0.94464
96	24	0.98498
97	24	0.9684
98	24	0.94723
101	24	0.96302
103	24	0.93716
105	24	0.85435
108	24	0.96613
114	24	0.94857
119	24	0.95576
121	24	0.94884
123	24	0.95008
130	24	0.95272
141	24	0.96843
143	24	0.85653
2	25	0.98213
6	25	0.96084
7	25	0.9597
11	25	0.91926
15	25	0.91734
19	25	0.92105
20	25	0.95909
23	25	0.95721
26	25	0.92569
27	25	0.96803
30	25	0.97109
31	25	0.96943
34	25	0.97471
35	25	0.96293
37	25	0.96216
39	25	0.97811
42	25	0.96091
45	25	0.95949
47	25	0.95086
52	25	0.93961
53	25	0.95986
55	25	0.98928
60	25	0.94974
62	25	0.9712
63	25	0.97105
64	25	0.96595
68	25	0.96816
70	25	0.96666
71	25	0.96263
75	25	0.97388
76	25	0.98711
79	25	0.96019
80	25	0.94452
81	25	0.97961
82	25	0.96699
87	25	0.96593
88	25	0.97744
91	25	0.96212
94	25	0.96819
98	25	0.95823
99	25	0.96166
100	25	0.96058
102	25	0.95787
107	25	0.98084
108	25	0.95827
109	25	0.97174
114	25	0.96526
120	25	0.96814
121	25	0.97044
123	25	0.96384
126	25	0.95684
129	25	0.95504
132	25	0.95633
134	25	0.95695
135	25	0.97947
137	25	0.94074
138	25	0.96561
142	25	0.96676
146	25	0.96703
148	25	0.94292
2	26	0.93192
5	26	0.94021
7	26	0.93385
8	26	0.93164
9	26	0.90628
11	26	0.90948
12	26	0.95416
13	26	0.90971
20	26	0.96504
22	26	0.73281
24	26	0.91269
25	26	0.92569
28	26	0.9126
29	26	0.87891
30	26	0.9152
31	26	0.94426
34	26	0.9445
35	26	0.91484
36	26	0.934
37	26	0.91655
40	26	0.92349
42	26	0.91617
45	26	0.91209
46	26	0.93685
48	26	0.91356
51	26	0.90964
52	26	0.96614
55	26	0.94017
60	26	0.94896
73	26	0.92729
74	26	0.94784
76	26	0.92233
78	26	0.92498
80	26	0.95342
81	26	0.92034
87	26	0.94988
94	26	0.9101
96	26	0.92074
100	26	0.96179
101	26	0.91236
102	26	0.90906
103	26	0.91225
107	26	0.94075
108	26	0.92934
114	26	0.92457
121	26	0.94629
123	26	0.91086
132	26	0.92657
138	26	0.95408
144	26	0.91481
146	26	0.93174
147	26	0.91178
148	26	0.92596
3	27	0.78627
4	27	0.87339
5	27	0.96157
6	27	0.95183
9	27	0.91977
13	27	0.95756
15	27	0.96914
16	27	0.89426
19	27	0.97246
21	27	0.81744
23	27	0.99211
25	27	0.96803
28	27	0.94343
29	27	0.88136
30	27	0.96118
31	27	0.9667
33	27	0.95548
34	27	0.9768
36	27	0.91898
37	27	0.95296
38	27	0.94766
39	27	0.97056
40	27	0.90242
42	27	0.9695
43	27	0.94301
45	27	0.9534
47	27	0.95988
52	27	0.94184
53	27	0.95271
54	27	0.98102
55	27	0.97594
57	27	0.86727
58	27	0.9588
61	27	0.9598
62	27	0.99511
63	27	0.97015
64	27	0.98562
68	27	0.95336
70	27	0.96616
74	27	0.96406
75	27	0.95845
76	27	0.98048
81	27	0.93551
82	27	0.97402
87	27	0.95598
88	27	0.97408
91	27	0.97007
92	27	0.97404
93	27	0.8649
95	27	0.98055
96	27	0.96511
97	27	0.9674
104	27	0.96459
106	27	0.96997
107	27	0.97207
119	27	0.9706
121	27	0.96808
123	27	0.96397
126	27	0.95373
127	27	0.97552
131	27	0.96104
135	27	0.95893
137	27	0.96385
139	27	0.97019
141	27	0.95633
143	27	0.90263
150	27	0.95655
4	28	0.86418
5	28	0.95737
6	28	0.93968
9	28	0.96444
12	28	0.93467
13	28	0.95293
14	28	0.93062
15	28	0.93197
16	28	0.8985
18	28	0.93681
19	28	0.95607
20	28	0.93479
21	28	0.81772
22	28	0.83568
23	28	0.93234
24	28	0.97227
26	28	0.9126
27	28	0.94343
29	28	0.95178
30	28	0.93574
31	28	0.95836
33	28	0.93343
34	28	0.95114
36	28	0.97829
37	28	0.94831
38	28	0.93625
39	28	0.93415
40	28	0.92742
42	28	0.96657
45	28	0.93146
46	28	0.96492
48	28	0.95683
51	28	0.93404
52	28	0.94942
54	28	0.94932
55	28	0.9476
56	28	0.92769
57	28	0.87913
58	28	0.93841
61	28	0.92972
62	28	0.92877
70	28	0.93056
74	28	0.97832
85	28	0.9517
87	28	0.95813
88	28	0.93105
91	28	0.93917
92	28	0.95896
93	28	0.82088
95	28	0.94285
96	28	0.95538
97	28	0.94543
103	28	0.92809
112	28	0.92926
119	28	0.93127
127	28	0.937
139	28	0.92897
141	28	0.94212
143	28	0.87233
4	29	0.86928
5	29	0.91983
8	29	0.87851
9	29	0.97135
12	29	0.91386
13	29	0.91404
15	29	0.92057
16	29	0.93511
18	29	0.90046
19	29	0.94662
20	29	0.90052
21	29	0.86272
22	29	0.86625
23	29	0.88509
24	29	0.93891
26	29	0.87891
27	29	0.88136
28	29	0.95178
31	29	0.89861
33	29	0.92294
34	29	0.87135
36	29	0.94193
37	29	0.8901
38	29	0.9383
40	29	0.96022
42	29	0.8714
46	29	0.94059
48	29	0.91273
51	29	0.92068
52	29	0.92623
54	29	0.87038
55	29	0.87625
56	29	0.91984
58	29	0.88495
61	29	0.86698
62	29	0.86975
64	29	0.86815
74	29	0.94594
80	29	0.88785
82	29	0.87853
85	29	0.9336
87	29	0.9042
91	29	0.87661
92	29	0.87918
93	29	0.86214
95	29	0.90307
96	29	0.90581
97	29	0.93271
101	29	0.88075
103	29	0.87135
108	29	0.88326
121	29	0.88979
141	29	0.93069
2	30	0.95125
5	30	0.95101
6	30	0.9709
7	30	0.95849
8	30	0.90677
11	30	0.92116
12	30	0.95906
13	30	0.9541
14	30	0.96913
18	30	0.93166
20	30	0.95933
23	30	0.95412
24	30	0.95115
25	30	0.97109
26	30	0.9152
27	30	0.96118
28	30	0.93574
31	30	0.98636
34	30	0.96688
35	30	0.9565
36	30	0.92336
37	30	0.98244
39	30	0.98397
41	30	0.95697
42	30	0.98086
43	30	0.94191
44	30	0.9448
45	30	0.99159
47	30	0.9542
48	30	0.968
49	30	0.95978
50	30	0.84177
51	30	0.94171
52	30	0.94107
53	30	0.96527
54	30	0.97297
55	30	0.97901
58	30	0.97289
59	30	0.98267
60	30	0.9503
61	30	0.97986
62	30	0.96276
63	30	0.98612
64	30	0.96185
65	30	0.97752
66	30	0.98502
67	30	0.98121
68	30	0.98527
69	30	0.95262
70	30	0.98872
71	30	0.98851
72	30	0.96994
73	30	0.95661
74	30	0.95122
75	30	0.98352
76	30	0.96677
77	30	0.98133
78	30	0.97518
79	30	0.98325
80	30	0.93283
81	30	0.94815
82	30	0.97144
83	30	0.97491
84	30	0.93244
85	30	0.94655
86	30	0.95789
87	30	0.98066
88	30	0.98564
89	30	0.98132
90	30	0.98401
91	30	0.97971
92	30	0.98873
94	30	0.98689
95	30	0.94065
96	30	0.97145
97	30	0.94722
98	30	0.9769
99	30	0.9396
100	30	0.95412
102	30	0.96028
103	30	0.93462
104	30	0.96247
105	30	0.85259
106	30	0.97981
107	30	0.97932
108	30	0.97556
109	30	0.98035
110	30	0.97074
111	30	0.94039
112	30	0.97178
113	30	0.96347
114	30	0.98708
115	30	0.98306
116	30	0.97155
117	30	0.98035
118	30	0.97171
119	30	0.98198
120	30	0.98903
121	30	0.95861
122	30	0.95057
123	30	0.98781
124	30	0.97012
125	30	0.9827
126	30	0.94148
127	30	0.96825
128	30	0.92607
129	30	0.97897
130	30	0.98033
131	30	0.9821
132	30	0.97361
133	30	0.94337
134	30	0.95639
135	30	0.96592
136	30	0.9756
137	30	0.95345
138	30	0.94791
139	30	0.98073
140	30	0.94157
142	30	0.98202
145	30	0.97469
146	30	0.96917
147	30	0.98109
148	30	0.9611
149	30	0.73399
150	30	0.97955
2	31	0.95296
5	31	0.97096
6	31	0.95719
7	31	0.9573
8	31	0.93637
9	31	0.9236
11	31	0.92452
12	31	0.98378
13	31	0.97299
14	31	0.96635
15	31	0.9265
16	31	0.86998
17	31	0.89549
18	31	0.95252
19	31	0.93757
20	31	0.98274
22	31	0.73773
23	31	0.96094
24	31	0.97538
25	31	0.96943
26	31	0.94426
27	31	0.9667
28	31	0.95836
29	31	0.89861
30	31	0.98636
32	31	0.92271
33	31	0.89876
34	31	0.97593
35	31	0.97633
36	31	0.95973
37	31	0.9847
38	31	0.91597
39	31	0.9684
40	31	0.91214
42	31	0.97708
43	31	0.93823
45	31	0.98563
46	31	0.97517
48	31	0.97758
50	31	0.83112
51	31	0.95914
52	31	0.97092
53	31	0.96046
54	31	0.9622
55	31	0.98097
56	31	0.94568
57	31	0.85725
58	31	0.97924
59	31	0.97702
60	31	0.97573
61	31	0.9798
62	31	0.96703
63	31	0.9713
64	31	0.9668
66	31	0.97304
67	31	0.97654
69	31	0.95825
70	31	0.97714
73	31	0.95707
74	31	0.97721
76	31	0.96466
77	31	0.96699
78	31	0.98715
79	31	0.97205
80	31	0.95474
81	31	0.94699
82	31	0.97868
84	31	0.95305
85	31	0.96778
86	31	0.96342
87	31	0.99164
88	31	0.97404
89	31	0.96118
90	31	0.96528
91	31	0.98013
92	31	0.98627
94	31	0.97706
95	31	0.95054
96	31	0.99145
97	31	0.96559
98	31	0.97936
100	31	0.97248
101	31	0.95631
102	31	0.95767
103	31	0.93649
105	31	0.85138
106	31	0.96928
107	31	0.98337
108	31	0.9867
109	31	0.96818
110	31	0.94599
112	31	0.95848
113	31	0.95713
114	31	0.9874
116	31	0.95491
118	31	0.96954
119	31	0.98053
120	31	0.97868
121	31	0.98121
123	31	0.98641
125	31	0.96652
127	31	0.95408
129	31	0.97079
130	31	0.97265
131	31	0.96737
132	31	0.9643
134	31	0.9611
137	31	0.93898
138	31	0.97127
139	31	0.9647
141	31	0.95786
143	31	0.85962
144	31	0.91889
146	31	0.9734
147	31	0.96331
148	31	0.95072
150	31	0.9656
3	32	0.81951
8	32	0.91689
10	32	0.89661
12	32	0.94034
13	32	0.92725
14	32	0.92533
17	32	0.89733
18	32	0.93235
20	32	0.91232
24	32	0.92029
31	32	0.92271
35	32	0.93494
37	32	0.91898
45	32	0.90888
46	32	0.91112
48	32	0.94218
50	32	0.8701
51	32	0.93901
56	32	0.93359
58	32	0.94324
59	32	0.92792
60	32	0.93524
61	32	0.93903
66	32	0.92435
67	32	0.9381
72	32	0.92083
77	32	0.91136
78	32	0.9515
80	32	0.90811
82	32	0.93579
84	32	0.94407
85	32	0.94673
86	32	0.93822
87	32	0.91467
91	32	0.91401
92	32	0.90398
96	32	0.9305
97	32	0.92962
98	32	0.92755
101	32	0.9562
105	32	0.88527
108	32	0.95203
114	32	0.93128
118	32	0.94446
119	32	0.91734
120	32	0.9082
121	32	0.91696
123	32	0.93096
128	32	0.92875
129	32	0.92434
130	32	0.91288
138	32	0.92663
141	32	0.92922
144	32	0.9067
146	32	0.9255
3	33	0.80737
4	33	0.92243
5	33	0.93408
9	33	0.9534
13	33	0.93386
15	33	0.99002
16	33	0.94934
19	33	0.98697
21	33	0.93769
22	33	0.78586
23	33	0.95364
24	33	0.90858
27	33	0.95548
28	33	0.93343
29	33	0.92294
31	33	0.89876
34	33	0.91873
36	33	0.89727
38	33	0.97291
39	33	0.89423
40	33	0.92778
42	33	0.89856
43	33	0.9182
46	33	0.90527
47	33	0.90759
52	33	0.9002
54	33	0.92799
55	33	0.90242
57	33	0.88265
61	33	0.8949
62	33	0.94235
64	33	0.93945
74	33	0.94533
76	33	0.91196
82	33	0.91109
85	33	0.8912
88	33	0.89452
91	33	0.89683
92	33	0.90842
93	33	0.95812
95	33	0.97222
96	33	0.90828
97	33	0.94633
106	33	0.90345
107	33	0.90103
112	33	0.89737
119	33	0.89867
121	33	0.91006
127	33	0.92791
137	33	0.89394
139	33	0.90953
141	33	0.94717
143	33	0.93668
2	34	0.95731
5	34	0.97277
6	34	0.97034
9	34	0.91467
15	34	0.9379
19	34	0.94085
20	34	0.96403
21	34	0.76512
23	34	0.95436
25	34	0.97471
26	34	0.9445
27	34	0.9768
28	34	0.95114
29	34	0.87135
30	34	0.96688
31	34	0.97593
33	34	0.91873
36	34	0.94354
37	34	0.95607
39	34	0.96463
40	34	0.90061
42	34	0.97865
43	34	0.93002
45	34	0.9664
46	34	0.9452
47	34	0.95591
52	34	0.96058
54	34	0.95504
55	34	0.98378
62	34	0.97296
63	34	0.95806
64	34	0.95484
68	34	0.95678
69	34	0.95102
70	34	0.97253
71	34	0.95393
74	34	0.96597
75	34	0.95689
76	34	0.97945
81	34	0.94698
87	34	0.96429
88	34	0.96518
91	34	0.95155
92	34	0.96724
93	34	0.78704
94	34	0.96912
95	34	0.94357
96	34	0.96288
100	34	0.94531
103	34	0.92321
104	34	0.95234
106	34	0.96227
107	34	0.98136
109	34	0.97176
114	34	0.953
119	34	0.95572
120	34	0.95431
121	34	0.9658
123	34	0.95972
126	34	0.94993
127	34	0.95236
132	34	0.95522
135	34	0.96306
137	34	0.95464
138	34	0.94203
139	34	0.95798
142	34	0.95482
143	34	0.86873
144	34	0.90035
145	34	0.95356
148	34	0.93272
150	34	0.95387
2	35	0.96191
7	35	0.96207
8	35	0.90784
11	35	0.92801
12	35	0.96701
17	35	0.89199
18	35	0.93519
20	35	0.97006
25	35	0.96293
26	35	0.91484
30	35	0.9565
31	35	0.97633
32	35	0.93494
37	35	0.97019
40	35	0.88038
45	35	0.96544
46	35	0.94671
52	35	0.94157
53	35	0.96123
55	35	0.9597
56	35	0.92761
58	35	0.95975
59	35	0.95321
60	35	0.98599
61	35	0.95212
65	35	0.95445
67	35	0.96323
68	35	0.95474
69	35	0.96335
70	35	0.95665
75	35	0.96345
76	35	0.95119
78	35	0.97921
79	35	0.96559
80	35	0.94644
81	35	0.94014
82	35	0.97727
83	35	0.95275
84	35	0.96787
85	35	0.94139
86	35	0.96056
87	35	0.96727
91	35	0.96559
94	35	0.96401
96	35	0.96863
98	35	0.98276
99	35	0.94681
100	35	0.96619
102	35	0.96264
107	35	0.97057
108	35	0.97695
109	35	0.95673
113	35	0.95561
114	35	0.98089
118	35	0.97835
119	35	0.96106
120	35	0.96842
121	35	0.98045
123	35	0.97832
129	35	0.97351
130	35	0.95488
134	35	0.97572
138	35	0.98093
144	35	0.92551
146	35	0.97147
5	36	0.94132
8	36	0.91164
9	36	0.96376
12	36	0.94557
13	36	0.9482
14	36	0.91807
18	36	0.92808
19	36	0.92914
20	36	0.95378
21	36	0.79266
22	36	0.78843
24	36	0.97367
26	36	0.934
27	36	0.91898
28	36	0.97829
29	36	0.94193
30	36	0.92336
31	36	0.95973
33	36	0.89727
34	36	0.94354
37	36	0.93147
38	36	0.92437
40	36	0.95081
42	36	0.94881
45	36	0.93156
46	36	0.97806
48	36	0.95814
51	36	0.93602
52	36	0.96912
55	36	0.93475
56	36	0.95867
58	36	0.94353
59	36	0.92606
60	36	0.92095
61	36	0.92734
70	36	0.91738
74	36	0.97802
78	36	0.92593
85	36	0.95716
87	36	0.96178
91	36	0.92742
92	36	0.94884
96	36	0.96457
97	36	0.92848
100	36	0.9271
101	36	0.92547
107	36	0.9226
108	36	0.92679
114	36	0.92285
119	36	0.92513
121	36	0.93686
123	36	0.91982
141	36	0.93791
144	36	0.89925
150	36	0.91829
2	37	0.95098
5	37	0.95574
6	37	0.97166
7	37	0.96913
9	37	0.88757
11	37	0.92609
12	37	0.96299
13	37	0.9496
14	37	0.95705
17	37	0.89805
18	37	0.96548
19	37	0.92075
20	37	0.95334
22	37	0.73072
23	37	0.95878
24	37	0.96219
25	37	0.96216
26	37	0.91655
27	37	0.95296
28	37	0.94831
29	37	0.8901
30	37	0.98244
31	37	0.9847
32	37	0.91898
34	37	0.95607
35	37	0.97019
36	37	0.93147
39	37	0.98228
41	37	0.95049
42	37	0.97223
44	37	0.93241
45	37	0.97452
46	37	0.96081
47	37	0.95534
48	37	0.96544
49	37	0.94533
51	37	0.95153
52	37	0.93634
53	37	0.97807
54	37	0.97072
55	37	0.97373
56	37	0.92439
58	37	0.97019
59	37	0.97227
60	37	0.9552
61	37	0.96768
62	37	0.95722
63	37	0.97606
64	37	0.96282
65	37	0.9728
66	37	0.96851
67	37	0.97505
68	37	0.97168
70	37	0.97579
71	37	0.96827
73	37	0.9433
74	37	0.94962
75	37	0.97282
76	37	0.95747
77	37	0.9653
78	37	0.97458
80	37	0.94961
81	37	0.94905
82	37	0.97941
83	37	0.9712
84	37	0.95111
85	37	0.95777
86	37	0.96679
87	37	0.9824
88	37	0.97672
90	37	0.96676
91	37	0.98657
92	37	0.97611
94	37	0.967
95	37	0.93865
96	37	0.97339
97	37	0.96065
98	37	0.98235
100	37	0.95374
102	37	0.9669
103	37	0.94018
107	37	0.96789
108	37	0.97719
109	37	0.96749
111	37	0.94053
112	37	0.96759
113	37	0.95938
114	37	0.97659
115	37	0.98126
116	37	0.95671
117	37	0.96613
118	37	0.97124
119	37	0.978
120	37	0.98532
121	37	0.96696
122	37	0.94896
123	37	0.97747
124	37	0.95465
125	37	0.96708
128	37	0.92871
129	37	0.97212
130	37	0.9882
131	37	0.97424
134	37	0.96978
135	37	0.95366
136	37	0.95474
138	37	0.95225
141	37	0.94269
142	37	0.96536
146	37	0.98188
147	37	0.95815
148	37	0.95981
3	38	0.84603
4	38	0.9305
5	38	0.9255
9	38	0.96473
12	38	0.91352
13	38	0.95981
14	38	0.90242
15	38	0.97319
16	38	0.95491
19	38	0.97878
21	38	0.9242
22	38	0.78429
23	38	0.94999
24	38	0.94512
27	38	0.94766
28	38	0.93625
29	38	0.9383
31	38	0.91597
33	38	0.97291
36	38	0.92437
40	38	0.94649
43	38	0.92144
46	38	0.92858
48	38	0.92872
51	38	0.92157
52	38	0.92254
54	38	0.92463
56	38	0.91877
57	38	0.92467
58	38	0.93451
61	38	0.93047
62	38	0.93319
64	38	0.93817
74	38	0.96137
82	38	0.92432
85	38	0.94525
87	38	0.90885
91	38	0.91524
92	38	0.92865
93	38	0.93253
95	38	0.97223
96	38	0.93884
97	38	0.97056
101	38	0.91124
106	38	0.91382
108	38	0.91209
119	38	0.91616
121	38	0.92042
127	38	0.93005
139	38	0.91305
141	38	0.97906
143	38	0.91872
2	39	0.95144
6	39	0.98536
7	39	0.95373
11	39	0.90942
19	39	0.92108
23	39	0.96952
25	39	0.97811
27	39	0.97056
28	39	0.93415
30	39	0.98397
31	39	0.9684
33	39	0.89423
34	39	0.96463
37	39	0.98228
41	39	0.95141
42	39	0.97964
44	39	0.94429
45	39	0.96676
47	39	0.98059
49	39	0.95551
53	39	0.97508
54	39	0.98856
55	39	0.98103
62	39	0.97057
63	39	0.99009
64	39	0.97384
65	39	0.97436
68	39	0.98401
70	39	0.98322
71	39	0.9817
75	39	0.98492
76	39	0.97547
81	39	0.95949
82	39	0.97286
83	39	0.97588
87	39	0.96384
88	39	0.98831
90	39	0.97325
91	39	0.97987
92	39	0.97428
94	39	0.96889
95	39	0.94791
98	39	0.96354
99	39	0.93316
102	39	0.96038
103	39	0.9235
104	39	0.97415
106	39	0.96071
107	39	0.96864
109	39	0.97602
111	39	0.922
112	39	0.97429
115	39	0.98521
117	39	0.98017
119	39	0.97332
120	39	0.98295
123	39	0.96773
124	39	0.95473
125	39	0.97243
126	39	0.95982
127	39	0.96627
130	39	0.97957
131	39	0.9788
133	39	0.95504
134	39	0.95472
135	39	0.98086
137	39	0.9471
139	39	0.96971
140	39	0.93285
142	39	0.98394
145	39	0.96729
146	39	0.96661
147	39	0.9596
148	39	0.95164
149	39	0.72815
150	39	0.96014
5	40	0.91777
8	40	0.89429
9	40	0.98112
12	40	0.92868
13	40	0.91557
15	40	0.93036
16	40	0.89691
18	40	0.88065
19	40	0.95726
20	40	0.92406
21	40	0.87368
22	40	0.76514
23	40	0.89551
24	40	0.93624
26	40	0.92349
27	40	0.90242
28	40	0.92742
29	40	0.96022
31	40	0.91214
33	40	0.92778
34	40	0.90061
35	40	0.88038
36	40	0.95081
38	40	0.94649
46	40	0.95541
48	40	0.8953
51	40	0.91209
52	40	0.95581
55	40	0.89272
56	40	0.9194
58	40	0.89124
60	40	0.90629
62	40	0.89307
64	40	0.88696
74	40	0.95831
78	40	0.88522
80	40	0.91349
82	40	0.88403
85	40	0.91761
87	40	0.91544
91	40	0.8836
93	40	0.86395
95	40	0.90029
96	40	0.92611
97	40	0.92559
100	40	0.91016
101	40	0.90116
107	40	0.88398
108	40	0.90123
121	40	0.93161
138	40	0.90728
141	40	0.93715
144	40	0.89345
2	41	0.9531
6	41	0.95769
7	41	0.95743
30	41	0.95697
37	41	0.95049
39	41	0.95141
44	41	0.96888
45	41	0.9524
49	41	0.95468
63	41	0.9469
65	41	0.97187
66	41	0.9584
67	41	0.95298
68	41	0.97195
70	41	0.96296
71	41	0.97022
75	41	0.97001
79	41	0.9648
83	41	0.97854
89	41	0.9599
90	41	0.95435
94	41	0.96571
98	41	0.95184
99	41	0.96851
102	41	0.95256
109	41	0.97149
110	41	0.95948
111	41	0.95533
113	41	0.96676
114	41	0.94918
115	41	0.97565
116	41	0.97252
117	41	0.9462
118	41	0.95888
120	41	0.97275
122	41	0.98532
124	41	0.96065
125	41	0.95611
129	41	0.96641
130	41	0.95769
131	41	0.94664
132	41	0.95964
133	41	0.94216
134	41	0.96758
135	41	0.95196
136	41	0.97587
140	41	0.98706
142	41	0.97819
145	41	0.94608
147	41	0.96561
148	41	0.94939
149	41	0.82407
5	42	0.94672
6	42	0.98497
9	42	0.90295
19	42	0.93148
23	42	0.95555
24	42	0.9534
25	42	0.96091
26	42	0.91617
27	42	0.9695
28	42	0.96657
29	42	0.8714
30	42	0.98086
31	42	0.97708
33	42	0.89856
34	42	0.97865
36	42	0.94881
37	42	0.97223
39	42	0.97964
44	42	0.95359
45	42	0.9714
46	42	0.95001
47	42	0.95651
52	42	0.94487
54	42	0.97444
55	42	0.98373
58	42	0.95761
59	42	0.96449
62	42	0.96065
63	42	0.97392
64	42	0.9556
65	42	0.96189
68	42	0.97018
70	42	0.98383
71	42	0.97705
74	42	0.96131
75	42	0.96783
76	42	0.95981
79	42	0.9602
87	42	0.97657
88	42	0.9806
89	42	0.96472
90	42	0.96726
91	42	0.97443
92	42	0.9825
94	42	0.96445
96	42	0.96724
100	42	0.94219
103	42	0.93098
104	42	0.96104
106	42	0.96089
107	42	0.96003
109	42	0.97101
110	42	0.94791
114	42	0.95923
115	42	0.97747
117	42	0.96658
119	42	0.97042
120	42	0.97333
123	42	0.96199
125	42	0.97011
126	42	0.93357
127	42	0.962
130	42	0.96842
131	42	0.97936
132	42	0.95152
135	42	0.95398
137	42	0.9389
139	42	0.96262
142	42	0.973
145	42	0.97791
147	42	0.95751
148	42	0.9375
150	42	0.96795
3	43	0.85403
4	43	0.94688
5	43	0.95775
8	43	0.92122
10	43	0.79943
13	43	0.977
14	43	0.97627
15	43	0.93707
16	43	0.90886
17	43	0.92543
21	43	0.81212
22	43	0.79854
23	43	0.93564
27	43	0.94301
30	43	0.94191
31	43	0.93823
33	43	0.9182
34	43	0.93002
38	43	0.92144
45	43	0.93903
47	43	0.93291
48	43	0.95055
49	43	0.92884
50	43	0.87873
54	43	0.94638
57	43	0.94017
58	43	0.92943
59	43	0.9338
61	43	0.96702
62	43	0.9449
63	43	0.93242
64	43	0.93812
72	43	0.93237
73	43	0.9473
74	43	0.9378
76	43	0.93095
77	43	0.93248
82	43	0.93319
86	43	0.93534
92	43	0.95586
93	43	0.8216
94	43	0.92924
95	43	0.97035
96	43	0.93315
97	43	0.94068
101	43	0.93083
103	43	0.93293
106	43	0.97673
107	43	0.94604
112	43	0.96963
117	43	0.93011
119	43	0.9428
123	43	0.93854
126	43	0.92771
127	43	0.97664
128	43	0.94316
137	43	0.95846
139	43	0.97908
141	43	0.94661
143	43	0.95575
144	43	0.8909
150	43	0.94604
6	44	0.9634
30	44	0.9448
37	44	0.93241
39	44	0.94429
41	44	0.96888
42	44	0.95359
45	44	0.94213
53	44	0.93104
55	44	0.93187
59	44	0.93573
63	44	0.9414
65	44	0.96655
66	44	0.93123
67	44	0.93772
68	44	0.96078
70	44	0.96786
71	44	0.97405
75	44	0.96221
77	44	0.93535
79	44	0.95347
83	44	0.96386
88	44	0.9443
89	44	0.9629
90	44	0.95904
91	44	0.93417
94	44	0.94096
98	44	0.93206
102	44	0.93225
104	44	0.93829
109	44	0.95634
110	44	0.95146
113	44	0.95116
115	44	0.97318
116	44	0.96345
117	44	0.93747
120	44	0.95716
122	44	0.96836
124	44	0.94377
125	44	0.96418
130	44	0.95208
131	44	0.96288
132	44	0.93746
133	44	0.93288
134	44	0.93975
135	44	0.93309
136	44	0.94382
140	44	0.95962
142	44	0.97482
145	44	0.95905
149	44	0.79144
150	44	0.94315
2	45	0.94449
5	45	0.95354
6	45	0.95953
7	45	0.95197
8	45	0.91011
11	45	0.92201
12	45	0.95933
13	45	0.95747
14	45	0.96762
18	45	0.93161
20	45	0.9687
24	45	0.94732
25	45	0.95949
26	45	0.91209
27	45	0.9534
28	45	0.93146
30	45	0.99159
31	45	0.98563
32	45	0.90888
34	45	0.9664
35	45	0.96544
36	45	0.93156
37	45	0.97452
39	45	0.96676
41	45	0.9524
42	45	0.9714
43	45	0.93903
44	45	0.94213
48	45	0.97167
49	45	0.95545
50	45	0.87055
52	45	0.94536
54	45	0.95819
55	45	0.97143
56	45	0.92346
57	45	0.85711
58	45	0.97667
59	45	0.98411
60	45	0.95708
61	45	0.98067
62	45	0.95612
63	45	0.97212
65	45	0.97017
66	45	0.98495
67	45	0.98275
68	45	0.98046
69	45	0.97517
70	45	0.98753
71	45	0.9837
72	45	0.97605
73	45	0.95712
74	45	0.94748
75	45	0.97972
76	45	0.95611
77	45	0.97473
78	45	0.97615
79	45	0.98685
82	45	0.96685
83	45	0.96728
84	45	0.93157
85	45	0.95305
86	45	0.95781
87	45	0.97688
88	45	0.97083
89	45	0.98486
90	45	0.9845
91	45	0.97098
92	45	0.98799
94	45	0.992
96	45	0.97504
98	45	0.97657
99	45	0.93232
100	45	0.94986
101	45	0.93813
102	45	0.95566
104	45	0.95592
105	45	0.86924
106	45	0.9777
107	45	0.97787
108	45	0.9702
109	45	0.97963
110	45	0.97924
111	45	0.92905
112	45	0.95621
113	45	0.96676
114	45	0.98916
115	45	0.97181
116	45	0.98344
117	45	0.96307
118	45	0.97493
119	45	0.97862
120	45	0.98249
121	45	0.95715
122	45	0.94558
123	45	0.99011
124	45	0.97107
125	45	0.985
126	45	0.92775
127	45	0.96272
128	45	0.93078
129	45	0.98086
130	45	0.97201
131	45	0.97329
132	45	0.9804
133	45	0.93002
135	45	0.95764
136	45	0.97549
137	45	0.95107
138	45	0.94695
139	45	0.97196
140	45	0.93113
142	45	0.97451
144	45	0.90396
145	45	0.96983
147	45	0.9716
148	45	0.94055
149	45	0.72085
150	45	0.98632
5	46	0.95297
8	46	0.9212
9	46	0.95533
10	46	0.77339
12	46	0.96712
13	46	0.95605
15	46	0.9188
