15	2	0.98288
18	2	0.98159
19	2	0.95664
21	2	0.8977
23	2	0.9503
27	2	0.99718
30	2	0.99114
31	2	0.96411
33	2	0.97531
34	2	0.97821
35	2	0.71353
38	2	0.99096
39	2	0.96779
40	2	0.96158
42	2	0.99243
44	2	0.99259
46	2	0.97415
51	2	0.97013
53	2	0.99782
54	2	0.95464
58	2	0.98853
59	2	0.82912
60	2	0.99102
61	2	0.9413
63	2	0.99249
64	2	0.9387
65	2	0.84918
68	2	0.92827
69	2	0.95997
71	2	0.94887
75	2	0.97103
76	2	0.99099
78	2	0.98711
79	2	0.99052
81	2	0.98798
82	2	0.94653
83	2	0.96075
84	2	0.92692
86	2	0.91396
87	2	0.98114
88	2	0.97643
89	2	0.9936
90	2	0.96073
91	2	0.97013
92	2	0.97641
95	2	0.97547
99	2	0.92052
102	2	0.98522
106	2	0.97847
107	2	0.98795
108	2	0.98676
109	2	0.9784
110	2	0.92254
114	2	0.9446
115	2	0.97946
118	2	0.97199
119	2	0.91351
120	2	0.98272
121	2	0.96605
122	2	0.89052
123	2	0.94455
129	2	0.98669
131	2	0.96036
132	2	0.94615
134	2	0.89511
135	2	0.99094
136	2	0.97996
137	2	0.95893
138	2	0.98427
141	2	0.9929
142	2	0.98931
148	2	0.97961
4	3	0.8922
5	3	0.61903
6	3	0.70819
7	3	0.60585
8	3	0.9882
9	3	0.73197
11	3	0.9093
12	3	0.62163
13	3	0.71403
14	3	0.8485
17	3	0.73179
20	3	0.66042
22	3	0.92789
24	3	0.64627
28	3	0.62695
29	3	0.63444
32	3	0.66292
36	3	0.65779
41	3	0.63234
45	3	0.73872
48	3	0.68255
49	3	0.91131
50	3	0.91886
52	3	0.79514
66	3	0.74922
72	3	0.79153
73	3	0.90534
74	3	0.68413
77	3	0.62156
83	3	0.60736
85	3	0.91345
94	3	0.84017
96	3	0.80936
97	3	0.66365
100	3	0.70361
101	3	0.73617
110	3	0.61873
111	3	0.91388
112	3	0.71331
113	3	0.72718
116	3	0.7317
117	3	0.87676
126	3	0.92389
128	3	0.90601
132	3	0.63041
139	3	0.76284
144	3	0.60932
145	3	0.76367
146	3	0.66479
150	3	0.85488
3	4	0.8922
5	4	0.87108
6	4	0.89043
8	4	0.95065
9	4	0.95974
10	4	0.8838
11	4	0.9113
12	4	0.90629
13	4	0.94104
14	4	0.99577
16	4	0.85829
17	4	0.95829
20	4	0.90389
22	4	0.99594
24	4	0.91457
26	4	0.85993
28	4	0.88678
29	4	0.91232
41	4	0.89476
45	4	0.95539
48	4	0.91545
49	4	0.99891
50	4	0.70892
52	4	0.98296
56	4	0.82826
57	4	0.85768
66	4	0.93604
72	4	0.98158
73	4	0.99937
74	4	0.91355
77	4	0.86639
80	4	0.87734
85	4	0.99165
93	4	0.87726
94	4	0.99205
96	4	0.97917
97	4	0.92083
100	4	0.93191
101	4	0.95515
111	4	0.99732
113	4	0.92834
116	4	0.95971
117	4	0.95944
126	4	0.97732
128	4	0.95716
130	4	0.88529
139	4	0.87252
143	4	0.86044
144	4	0.90051
145	4	0.85901
146	4	0.85879
150	4	0.98509
3	5	0.61903
4	5	0.87108
6	5	0.97212
7	5	0.99754
8	5	0.71776
9	5	0.9415
10	5	0.92615
11	5	0.70874
12	5	0.95411
13	5	0.98005
14	5	0.89465
16	5	0.96607
17	5	0.93323
20	5	0.99698
22	5	0.83441
24	5	0.95444
25	5	0.98928
26	5	0.99523
28	5	0.9942
29	5	0.95844
32	5	0.9005
34	5	0.9609
35	5	0.69645
36	5	0.98268
37	5	0.99301
40	5	0.96021
41	5	0.99482
42	5	0.93021
45	5	0.97292
47	5	0.99516
48	5	0.99472
49	5	0.85081
52	5	0.91761
55	5	0.99641
56	5	0.87562
57	5	0.92354
62	5	0.99516
66	5	0.98367
72	5	0.91569
73	5	0.85576
74	5	0.99549
77	5	0.99944
80	5	0.95601
81	5	0.93834
83	5	0.9314
84	5	0.94037
85	5	0.87665
93	5	0.93741
94	5	0.92497
96	5	0.95253
97	5	0.98296
98	5	0.98677
99	5	0.96088
100	5	0.9889
101	5	0.95657
103	5	0.992
110	5	0.93166
111	5	0.86552
113	5	0.98439
114	5	0.98568
116	5	0.94651
117	5	0.91479
126	5	0.86983
128	5	0.81365
130	5	0.97295
134	5	0.91278
139	5	0.93646
140	5	0.98586
142	5	0.93815
143	5	0.90396
144	5	0.93918
145	5	0.92357
146	5	0.98157
148	5	0.95993
150	5	0.88806
3	6	0.70819
4	6	0.89043
5	6	0.97212
7	6	0.97936
8	6	0.78518
9	6	0.9148
10	6	0.86562
11	6	0.75591
12	6	0.90516
13	6	0.96919
14	6	0.89875
16	6	0.90551
17	6	0.9045
20	6	0.97136
22	6	0.86861
24	6	0.90741
25	6	0.9366
26	6	0.95189
28	6	0.9574
29	6	0.91167
30	6	0.92045
32	6	0.9129
34	6	0.93237
36	6	0.9792
37	6	0.96418
40	6	0.9226
41	6	0.96529
45	6	0.95596
47	6	0.95112
48	6	0.97539
49	6	0.87742
50	6	0.59293
52	6	0.90646
55	6	0.95402
56	6	0.86067
57	6	0.85493
62	6	0.95489
66	6	0.98184
67	6	0.67969
72	6	0.90289
73	6	0.87969
74	6	0.97547
77	6	0.97698
80	6	0.89736
83	6	0.94402
84	6	0.94541
85	6	0.91677
93	6	0.87608
94	6	0.93072
95	6	0.93576
96	6	0.95381
97	6	0.94845
98	6	0.97525
99	6	0.94389
100	6	0.96838
101	6	0.93371
103	6	0.95499
104	6	0.44252
110	6	0.93689
111	6	0.89603
113	6	0.99108
114	6	0.97329
115	6	0.92566
116	6	0.92168
117	6	0.95375
126	6	0.91484
128	6	0.89613
130	6	0.94019
132	6	0.94253
134	6	0.92949
139	6	0.97612
140	6	0.95068
142	6	0.92502
143	6	0.83636
144	6	0.88571
145	6	0.9659
146	6	0.99363
148	6	0.9434
150	6	0.89531
3	7	0.60585
5	7	0.99754
6	7	0.97936
8	7	0.70168
9	7	0.92051
10	7	0.90225
11	7	0.69095
12	7	0.93438
13	7	0.97047
14	7	0.87321
16	7	0.95046
17	7	0.91089
20	7	0.99055
22	7	0.81539
24	7	0.93473
25	7	0.98382
26	7	0.98878
28	7	0.98636
29	7	0.93926
30	7	0.94193
32	7	0.91088
34	7	0.97368
35	7	0.70564
36	7	0.98895
37	7	0.99679
40	7	0.9713
41	7	0.98761
42	7	0.9478
45	7	0.95947
47	7	0.98959
48	7	0.98836
52	7	0.89565
55	7	0.99336
56	7	0.86312
57	7	0.90018
62	7	0.99475
66	7	0.97914
72	7	0.89319
74	7	0.98946
77	7	0.99913
79	7	0.93959
80	7	0.93734
81	7	0.95389
83	7	0.94909
84	7	0.95822
85	7	0.86478
93	7	0.91548
94	7	0.90828
95	7	0.94068
96	7	0.93942
97	7	0.96969
98	7	0.99332
99	7	0.97209
100	7	0.97944
101	7	0.93942
103	7	0.9921
107	7	0.93744
110	7	0.9447
111	7	0.84894
113	7	0.98233
114	7	0.99369
116	7	0.92661
117	7	0.91194
126	7	0.86124
128	7	0.80911
130	7	0.96218
132	7	0.9413
134	7	0.93286
139	7	0.94734
140	7	0.98695
141	7	0.93791
142	7	0.95572
143	7	0.87876
144	7	0.91691
145	7	0.93578
146	7	0.99016
148	7	0.9743
150	7	0.86854
3	8	0.9882
4	8	0.95065
5	8	0.71776
6	8	0.78518
7	8	0.70168
9	8	0.82705
10	8	0.6981
11	8	0.92945
12	8	0.73309
13	8	0.80751
14	8	0.91933
17	8	0.82661
20	8	0.75764
22	8	0.97385
24	8	0.75288
28	8	0.72897
29	8	0.74391
32	8	0.71957
36	8	0.73677
41	8	0.7354
45	8	0.82947
48	8	0.77672
49	8	0.96346
50	8	0.86997
52	8	0.87838
66	8	0.82924
72	8	0.87537
73	8	0.95958
74	8	0.77711
77	8	0.71772
80	8	0.6901
85	8	0.96187
94	8	0.91179
96	8	0.88605
97	8	0.76608
100	8	0.79704
101	8	0.82825
111	8	0.96437
112	8	0.71156
113	8	0.81166
116	8	0.82679
117	8	0.92481
126	8	0.96378
128	8	0.9453
130	8	0.70798
139	8	0.81592
144	8	0.72294
145	8	0.81197
146	8	0.74437
150	8	0.92038
3	9	0.73197
4	9	0.95974
5	9	0.9415
6	9	0.9148
7	9	0.92051
8	9	0.82705
10	9	0.97863
11	9	0.81374
12	9	0.98837
13	9	0.98499
14	9	0.98076
16	9	0.96557
17	9	0.99918
20	9	0.96436
22	9	0.93102
24	9	0.98869
25	9	0.93108
26	9	0.94967
28	9	0.96136
29	9	0.99022
41	9	0.9673
45	9	0.9914
47	9	0.94389
48	9	0.96807
49	9	0.94609
50	9	0.52103
52	9	0.99457
55	9	0.93039
56	9	0.92694
57	9	0.96687
62	9	0.91515
66	9	0.95753
72	9	0.99487
73	9	0.95091
74	9	0.96437
77	9	0.93334
80	9	0.97629
85	9	0.93585
93	9	0.97659
94	9	0.98193
96	9	0.98287
97	9	0.98587
100	9	0.97871
101	9	0.99529
103	9	0.91274
111	9	0.94276
113	9	0.95913
116	9	0.99973
117	9	0.91416
126	9	0.90849
128	9	0.88646
130	9	0.97337
140	9	0.91102
143	9	0.96127
144	9	0.98608
150	9	0.96862
4	10	0.8838
5	10	0.92615
6	10	0.86562
7	10	0.90225
8	10	0.6981
9	10	0.97863
11	10	0.7068
12	10	0.99592
13	10	0.95779
14	10	0.9226
16	10	0.98786
17	10	0.97959
20	10	0.94448
22	10	0.83905
24	10	0.98963
25	10	0.94584
26	10	0.95104
28	10	0.95236
29	10	0.99388
37	10	0.88236
41	10	0.9576
45	10	0.96004
47	10	0.94764
48	10	0.94295
49	10	0.86237
52	10	0.95462
55	10	0.9322
56	10	0.95458
57	10	0.99849
62	10	0.9151
66	10	0.90898
72	10	0.95665
73	10	0.87019
74	10	0.93725
77	10	0.91444
80	10	0.99508
85	10	0.84389
93	10	0.99921
94	10	0.92227
96	10	0.92901
97	10	0.9747
98	10	0.89475
99	10	0.86388
100	10	0.95135
101	10	0.97023
103	10	0.90899
111	10	0.85464
113	10	0.91786
116	10	0.97726
128	10	0.78862
130	10	0.9805
140	10	0.92412
143	10	0.98866
144	10	0.99881
150	10	0.90843
3	11	0.9093
4	11	0.9113
5	11	0.70874
6	11	0.75591
7	11	0.69095
8	11	0.92945
9	11	0.81374
10	11	0.7068
12	11	0.73468
13	11	0.78936
14	11	0.8874
17	11	0.81389
20	11	0.74532
22	11	0.92241
24	11	0.74567
26	11	0.68427
28	11	0.72191
29	11	0.74185
36	11	0.71359
41	11	0.72907
45	11	0.81234
48	11	0.76502
49	11	0.91889
50	11	0.76712
52	11	0.85564
66	11	0.80578
72	11	0.8584
73	11	0.9147
74	11	0.76197
77	11	0.7088
80	11	0.69553
85	11	0.91112
93	11	0.6964
94	11	0.88238
96	11	0.85514
97	11	0.76288
100	11	0.7809
101	11	0.80768
111	11	0.91717
113	11	0.7855
116	11	0.81201
117	11	0.87655
126	11	0.90779
128	11	0.88315
130	11	0.70762
139	11	0.77864
144	11	0.72687
145	11	0.7639
146	11	0.71905
150	11	0.87687
3	12	0.62163
4	12	0.90629
5	12	0.95411
6	12	0.90516
7	12	0.93438
8	12	0.73309
9	12	0.98837
10	12	0.99592
11	12	0.73468
13	12	0.9792
14	12	0.93974
16	12	0.99283
17	12	0.98724
20	12	0.96963
22	12	0.86526
24	12	0.99575
25	12	0.96331
26	12	0.97093
28	12	0.97363
29	12	0.99971
37	12	0.9159
41	12	0.9785
45	12	0.98029
47	12	0.96779
48	12	0.96888
49	12	0.88616
52	12	0.96738
55	12	0.95548
56	12	0.94897
57	12	0.99238
62	12	0.94121
66	12	0.9427
72	12	0.96838
73	12	0.89301
74	12	0.9646
77	12	0.9449
80	12	0.99757
85	12	0.87696
93	12	0.99709
94	12	0.94518
96	12	0.95473
97	12	0.99077
98	12	0.92436
99	12	0.89056
100	12	0.97523
101	12	0.98447
103	12	0.93598
111	12	0.88316
113	12	0.94926
114	12	0.89129
116	12	0.9884
126	12	0.84485
128	12	0.82136
130	12	0.99095
140	12	0.94518
143	12	0.98084
144	12	0.99885
146	12	0.89501
150	12	0.92658
3	13	0.71403
4	13	0.94104
5	13	0.98005
6	13	0.96919
7	13	0.97047
8	13	0.80751
9	13	0.98499
10	13	0.95779
11	13	0.78936
12	13	0.9792
14	13	0.95997
16	13	0.96935
17	13	0.97992
20	13	0.99172
22	13	0.91179
24	13	0.97965
25	13	0.96318
26	13	0.97828
28	13	0.98579
29	13	0.98264
36	13	0.94871
37	13	0.95095
41	13	0.99194
45	13	0.99747
47	13	0.97507
48	13	0.99443
49	13	0.92585
50	13	0.53697
52	13	0.97467
55	13	0.96859
56	13	0.92289
57	13	0.94809
62	13	0.95998
66	13	0.98752
72	13	0.97341
73	13	0.93014
74	13	0.99235
77	13	0.97684
80	13	0.97087
85	13	0.93636
93	13	0.96181
94	13	0.97523
96	13	0.98767
97	13	0.9947
98	13	0.95825
99	13	0.91775
100	13	0.99706
101	13	0.99011
103	13	0.95781
111	13	0.93191
113	13	0.99265
114	13	0.9425
116	13	0.98784
117	13	0.94146
126	13	0.91858
128	13	0.89436
130	13	0.9856
139	13	0.92051
140	13	0.95668
143	13	0.93508
144	13	0.96985
145	13	0.90365
146	13	0.95801
150	13	0.95043
3	14	0.8485
4	14	0.99577
5	14	0.89465
6	14	0.89875
7	14	0.87321
8	14	0.91933
9	14	0.98076
10	14	0.9226
11	14	0.8874
12	14	0.93974
13	14	0.95997
16	14	0.8979
17	14	0.97995
20	14	0.92585
22	14	0.98394
24	14	0.9453
26	14	0.89078
28	14	0.9134
29	14	0.94422
41	14	0.9211
45	14	0.97246
47	14	0.88217
48	14	0.93516
49	14	0.9909
50	14	0.65044
52	14	0.99554
56	14	0.86844
57	14	0.90065
66	14	0.94534
72	14	0.99483
73	14	0.99284
74	14	0.9324
77	14	0.8883
80	14	0.91549
85	14	0.98043
93	14	0.91674
94	14	0.9961
96	14	0.98617
97	14	0.94664
100	14	0.95078
101	14	0.97486
111	14	0.98761
113	14	0.94093
116	14	0.98035
117	14	0.94785
126	14	0.9603
128	14	0.94185
130	14	0.91871
143	14	0.90141
144	14	0.93591
146	14	0.86955
150	14	0.98839
2	15	0.98288
18	15	0.9993
19	15	0.99309
21	15	0.96058
23	15	0.98954
27	15	0.97017
30	15	0.96224
31	15	0.96449
33	15	0.99879
38	15	0.98217
39	15	0.9686
42	15	0.95317
43	15	0.90437
44	15	0.96488
46	15	0.94566
51	15	0.9876
53	15	0.9878
54	15	0.99263
58	15	0.99683
59	15	0.9061
60	15	0.95842
61	15	0.95987
63	15	0.99571
64	15	0.95927
65	15	0.92813
68	15	0.97995
69	15	0.99288
70	15	0.96506
71	15	0.97582
75	15	0.98786
76	15	0.98342
78	15	0.96592
79	15	0.95412
81	15	0.94333
82	15	0.98521
86	15	0.97268
87	15	0.99913
88	15	0.9993
89	15	0.9733
90	15	0.98641
91	15	0.99795
92	15	0.99548
102	15	0.95766
105	15	0.89201
106	15	0.96234
107	15	0.95217
108	15	0.99406
109	15	0.98173
112	15	0.8188
115	15	0.95086
118	15	0.99392
119	15	0.9714
120	15	0.99659
121	15	0.99663
122	15	0.95735
123	15	0.98807
124	15	0.37639
125	15	0.9688
127	15	0.96543
129	15	0.98543
131	15	0.96936
135	15	0.99546
136	15	0.97414
137	15	0.99235
138	15	0.99975
141	15	0.96585
142	15	0.95171
147	15	0.92768
4	16	0.85829
5	16	0.96607
6	16	0.90551
7	16	0.95046
9	16	0.96557
10	16	0.98786
12	16	0.99283
13	16	0.96935
14	16	0.8979
17	16	0.96291
20	16	0.97294
24	16	0.98677
25	16	0.98441
26	16	0.98444
28	16	0.98043
29	16	0.9921
36	16	0.90175
37	16	0.93971
40	16	0.90832
41	16	0.98332
45	16	0.96566
47	16	0.98354
48	16	0.96881
52	16	0.93368
55	16	0.97483
56	16	0.94151
57	16	0.99004
62	16	0.96396
66	16	0.93539
72	16	0.93456
73	16	0.84173
74	16	0.96526
77	16	0.95784
80	16	0.99784
84	16	0.88602
93	16	0.99316
94	16	0.91104
96	16	0.92992
97	16	0.98671
98	16	0.946
99	16	0.92503
100	16	0.96994
101	16	0.96613
103	16	0.95745
113	16	0.94346
114	16	0.91354
116	16	0.96671
130	16	0.99265
140	16	0.96998
143	16	0.97343
144	16	0.98971
146	16	0.90556
150	16	0.88577
3	17	0.73179
4	17	0.95829
5	17	0.93323
6	17	0.9045
7	17	0.91089
8	17	0.82661
9	17	0.99918
10	17	0.97959
11	17	0.81389
12	17	0.98724
13	17	0.97992
14	17	0.97995
16	17	0.96291
20	17	0.95757
22	17	0.92932
24	17	0.98909
25	17	0.92427
26	17	0.94397
28	17	0.95647
29	17	0.98903
41	17	0.96112
45	17	0.98749
47	17	0.93694
48	17	0.96156
49	17	0.94482
50	17	0.52364
52	17	0.99379
55	17	0.92245
56	17	0.92671
57	17	0.9679
62	17	0.9072
66	17	0.94972
72	17	0.99454
73	17	0.94997
74	17	0.95742
77	17	0.9245
80	17	0.97552
85	17	0.93183
93	17	0.97651
94	17	0.9792
96	17	0.97854
97	17	0.98167
100	17	0.97288
101	17	0.99529
103	17	0.90674
111	17	0.93989
113	17	0.95138
116	17	0.99806
117	17	0.90699
126	17	0.90251
128	17	0.8825
130	17	0.96952
140	17	0.90288
143	17	0.96755
144	17	0.98577
150	17	0.97206
2	18	0.98159
15	18	0.9993
19	18	0.99297
21	18	0.96086
23	18	0.98927
27	18	0.96878
30	18	0.96042
31	18	0.96496
33	18	0.99838
38	18	0.98088
39	18	0.96742
42	18	0.95149
43	18	0.90371
44	18	0.96339
46	18	0.94444
51	18	0.98689
53	18	0.9867
54	18	0.99249
58	18	0.996
59	18	0.90532
60	18	0.95685
61	18	0.95885
63	18	0.99465
64	18	0.95921
65	18	0.92918
68	18	0.98013
69	18	0.99273
70	18	0.96505
71	18	0.97501
75	18	0.98708
76	18	0.98202
78	18	0.96475
79	18	0.95301
81	18	0.94152
82	18	0.98503
86	18	0.97297
87	18	0.99836
88	18	0.9988
89	18	0.97197
90	18	0.98585
91	18	0.99746
92	18	0.99468
102	18	0.95631
105	18	0.89723
106	18	0.96065
107	18	0.95043
108	18	0.99302
109	18	0.98075
112	18	0.8156
115	18	0.94938
118	18	0.99319
119	18	0.97185
120	18	0.99584
121	18	0.99685
122	18	0.95787
123	18	0.9881
124	18	0.36964
125	18	0.96862
127	18	0.96531
129	18	0.9847
131	18	0.96856
135	18	0.99448
136	18	0.9725
137	18	0.99193
138	18	0.99902
141	18	0.96397
142	18	0.94979
147	18	0.92772
2	19	0.95664
15	19	0.99309
18	19	0.99297
21	19	0.98329
23	19	0.99459
27	19	0.9396
31	19	0.95978
33	19	0.9972
38	19	0.96279
39	19	0.95147
43	19	0.90709
51	19	0.98129
53	19	0.96784
54	19	0.9997
58	19	0.9873
59	19	0.93325
61	19	0.94865
63	19	0.98175
64	19	0.9686
65	19	0.96521
68	19	0.9962
69	19	0.99829
70	19	0.97631
71	19	0.97013
75	19	0.97897
76	19	0.9588
78	19	0.94467
82	19	0.9946
86	19	0.99133
87	19	0.99153
88	19	0.99626
89	19	0.94932
90	19	0.98562
91	19	0.99703
92	19	0.98857
105	19	0.88814
108	19	0.9834
109	19	0.96924
118	19	0.98764
119	19	0.99192
120	19	0.98923
121	19	0.99919
122	19	0.98285
123	19	0.99833
124	19	0.40794
125	19	0.97949
127	19	0.97845
129	19	0.97337
131	19	0.96522
133	19	0.47276
135	19	0.98041
136	19	0.95667
137	19	0.99316
138	19	0.99162
147	19	0.9455
149	19	0.4481
3	20	0.66042
4	20	0.90389
5	20	0.99698
6	20	0.97136
7	20	0.99055
8	20	0.75764
9	20	0.96436
10	20	0.94448
11	20	0.74532
12	20	0.96963
13	20	0.99172
14	20	0.92585
16	20	0.97294
17	20	0.95757
22	20	0.86982
24	20	0.97053
25	20	0.98408
26	20	0.99388
28	20	0.99643
29	20	0.97374
32	20	0.89195
34	20	0.93671
36	20	0.97367
37	20	0.98104
40	20	0.9365
41	20	0.99819
45	20	0.98788
47	20	0.9923
48	20	0.9994
49	20	0.88548
50	20	0.507
52	20	0.94567
55	20	0.99046
56	20	0.89255
57	20	0.93909
62	20	0.98626
66	20	0.99004
72	20	0.94408
73	20	0.89024
74	20	0.99936
77	20	0.99496
80	20	0.96767
84	20	0.92017
85	20	0.9041
93	20	0.9528
94	20	0.95007
96	20	0.97156
97	20	0.99311
98	20	0.97686
99	20	0.94378
100	20	0.99737
101	20	0.97552
103	20	0.98358
110	20	0.91714
111	20	0.89662
113	20	0.99038
114	20	0.97244
116	20	0.9683
117	20	0.92943
126	20	0.89356
128	20	0.8438
130	20	0.98108
134	20	0.89326
139	20	0.93257
140	20	0.97697
143	20	0.92292
144	20	0.957
145	20	0.91836
146	20	0.97431
148	20	0.93665
150	20	0.91827
2	21	0.8977
15	21	0.96058
18	21	0.96086
19	21	0.98329
23	21	0.98771
31	21	0.92503
33	21	0.96856
38	21	0.92296
39	21	0.93151
43	21	0.93445
51	21	0.96598
53	21	0.91726
54	21	0.98601
58	21	0.95239
59	21	0.96126
61	21	0.94518
63	21	0.94361
64	21	0.94425
65	21	0.98685
67	21	0.65663
68	21	0.994
69	21	0.9844
70	21	0.96812
71	21	0.96559
75	21	0.96221
76	21	0.91717
82	21	0.99006
86	21	0.99629
87	21	0.96273
88	21	0.96989
90	21	0.97683
91	21	0.97537
92	21	0.96708
104	21	0.42784
105	21	0.90879
108	21	0.95214
109	21	0.94449
118	21	0.96902
119	21	0.99705
120	21	0.96228
121	21	0.97695
122	21	0.99901
123	21	0.99089
124	21	0.44795
125	21	0.9897
127	21	0.98571
129	21	0.93653
131	21	0.94845
133	21	0.53503
135	21	0.94456
136	21	0.92587
137	21	0.98143
138	21	0.95961
147	21	0.95077
149	21	0.56941
3	22	0.92789
4	22	0.99594
5	22	0.83441
6	22	0.86861
7	22	0.81539
8	22	0.97385
9	22	0.93102
10	22	0.83905
11	22	0.92241
12	22	0.86526
13	22	0.91179
14	22	0.98394
17	22	0.92932
20	22	0.86982
24	22	0.87599
26	22	0.81732
28	22	0.84848
29	22	0.87254
36	22	0.82465
41	22	0.85706
45	22	0.92812
48	22	0.88359
49	22	0.99897
50	22	0.75638
52	22	0.96293
66	22	0.91366
72	22	0.96086
73	22	0.99811
74	22	0.88235
77	22	0.83088
80	22	0.83147
85	22	0.99302
93	22	0.83124
94	22	0.97866
96	22	0.96181
97	22	0.88484
100	22	0.90169
101	22	0.92662
111	22	0.99801
113	22	0.90364
116	22	0.93116
117	22	0.95785
126	22	0.98293
128	22	0.96469
130	22	0.84309
139	22	0.8635
143	22	0.81417
144	22	0.85847
145	22	0.85266
146	22	0.83316
150	22	0.97407
2	23	0.9503
15	23	0.98954
18	23	0.98927
19	23	0.99459
21	23	0.98771
31	23	0.94444
33	23	0.99113
38	23	0.96261
39	23	0.96571
43	23	0.93674
51	23	0.98916
53	23	0.9607
54	23	0.99672
58	23	0.98264
59	23	0.94116
61	23	0.97262
63	23	0.97941
64	23	0.94731
65	23	0.95775
68	23	0.99291
69	23	0.9956
70	23	0.96698
71	23	0.9884
75	23	0.9895
76	23	0.96594
82	23	0.99434
86	23	0.99225
87	23	0.99219
88	23	0.99373
89	23	0.94237
90	23	0.99302
91	23	0.99652
92	23	0.99374
105	23	0.92707
106	23	0.94657
108	23	0.98226
109	23	0.97402
112	23	0.84693
118	23	0.99494
119	23	0.98977
120	23	0.98906
121	23	0.99412
122	23	0.98442
123	23	0.99682
124	23	0.40121
125	23	0.9895
127	23	0.9818
129	23	0.96725
131	23	0.96527
133	23	0.45313
135	23	0.982
136	23	0.96064
137	23	0.99931
138	23	0.98964
147	23	0.93705
149	23	0.49451
3	24	0.64627
4	24	0.91457
5	24	0.95444
6	24	0.90741
7	24	0.93473
8	24	0.75288
9	24	0.98869
10	24	0.98963
11	24	0.74567
12	24	0.99575
13	24	0.97965
14	24	0.9453
16	24	0.98677
17	24	0.98909
20	24	0.97053
22	24	0.87599
25	24	0.9589
26	24	0.97075
28	24	0.97842
29	24	0.99691
37	24	0.91662
41	24	0.97688
45	24	0.98246
47	24	0.96484
48	24	0.97042
49	24	0.89586
52	24	0.96983
55	24	0.95313
56	24	0.93489
57	24	0.98505
62	24	0.94118
66	24	0.94774
72	24	0.97074
73	24	0.90258
74	24	0.9669
77	24	0.94571
80	24	0.99343
85	24	0.88778
93	24	0.99038
94	24	0.95123
96	24	0.96036
97	24	0.98944
98	24	0.92307
100	24	0.97687
101	24	0.98957
103	24	0.94164
111	24	0.89339
113	24	0.95143
114	24	0.89554
116	24	0.98803
117	24	0.87808
126	24	0.85831
128	24	0.82866
130	24	0.98478
140	24	0.93959
143	24	0.98232
144	24	0.99319
146	24	0.8989
150	24	0.94147
5	25	0.98928
6	25	0.9366
7	25	0.98382
9	25	0.93108
10	25	0.94584
12	25	0.96331
13	25	0.96318
16	25	0.98441
17	25	0.92427
20	25	0.98408
24	25	0.9589
26	25	0.99687
28	25	0.98899
29	25	0.96479
34	25	0.95309
35	25	0.70364
36	25	0.95038
37	25	0.98246
40	25	0.96651
41	25	0.98926
42	25	0.92379
45	25	0.95382
47	25	0.99832
48	25	0.97825
52	25	0.89468
55	25	0.99762
56	25	0.89838
57	25	0.95015
62	25	0.99439
66	25	0.9506
72	25	0.89405
74	25	0.9775
77	25	0.98582
80	25	0.97262
81	25	0.9349
84	25	0.93919
93	25	0.9575
96	25	0.91789
97	25	0.97769
98	25	0.98069
99	25	0.96758
100	25	0.9716
101	25	0.94253
103	25	0.98842
113	25	0.95617
114	25	0.9648
116	25	0.93513
130	25	0.98016
134	25	0.91464
140	25	0.99429
142	25	0.9158
143	25	0.92772
144	25	0.95258
146	25	0.94954
148	25	0.94304
4	26	0.85993
5	26	0.99523
6	26	0.95189
7	26	0.98878
9	26	0.94967
10	26	0.95104
11	26	0.68427
12	26	0.97093
13	26	0.97828
14	26	0.89078
16	26	0.98444
17	26	0.94397
20	26	0.99388
22	26	0.81732
24	26	0.97075
25	26	0.99687
28	26	0.99713
29	26	0.9737
32	26	0.88396
34	26	0.94757
35	26	0.71394
36	26	0.96147
37	26	0.98399
40	26	0.95569
41	26	0.99625
45	26	0.97181
47	26	0.99907
48	26	0.99023
49	26	0.83722
52	26	0.9201
55	26	0.99764
56	26	0.89965
57	26	0.95154
62	26	0.99458
66	26	0.96932
72	26	0.91926
73	26	0.84365
74	26	0.98967
77	26	0.99213
80	26	0.97631
81	26	0.92497
84	26	0.9319
85	26	0.85485
93	26	0.96094
94	26	0.91681
96	26	0.94348
97	26	0.98793
98	26	0.98161
99	26	0.96055
100	26	0.98558
101	26	0.96268
103	26	0.99195
110	26	0.91314
111	26	0.84765
113	26	0.97251
114	26	0.97021
116	26	0.95316
117	26	0.88548
126	26	0.84031
128	26	0.78894
130	26	0.98427
134	26	0.90578
139	26	0.90006
140	26	0.98985
143	26	0.93594
144	26	0.95949
146	26	0.96107
148	26	0.94117
150	26	0.88667
2	27	0.99718
15	27	0.97017
18	27	0.96878
19	27	0.9396
30	27	0.99596
31	27	0.966
32	27	0.88335
33	27	0.9609
34	27	0.98689
35	27	0.71894
36	27	0.94417
37	27	0.95097
38	27	0.9923
39	27	0.96994
40	27	0.97335
42	27	0.99558
44	27	0.99844
46	27	0.98371
51	27	0.96465
53	27	0.99528
54	27	0.93763
58	27	0.98141
60	27	0.99664
62	27	0.9285
63	27	0.98648
64	27	0.93329
67	27	0.66516
69	27	0.94672
75	27	0.96429
76	27	0.98793
78	27	0.99177
79	27	0.99589
81	27	0.99204
83	27	0.96991
84	27	0.95068
87	27	0.96885
88	27	0.96292
89	27	0.99718
90	27	0.95324
91	27	0.95518
92	27	0.96662
95	27	0.98323
98	27	0.93596
99	27	0.94342
102	27	0.99288
103	27	0.92667
104	27	0.41008
106	27	0.98229
107	27	0.99379
108	27	0.9817
109	27	0.97864
110	27	0.93627
114	27	0.96151
115	27	0.99007
118	27	0.96115
120	27	0.97507
121	27	0.94998
129	27	0.986
131	27	0.96258
132	27	0.95681
134	27	0.92313
135	27	0.98419
136	27	0.98349
137	27	0.94396
138	27	0.97269
139	27	0.90056
141	27	0.99503
142	27	0.99413
145	27	0.89962
146	27	0.93722
148	27	0.98899
3	28	0.62695
4	28	0.88678
5	28	0.9942
6	28	0.9574
7	28	0.98636
8	28	0.72897
9	28	0.96136
10	28	0.95236
11	28	0.72191
12	28	0.97363
13	28	0.98579
14	28	0.9134
16	28	0.98043
17	28	0.95647
20	28	0.99643
22	28	0.84848
24	28	0.97842
25	28	0.98899
26	28	0.99713
29	28	0.97728
32	28	0.89324
34	28	0.93576
35	28	0.70896
36	28	0.96346
37	28	0.97868
40	28	0.93973
41	28	0.99669
45	28	0.9819
47	28	0.9945
48	28	0.99455
49	28	0.86657
52	28	0.93759
55	28	0.99198
56	28	0.8967
57	28	0.94985
62	28	0.98847
66	28	0.97902
72	28	0.93677
73	28	0.8723
74	28	0.9942
77	28	0.99113
80	28	0.97563
84	28	0.91801
85	28	0.88233
93	28	0.9606
94	28	0.93709
96	28	0.95985
97	28	0.99194
98	28	0.97569
99	28	0.9472
100	28	0.99198
101	28	0.9742
103	28	0.98852
110	28	0.91669
111	28	0.87616
113	28	0.97989
114	28	0.96741
116	28	0.9643
117	28	0.9081
126	28	0.86878
128	28	0.81723
130	28	0.98297
134	28	0.89044
139	28	0.91166
140	28	0.98003
143	28	0.93851
144	28	0.96206
145	28	0.8962
146	28	0.96327
148	28	0.93206
150	28	0.91159
3	29	0.63444
4	29	0.91232
5	29	0.95844
6	29	0.91167
7	29	0.93926
8	29	0.74391
9	29	0.99022
10	29	0.99388
11	29	0.74185
12	29	0.99971
13	29	0.98264
14	29	0.94422
16	29	0.9921
17	29	0.98903
20	29	0.97374
22	29	0.87254
24	29	0.99691
25	29	0.96479
26	29	0.9737
28	29	0.97728
36	29	0.89641
37	29	0.92106
41	29	0.98131
45	29	0.98412
47	29	0.97005
48	29	0.97327
49	29	0.89274
52	29	0.97036
55	29	0.95838
56	29	0.94458
57	29	0.98966
62	29	0.94495
66	29	0.94924
72	29	0.97114
73	29	0.89941
74	29	0.96937
77	29	0.94969
80	29	0.99686
85	29	0.88513
93	29	0.99524
94	29	0.95055
96	29	0.96034
97	29	0.99303
98	29	0.92806
100	29	0.97943
101	29	0.98789
103	29	0.94074
111	29	0.89059
113	29	0.95465
114	29	0.8981
116	29	0.99035
126	29	0.85484
128	29	0.82848
130	29	0.99102
140	29	0.94678
143	29	0.97959
144	29	0.99766
146	29	0.90221
150	29	0.93281
2	30	0.99114
6	30	0.92045
7	30	0.94193
15	30	0.96224
18	30	0.96042
27	30	0.99596
31	30	0.95043
32	30	0.90312
34	30	0.98477
35	30	0.70856
36	30	0.96189
37	30	0.95694
38	30	0.99064
39	30	0.97938
40	30	0.96428
42	30	0.98908
43	30	0.89371
44	30	0.99511
46	30	0.97233
51	30	0.96652
53	30	0.98779
58	30	0.97376
60	30	0.9878
61	30	0.95257
62	30	0.93141
63	30	0.98132
67	30	0.66
71	30	0.9491
75	30	0.96841
76	30	0.99213
77	30	0.93072
78	30	0.98081
79	30	0.98666
81	30	0.98512
83	30	0.98602
84	30	0.94414
87	30	0.96439
88	30	0.95515
89	30	0.99137
90	30	0.95377
92	30	0.96595
95	30	0.99526
98	30	0.93903
99	30	0.93571
102	30	0.98506
103	30	0.93077
105	30	0.8664
106	30	0.99324
107	30	0.9849
108	30	0.97711
109	30	0.97972
110	30	0.95089
112	30	0.85222
114	30	0.97128
115	30	0.9912
118	30	0.96184
120	30	0.97059
129	30	0.97836
131	30	0.95938
132	30	0.97508
134	30	0.9142
135	30	0.98223
136	30	0.9851
138	30	0.96623
139	30	0.93299
141	30	0.99874
142	30	0.9975
145	30	0.93297
146	30	0.9545
148	30	0.99162
2	31	0.96411
15	31	0.96449
18	31	0.96496
19	31	0.95978
21	31	0.92503
23	31	0.94444
27	31	0.966
30	31	0.95043
33	31	0.96603
38	31	0.97973
39	31	0.95467
42	31	0.94669
43	31	0.89642
44	31	0.97291
46	31	0.98672
51	31	0.96595
53	31	0.97856
54	31	0.95683
58	31	0.98011
59	31	0.85169
60	31	0.97296
63	31	0.97513
64	31	0.9906
65	31	0.89968
67	31	0.78668
68	31	0.94273
69	31	0.9688
70	31	0.98676
75	31	0.95533
76	31	0.94977
78	31	0.98868
79	31	0.96555
82	31	0.96601
84	31	0.92766
86	31	0.92484
87	31	0.9592
88	31	0.96399
89	31	0.98157
90	31	0.96432
91	31	0.95741
92	31	0.96027
102	31	0.98332
104	31	0.58128
107	31	0.965
108	31	0.97962
109	31	0.97763
115	31	0.97133
118	31	0.95312
119	31	0.93574
120	31	0.97528
121	31	0.96173
122	31	0.91858
123	31	0.95175
124	31	0.36215
125	31	0.94863
127	31	0.96506
129	31	0.99136
131	31	0.98791
133	31	0.60561
134	31	0.91816
135	31	0.96618
136	31	0.97717
137	31	0.94577
138	31	0.96509
147	31	0.97325
149	31	0.48503
3	32	0.66292
5	32	0.9005
6	32	0.9129
7	32	0.91088
8	32	0.71957
20	32	0.89195
26	32	0.88396
27	32	0.88335
28	32	0.89324
30	32	0.90312
34	32	0.89948
35	32	0.87384
36	32	0.93183
37	32	0.90962
38	32	0.87284
39	32	0.87447
40	32	0.875
41	32	0.87641
42	32	0.88131
44	32	0.8848
47	32	0.87194
48	32	0.89465
50	32	0.68829
55	32	0.8822
60	32	0.87435
62	32	0.90007
66	32	0.90542
74	32	0.89816
76	32	0.88187
77	32	0.90824
81	32	0.88089
83	32	0.95092
95	32	0.91655
98	32	0.9028
99	32	0.88077
100	32	0.88138
103	32	0.92479
106	32	0.90331
107	32	0.89625
110	32	0.9911
112	32	0.87938
113	32	0.89984
114	32	0.93269
115	32	0.89035
117	32	0.89227
124	32	0.42599
126	32	0.83662
132	32	0.96654
136	32	0.88485
139	32	0.92486
141	32	0.9062
142	32	0.9071
145	32	0.92338
146	32	0.9303
148	32	0.91091
2	33	0.97531
15	33	0.99879
18	33	0.99838
19	33	0.9972
21	33	0.96856
23	33	0.99113
27	33	0.9609
31	33	0.96603
38	33	0.97594
39	33	0.96068
43	33	0.90078
44	33	0.95595
46	33	0.94071
51	33	0.98467
53	33	0.9826
54	33	0.99636
58	33	0.99491
59	33	0.91444
60	33	0.95039
61	33	0.95239
63	33	0.99181
64	33	0.96681
65	33	0.94326
68	33	0.98702
69	33	0.99596
70	33	0.9713
71	33	0.97131
75	33	0.98357
76	33	0.9741
78	33	0.9612
79	33	0.94499
82	33	0.98912
86	33	0.97989
87	33	0.99701
88	33	0.99937
89	33	0.96659
90	33	0.98553
91	33	0.99842
92	33	0.99282
102	33	0.95102
105	33	0.88494
107	33	0.94308
108	33	0.99107
109	33	0.97708
118	33	0.99112
119	33	0.97979
120	33	0.99466
121	33	0.99913
122	33	0.96686
123	33	0.99263
124	33	0.38472
125	33	0.97146
127	33	0.97014
129	33	0.98283
131	33	0.96849
133	33	0.44273
135	33	0.99052
136	33	0.96777
137	33	0.99231
138	33	0.99783
141	33	0.95337
147	33	0.93604
2	34	0.97821
5	34	0.9609
6	34	0.93237
7	34	0.97368
20	34	0.93671
25	34	0.95309
26	34	0.94757
27	34	0.98689
28	34	0.93576
30	34	0.98477
32	34	0.89948
35	34	0.7327
36	34	0.9718
37	34	0.9867
38	34	0.9612
40	34	0.99385
41	34	0.93139
42	34	0.99544
44	34	0.98339
46	34	0.96481
47	34	0.95197
48	34	0.92948
53	34	0.96786
55	34	0.96498
58	34	0.93857
60	34	0.98624
62	34	0.97545
63	34	0.94865
74	34	0.9336
76	34	0.96111
77	34	0.96639
78	34	0.96929
79	34	0.99011
81	34	0.99706
83	34	0.96752
84	34	0.96403
89	34	0.97552
95	34	0.97151
98	34	0.97235
99	34	0.97085
102	34	0.97518
103	34	0.97248
106	34	0.95995
107	34	0.98739
108	34	0.93887
110	34	0.94756
114	34	0.98738
115	34	0.97263
129	34	0.94742
132	34	0.9548
134	34	0.93445
135	34	0.9463
136	34	0.94828
139	34	0.91621
140	34	0.96375
141	34	0.98455
142	34	0.99268
145	34	0.91013
146	34	0.96431
148	34	0.99801
2	35	0.71353
5	35	0.69645
7	35	0.70564
25	35	0.70364
26	35	0.71394
27	35	0.71894
28	35	0.70896
30	35	0.70856
32	35	0.87384
34	35	0.7327
36	35	0.69424
37	35	0.7171
38	35	0.70052
40	35	0.73627
42	35	0.72991
44	35	0.71534
46	35	0.70847
47	35	0.69599
53	35	0.70607
55	35	0.70597
60	35	0.73057
62	35	0.73278
63	35	0.69798
76	35	0.69006
77	35	0.70067
78	35	0.71102
79	35	0.72406
81	35	0.73249
83	35	0.73849
84	35	0.71182
89	35	0.70843
95	35	0.6916
98	35	0.72461
99	35	0.74918
102	35	0.71345
103	35	0.77258
107	35	0.77281
108	35	0.69818
110	35	0.84492
114	35	0.73067
115	35	0.70023
124	35	0.6655
129	35	0.68816
132	35	0.76283
136	35	0.71004
140	35	0.71286
141	35	0.71959
142	35	0.71706
143	35	0.68992
146	35	0.69268
148	35	0.72381
3	36	0.65779
5	36	0.98268
6	36	0.9792
7	36	0.98895
8	36	0.73677
11	36	0.71359
13	36	0.94871
16	36	0.90175
20	36	0.97367
22	36	0.82465
25	36	0.95038
26	36	0.96147
27	36	0.94417
28	36	0.96346
29	36	0.89641
30	36	0.96189
32	36	0.93183
34	36	0.9718
35	36	0.69424
37	36	0.98865
40	36	0.9533
41	36	0.96208
42	36	0.9504
44	36	0.94346
45	36	0.94054
47	36	0.96146
48	36	0.97315
49	36	0.83473
50	36	0.57224
55	36	0.9695
60	36	0.93445
62	36	0.97503
66	36	0.97959
74	36	0.97703
77	36	0.98745
79	36	0.93859
80	36	0.88734
81	36	0.95278
83	36	0.97892
84	36	0.93491
85	36	0.87826
94	36	0.90159
95	36	0.96955
96	36	0.93326
97	36	0.94099
98	36	0.97257
99	36	0.94235
100	36	0.96325
103	36	0.97489
106	36	0.95089
107	36	0.93681
110	36	0.96258
111	36	0.85846
112	36	0.83774
113	36	0.97393
114	36	0.99527
115	36	0.94545
117	36	0.93766
126	36	0.88837
128	36	0.81604
130	36	0.91824
132	36	0.97285
134	36	0.90248
139	36	0.97869
140	36	0.95369
141	36	0.96014
142	36	0.97118
145	36	0.97337
146	36	0.99465
148	36	0.98004
5	37	0.99301
6	37	0.96418
7	37	0.99679
10	37	0.88236
12	37	0.9159
13	37	0.95095
16	37	0.93971
20	37	0.98104
24	37	0.91662
25	37	0.98246
26	37	0.98399
27	37	0.95097
28	37	0.97868
29	37	0.92106
30	37	0.95694
32	37	0.90962
34	37	0.9867
35	37	0.7171
36	37	0.98865
40	37	0.9826
41	37	0.97691
42	37	0.96684
44	37	0.94827
45	37	0.93976
47	37	0.98577
48	37	0.97669
55	37	0.99216
56	37	0.83114
57	37	0.88304
60	37	0.95019
62	37	0.99596
66	37	0.96585
74	37	0.9791
77	37	0.99504
79	37	0.95682
80	37	0.92275
81	37	0.97222
83	37	0.95721
84	37	0.95663
93	37	0.89794
95	37	0.95102
97	37	0.95498
98	37	0.98863
99	37	0.97179
100	37	0.96535
102	37	0.93612
103	37	0.99285
107	37	0.954
110	37	0.9481
113	37	0.9655
114	37	0.9962
115	37	0.94186
117	37	0.88999
126	37	0.83256
130	37	0.94529
132	37	0.94714
134	37	0.92695
139	37	0.93868
140	37	0.98421
141	37	0.95563
142	37	0.97116
143	37	0.85973
144	37	0.89694
145	37	0.92891
146	37	0.98382
148	37	0.98564
2	38	0.99096
15	38	0.98217
18	38	0.98088
19	38	0.96279
21	38	0.92296
23	38	0.96261
27	38	0.9923
30	38	0.99064
31	38	0.97973
32	38	0.87284
33	38	0.97594
34	38	0.9612
35	38	0.70052
39	38	0.98931
40	38	0.94068
42	38	0.97643
43	38	0.92419
44	38	0.99415
46	38	0.98178
51	38	0.98813
53	38	0.99575
54	38	0.96261
58	38	0.99271
59	38	0.8547
60	38	0.9865
61	38	0.96562
63	38	0.99511
64	38	0.95459
65	38	0.87176
67	38	0.71235
68	38	0.94055
69	38	0.97216
70	38	0.96291
71	38	0.96805
75	38	0.98594
76	38	0.99207
78	38	0.99046
79	38	0.98157
81	38	0.96892
82	38	0.96586
83	38	0.96514
84	38	0.93122
86	38	0.92784
87	38	0.98287
88	38	0.97916
89	38	0.99635
90	38	0.98134
91	38	0.97429
92	38	0.98556
95	38	0.98298
102	38	0.99015
104	38	0.46085
105	38	0.88076
106	38	0.98861
107	38	0.98111
108	38	0.99541
109	38	0.99646
110	38	0.92438
112	38	0.84501
115	38	0.99183
118	38	0.98159
119	38	0.93006
120	38	0.99138
121	38	0.96918
122	38	0.91273
123	38	0.95598
125	38	0.95664
127	38	0.95847
129	38	0.99677
131	38	0.98724
132	38	0.95431
133	38	0.47786
134	38	0.907
135	38	0.99355
136	38	0.99743
137	38	0.96896
138	38	0.98491
141	38	0.98789
142	38	0.98051
145	38	0.89618
147	38	0.93579
148	38	0.9687
149	38	0.45802
2	39	0.96779
15	39	0.9686
18	39	0.96742
19	39	0.95147
21	39	0.93151
23	39	0.96571
27	39	0.96994
30	39	0.97938
31	39	0.95467
32	39	0.87447
33	39	0.96068
38	39	0.98931
42	39	0.9445
43	39	0.96508
44	39	0.97392
46	39	0.95168
50	39	0.52059
51	39	0.99259
53	39	0.97423
54	39	0.95474
58	39	0.97788
59	39	0.86618
60	39	0.95567
61	39	0.99075
63	39	0.98174
65	39	0.86853
67	39	0.71608
68	39	0.93534
69	39	0.96493
70	39	0.9513
71	39	0.98623
75	39	0.99263
76	39	0.98822
78	39	0.96214
79	39	0.94853
82	39	0.96413
83	39	0.96887
86	39	0.92893
87	39	0.97493
88	39	0.96843
89	39	0.97501
90	39	0.98697
91	39	0.96685
92	39	0.98482
95	39	0.98485
102	39	0.96454
104	39	0.45304
105	39	0.92796
106	39	0.9935
107	39	0.9481
108	39	0.98527
109	39	0.99538
110	39	0.9193
112	39	0.90507
115	39	0.98004
118	39	0.98373
119	39	0.92817
120	39	0.9836
121	39	0.95673
122	39	0.91783
123	39	0.95112
125	39	0.97036
127	39	0.96456
129	39	0.9806
131	39	0.98382
132	39	0.9615
133	39	0.47762
135	39	0.98515
136	39	0.99357
137	39	0.97158
138	39	0.97334
139	39	0.91649
141	39	0.97586
142	39	0.96424
145	39	0.92355
147	39	0.92956
148	39	0.94698
149	39	0.54587
2	40	0.96158
5	40	0.96021
6	40	0.9226
7	40	0.9713
16	40	0.90832
20	40	0.9365
25	40	0.96651
26	40	0.95569
27	40	0.97335
28	40	0.93973
30	40	0.96428
32	40	0.875
34	40	0.99385
35	40	0.73627
36	40	0.9533
37	40	0.9826
38	40	0.94068
41	40	0.9378
42	40	0.98752
44	40	0.97122
46	40	0.96465
47	40	0.96098
48	40	0.92793
53	40	0.95173
55	40	0.97138
57	40	0.84299
60	40	0.98123
62	40	0.9793
63	40	0.92519
74	40	0.92996
76	40	0.93102
77	40	0.96374
78	40	0.96386
79	40	0.98589
80	40	0.88239
81	40	0.99143
83	40	0.93784
84	40	0.97597
89	40	0.96348
95	40	0.94391
98	40	0.9787
99	40	0.98594
102	40	0.96938
103	40	0.97435
106	40	0.92847
107	40	0.98306
110	40	0.92583
114	40	0.97672
115	40	0.95878
129	40	0.93098
130	40	0.91015
134	40	0.9528
140	40	0.97862
141	40	0.96206
142	40	0.97439
146	40	0.95133
148	40	0.98624
3	41	0.63234
4	41	0.89476
5	41	0.99482
6	41	0.96529
7	41	0.98761
8	41	0.7354
9	41	0.9673
10	41	0.9576
11	41	0.72907
12	41	0.9785
13	41	0.99194
14	41	0.9211
16	41	0.98332
17	41	0.96112
20	41	0.99819
22	41	0.85706
24	41	0.97688
25	41	0.98926
26	41	0.99625
28	41	0.99669
29	41	0.98131
32	41	0.87641
34	41	0.93139
36	41	0.96208
37	41	0.97691
40	41	0.9378
45	41	0.98627
47	41	0.99529
48	41	0.99701
49	41	0.87474
52	41	0.94507
55	41	0.99194
56	41	0.91506
57	41	0.95414
62	41	0.98627
66	41	0.9815
72	41	0.94401
73	41	0.88022
74	41	0.99577
77	41	0.99183
80	41	0.97821
84	41	0.92548
85	41	0.89029
93	41	0.96553
94	41	0.94342
96	41	0.9649
97	41	0.99545
98	41	0.97879
99	41	0.95032
100	41	0.99497
101	41	0.97616
103	41	0.9824
111	41	0.88382
113	41	0.98611
114	41	0.96492
116	41	0.97089
117	41	0.91123
126	41	0.87445
128	41	0.83496
130	41	0.99045
134	41	0.90236
139	41	0.91386
140	41	0.98325
143	41	0.93653
144	41	0.96781
145	41	0.89721
146	41	0.96606
148	41	0.92847
150	41	0.9121
2	42	0.99243
5	42	0.93021
7	42	0.9478
15	42	0.95317
18	42	0.95149
25	42	0.92379
27	42	0.99558
30	42	0.98908
31	42	0.94669
32	42	0.88131
34	42	0.99544
35	42	0.72991
36	42	0.9504
37	42	0.96684
38	42	0.97643
39	42	0.9445
40	42	0.98752
44	42	0.99115
46	42	0.97505
47	42	0.92022
53	42	0.98561
55	42	0.93703
58	42	0.96421
60	42	0.99429
62	42	0.95121
63	42	0.97101
76	42	0.97473
77	42	0.9376
78	42	0.98301
79	42	0.99659
81	42	0.99943
83	42	0.96194
84	42	0.95378
87	42	0.95
88	42	0.94282
89	42	0.98773
92	42	0.94354
95	42	0.97173
98	42	0.94928
99	42	0.95604
102	42	0.98465
103	42	0.94797
106	42	0.96632
107	42	0.99369
108	42	0.96239
109	42	0.95517
110	42	0.93477
114	42	0.96994
115	42	0.97747
120	42	0.954
129	42	0.96845
132	42	0.94731
134	42	0.92373
135	42	0.96793
136	42	0.96279
138	42	0.95521
140	42	0.93862
141	42	0.98985
142	42	0.99349
145	42	0.8884
146	42	0.94041
148	42	0.99303
15	43	0.90437
18	43	0.90371
19	43	0.90709
21	43	0.93445
23	43	0.93674
30	43	0.89371
31	43	0.89642
33	43	0.90078
38	43	0.92419
39	43	0.96508
50	43	0.5877
51	43	0.95874
54	43	0.91489
58	43	0.91388
59	43	0.88052
61	43	0.97606
63	43	0.91389
65	43	0.87398
67	43	0.76403
68	43	0.90994
69	43	0.92725
70	43	0.92728
71	43	0.96611
75	43	0.95601
76	43	0.91808
82	43	0.94068
86	43	0.91261
87	43	0.91663
88	43	0.91262
90	43	0.96117
91	43	0.91697
92	43	0.93901
95	43	0.91526
104	43	0.52418
105	43	0.94475
106	43	0.93425
108	43	0.92793
109	43	0.95153
112	43	0.92484
115	43	0.90935
118	43	0.94141
119	43	0.91306
120	43	0.93099
121	43	0.90499
122	43	0.91816
123	43	0.91972
124	43	0.35583
125	43	0.97064
127	43	0.96197
129	43	0.91805
131	43	0.95274
133	43	0.57825
135	43	0.92045
136	43	0.94298
137	43	0.93644
138	43	0.91066
147	43	0.92853
149	43	0.73364
2	44	0.99259
15	44	0.96488
18	44	0.96339
27	44	0.99844
30	44	0.99511
31	44	0.97291
32	44	0.8848
33	44	0.95595
34	44	0.98339
35	44	0.71534
36	44	0.94346
37	44	0.94827
38	44	0.99415
39	44	0.97392
40	44	0.97122
42	44	0.99115
46	44	0.99028
51	44	0.9661
53	44	0.99332
58	44	0.97973
60	44	0.99727
63	44	0.98416
64	44	0.93919
67	44	0.70471
70	44	0.93913
75	44	0.96382
76	44	0.98443
78	44	0.99499
79	44	0.99512
81	44	0.98709
83	44	0.96956
84	44	0.96072
87	44	0.9638
88	44	0.95836
89	44	0.9988
90	44	0.95505
91	44	0.95032
92	44	0.96413
95	44	0.98442
98	44	0.94067
99	44	0.94915
102	44	0.99712
104	44	0.45735
106	44	0.98299
107	44	0.99356
108	44	0.98153
109	44	0.98241
110	44	0.93672
112	44	0.81367
114	44	0.96092
115	44	0.99602
118	44	0.95809
120	44	0.97401
121	44	0.94518
129	44	0.98863
131	44	0.97093
132	44	0.95773
133	44	0.44998
134	44	0.93777
135	44	0.981
136	44	0.98815
138	44	0.96796
139	44	0.90592
140	44	0.91674
141	44	0.99164
142	44	0.99069
145	44	0.90428
146	44	0.94198
148	44	0.98678
3	45	0.73872
4	45	0.95539
5	45	0.97292
6	45	0.95596
7	45	0.95947
8	45	0.82947
9	45	0.9914
10	45	0.96004
11	45	0.81234
12	45	0.98029
13	45	0.99747
14	45	0.97246
16	45	0.96566
17	45	0.98749
20	45	0.98788
22	45	0.92812
24	45	0.98246
25	45	0.95382
26	45	0.97181
28	45	0.9819
29	45	0.98412
36	45	0.94054
37	45	0.93976
41	45	0.98627
47	45	0.96736
48	45	0.99106
49	45	0.94147
50	45	0.5596
52	45	0.98451
55	45	0.95958
56	45	0.90803
57	45	0.94862
62	45	0.94988
66	45	0.98677
72	45	0.98358
73	45	0.94553
74	45	0.9894
77	45	0.96853
80	45	0.97001
85	45	0.94665
93	45	0.9624
94	45	0.9846
96	45	0.99342
97	45	0.99431
98	45	0.94018
100	45	0.99634
101	45	0.99504
103	45	0.94839
111	45	0.94583
113	45	0.98641
116	45	0.99331
117	45	0.94671
126	45	0.92969
128	45	0.89475
130	45	0.97792
139	45	0.91355
140	45	0.94053
143	45	0.93947
144	45	0.97194
145	45	0.89714
146	45	0.94524
150	45	0.96327
2	46	0.97415
15	46	0.94566
18	46	0.94444
27	46	0.98371
30	46	0.97233
31	46	0.98672
33	46	0.94071
34	46	0.96481
35	46	0.70847
38	46	0.98178
39	46	0.95168
40	46	0.96465
42	46	0.97505
44	46	0.99028
51	46	0.94743
53	46	0.9811
58	46	0.96725
60	46	0.99294
63	46	0.96762
64	46	0.95937
67	46	0.77251
69	46	0.93467
70	46	0.95098
75	46	0.93889
76	46	0.95499
78	46	0.99733
79	46	0.9888
81	46	0.97102
84	46	0.97415
87	46	0.94077
88	46	0.94008
89	46	0.99188
90	46	0.93838
92	46	0.94119
95	46	0.9557
98	46	0.934
99	46	0.95679
102	46	0.99796
104	46	0.55852
106	46	0.95379
107	46	0.98777
108	46	0.96804
109	46	0.96967
115	46	0.98919
120	46	0.95858
129	46	0.9846
131	46	0.97202
133	46	0.54619
134	46	0.96328
135	46	0.95899
136	46	0.97688
138	46	0.94792
141	46	0.96419
142	46	0.9643
147	46	0.93212
148	46	0.96459
5	47	0.99516
6	47	0.95112
7	47	0.98959
9	47	0.94389
10	47	0.94764
12	47	0.96779
13	47	0.97507
14	47	0.88217
16	47	0.98354
17	47	0.93694
20	47	0.9923
24	47	0.96484
25	47	0.99832
26	47	0.99907
28	47	0.9945
29	47	0.97005
32	47	0.87194
34	47	0.95197
35	47	0.69599
36	47	0.96146
37	47	0.98577
40	47	0.96098
41	47	0.99529
42	47	0.92022
45	47	0.96736
48	47	0.98824
52	47	0.91291
55	47	0.99888
56	47	0.89852
57	47	0.94894
62	47	0.99535
66	47	0.96637
72	47	0.91215
74	47	0.98762
77	47	0.99232
80	47	0.97353
81	47	0.93087
84	47	0.93692
85	47	0.84583
93	47	0.95837
94	47	0.90952
96	47	0.93741
97	47	0.9856
98	47	0.98303
99	47	0.96355
100	47	0.98274
101	47	0.95513
103	47	0.99011
111	47	0.83818
113	47	0.97012
114	47	0.97101
116	47	0.94794
117	47	0.87838
126	47	0.83165
130	47	0.98333
134	47	0.91146
139	47	0.89849
140	47	0.99225
142	47	0.91857
143	47	0.9277
144	47	0.9563
