13	2	0.99296
16	2	0.96392
25	2	0.9734
27	2	0.99646
33	2	0.98534
38	2	0.96803
39	2	0.99364
42	2	0.99254
43	2	0.99754
44	2	0.9808
46	2	0.98501
55	2	0.96501
59	2	0.99761
61	2	0.99744
64	2	0.96449
65	2	0.97539
69	2	0.99557
70	2	0.99736
79	2	0.9752
80	2	0.99973
81	2	0.98361
82	2	0.97161
83	2	0.99962
86	2	0.97671
88	2	0.99349
89	2	0.9994
90	2	0.97742
92	2	0.98917
93	2	0.99571
95	2	0.99632
100	2	0.97402
103	2	0.9904
106	2	0.96972
107	2	0.99889
109	2	0.97659
115	2	0.99161
117	2	0.99502
121	2	0.99775
127	2	0.99361
129	2	0.98561
131	2	0.97964
133	2	0.95818
135	2	0.98739
136	2	0.99686
137	2	0.98484
138	2	0.99939
142	2	0.99089
145	2	0.99163
147	2	0.98503
148	2	0.99237
149	2	0.87092
4	3	0.53698
5	3	0.49725
8	3	0.83588
9	3	0.2402
10	3	0.58952
11	3	0.62926
14	3	0.36274
17	3	0.73157
18	3	0.20638
20	3	0.2945
21	3	0.23467
22	3	0.34349
24	3	0.41103
28	3	0.37271
32	3	0.33061
35	3	0.57208
36	3	0.57652
40	3	0.22603
41	3	0.59161
45	3	0.51515
47	3	0.36641
48	3	0.31914
49	3	0.29298
50	3	0.40428
52	3	0.58647
53	3	0.2582
56	3	0.39114
62	3	0.2878
63	3	0.21608
67	3	0.29469
71	3	0.30311
73	3	0.75319
74	3	0.25
77	3	0.31739
78	3	0.3242
84	3	0.20529
85	3	0.62162
94	3	0.59873
96	3	0.47932
101	3	0.64837
105	3	0.38531
111	3	0.56814
114	3	0.46644
116	3	0.55571
124	3	0.65621
132	3	0.48672
140	3	0.57064
141	3	0.21338
143	3	0.44918
144	3	0.41288
3	4	0.53698
5	4	0.51246
6	4	0.39195
8	4	0.25401
9	4	0.5322
10	4	0.23532
11	4	0.29986
14	4	0.56008
17	4	0.61596
18	4	0.39317
20	4	0.44105
21	4	0.3901
24	4	0.77305
26	4	0.47167
28	4	0.37136
30	4	0.41504
32	4	0.61667
36	4	0.45631
41	4	0.70739
45	4	0.5684
47	4	0.73114
48	4	0.41391
49	4	0.78473
50	4	0.73816
51	4	0.50059
53	4	0.40873
56	4	0.37653
62	4	0.53431
63	4	0.448
66	4	0.5365
67	4	0.66832
68	4	0.43625
71	4	0.54711
73	4	0.22298
77	4	0.56442
78	4	0.50501
85	4	0.56696
87	4	0.37777
94	4	0.43308
96	4	0.6193
101	4	0.72448
105	4	0.73108
111	4	0.58249
114	4	0.48913
116	4	0.53254
118	4	0.44508
122	4	0.44408
124	4	0.4538
128	4	0.49065
132	4	0.51589
139	4	0.36817
140	4	0.76621
143	4	0.46378
150	4	0.44112
3	5	0.49725
4	5	0.51246
8	5	0.6129
11	5	0.15009
17	5	0.524
18	5	0.60065
20	5	0.52452
21	5	0.55634
22	5	0.35608
24	5	0.64776
26	5	0.47033
31	5	0.46055
32	5	0.67686
35	5	0.88414
40	5	0.59446
41	5	0.81047
45	5	0.61896
47	5	0.77013
48	5	0.47129
49	5	0.47822
50	5	0.42394
51	5	0.53727
52	5	0.43218
53	5	0.62782
56	5	0.82365
60	5	0.59654
62	5	0.80362
63	5	0.4416
67	5	0.55145
68	5	0.47442
71	5	0.61438
73	5	0.37222
74	5	0.47939
75	5	0.60111
77	5	0.5447
78	5	0.75547
84	5	0.531
85	5	0.49909
94	5	0.5789
96	5	0.52876
99	5	0.50058
101	5	0.81541
102	5	0.61969
104	5	0.66653
105	5	0.62477
108	5	0.47714
110	5	0.45734
111	5	0.66542
114	5	0.56766
116	5	0.69433
122	5	0.49169
124	5	0.47594
132	5	0.72094
140	5	0.83496
144	5	0.67055
4	6	0.39195
7	6	0.95496
9	6	0.6147
12	6	0.92599
13	6	0.94279
14	6	0.7175
19	6	0.94765
20	6	0.78752
21	6	0.85762
23	6	0.94547
24	6	0.59441
25	6	0.96661
26	6	0.81125
28	6	0.84889
30	6	0.93238
31	6	0.91816
32	6	0.76416
33	6	0.94761
38	6	0.94972
39	6	0.94574
42	6	0.94383
44	6	0.96444
46	6	0.95575
48	6	0.80702
49	6	0.34811
51	6	0.83782
54	6	0.97657
55	6	0.94673
57	6	0.95377
62	6	0.77955
63	6	0.96589
64	6	0.95638
66	6	0.73321
67	6	0.76813
68	6	0.93978
72	6	0.97759
74	6	0.84207
76	6	0.9453
79	6	0.94796
86	6	0.95082
87	6	0.89532
88	6	0.94679
90	6	0.95723
92	6	0.95685
95	6	0.94117
97	6	0.91902
98	6	0.94584
99	6	0.9468
103	6	0.94576
104	6	0.75852
109	6	0.96355
110	6	0.92339
112	6	0.96137
113	6	0.9665
115	6	0.94486
118	6	0.87823
119	6	0.95883
120	6	0.95693
122	6	0.93089
123	6	0.96321
125	6	0.9626
127	6	0.94931
128	6	0.9592
130	6	0.96481
131	6	0.95988
133	6	0.95065
134	6	0.96525
135	6	0.95904
137	6	0.94093
139	6	0.97291
141	6	0.93135
142	6	0.95079
145	6	0.94667
146	6	0.9749
147	6	0.95977
148	6	0.94724
149	6	0.87621
150	6	0.97163
6	7	0.95496
12	7	0.93462
16	7	0.95076
18	7	0.72472
19	7	0.9365
21	7	0.86392
23	7	0.96041
24	7	0.55106
25	7	0.94796
26	7	0.82044
30	7	0.94291
31	7	0.96197
32	7	0.80117
33	7	0.95075
38	7	0.94295
39	7	0.94835
44	7	0.95563
46	7	0.95152
49	7	0.35569
51	7	0.83029
53	7	0.81399
54	7	0.95466
57	7	0.95709
58	7	0.86707
60	7	0.89366
62	7	0.82328
63	7	0.9036
64	7	0.95225
65	7	0.95264
66	7	0.72435
67	7	0.76467
68	7	0.92407
71	7	0.8163
72	7	0.97223
75	7	0.80773
76	7	0.95265
78	7	0.7861
81	7	0.95484
82	7	0.95081
84	7	0.92961
86	7	0.96474
88	7	0.94638
90	7	0.95042
91	7	0.93375
97	7	0.90589
98	7	0.98445
99	7	0.96005
102	7	0.87337
103	7	0.95994
104	7	0.81881
105	7	0.21417
106	7	0.95867
108	7	0.91557
109	7	0.97092
110	7	0.95524
111	7	0.70399
112	7	0.97444
113	7	0.96588
115	7	0.95381
118	7	0.87998
119	7	0.94606
120	7	0.97299
122	7	0.96096
123	7	0.96867
124	7	0.47714
125	7	0.96904
126	7	0.91339
127	7	0.94628
128	7	0.95944
129	7	0.9566
130	7	0.9857
131	7	0.9541
132	7	0.78884
133	7	0.97568
134	7	0.9924
135	7	0.95221
137	7	0.95363
139	7	0.99384
140	7	0.46196
146	7	0.97478
147	7	0.9554
148	7	0.94883
149	7	0.89919
150	7	0.95487
3	8	0.83588
4	8	0.25401
5	8	0.6129
9	8	0.2526
10	8	0.42142
11	8	0.36758
14	8	0.32974
17	8	0.50624
18	8	0.20234
20	8	0.3523
21	8	0.2746
22	8	0.33778
24	8	0.33588
28	8	0.35604
32	8	0.24684
35	8	0.80178
36	8	0.51294
40	8	0.48372
41	8	0.57887
45	8	0.46475
47	8	0.37211
48	8	0.38726
50	8	0.29996
52	8	0.79736
53	8	0.22102
56	8	0.6435
62	8	0.28758
63	8	0.17453
71	8	0.16793
73	8	0.74996
74	8	0.34749
75	8	0.18959
77	8	0.17016
78	8	0.31961
84	8	0.18141
85	8	0.63002
94	8	0.67411
96	8	0.41116
101	8	0.55018
102	8	0.21063
105	8	0.22881
111	8	0.358
114	8	0.36114
116	8	0.52521
124	8	0.46467
132	8	0.38816
140	8	0.38957
141	8	0.19829
143	8	0.25927
144	8	0.59071
3	9	0.2402
4	9	0.5322
6	9	0.6147
8	9	0.2526
10	9	0.28432
12	9	0.61216
14	9	0.77247
17	9	0.35939
18	9	0.62384
19	9	0.58654
20	9	0.84427
21	9	0.77664
22	9	0.34435
24	9	0.84787
25	9	0.55501
26	9	0.744
28	9	0.7386
29	9	0.62844
30	9	0.69204
31	9	0.56308
32	9	0.69478
34	9	0.54773
35	9	0.47575
36	9	0.54608
37	9	0.56611
40	9	0.59211
41	9	0.45403
45	9	0.53516
47	9	0.63718
48	9	0.74329
49	9	0.49355
50	9	0.2013
51	9	0.73031
52	9	0.59044
54	9	0.57882
56	9	0.31607
58	9	0.61949
63	9	0.64413
66	9	0.82548
71	9	0.61358
72	9	0.57936
73	9	0.28716
74	9	0.7062
76	9	0.54948
78	9	0.63044
84	9	0.6153
85	9	0.78967
87	9	0.60775
94	9	0.64785
96	9	0.7544
97	9	0.61115
99	9	0.55799
101	9	0.57306
108	9	0.56468
114	9	0.62074
116	9	0.65149
122	9	0.5983
126	9	0.61585
128	9	0.57089
139	9	0.56221
141	9	0.64769
144	9	0.67807
150	9	0.73239
3	10	0.58952
4	10	0.23532
8	10	0.42142
9	10	0.28432
11	10	0.53302
12	10	0.29336
14	10	0.24494
17	10	0.74831
18	10	0.30966
20	10	0.18518
21	10	0.35084
22	10	0.46117
26	10	0.24634
28	10	0.38667
30	10	0.1884
32	10	0.18453
35	10	0.27003
36	10	0.61174
45	10	0.41306
50	10	0.19515
52	10	0.3497
53	10	0.37435
56	10	0.18196
58	10	0.18119
67	10	0.23319
71	10	0.30815
73	10	0.86575
74	10	0.28252
77	10	0.31727
78	10	0.33374
84	10	0.29244
85	10	0.37861
87	10	0.24312
94	10	0.23269
96	10	0.54029
101	10	0.36189
102	10	0.26763
104	10	0.20015
105	10	0.17754
110	10	0.24507
111	10	0.48733
114	10	0.48709
116	10	0.452
124	10	0.76535
132	10	0.47564
140	10	0.18342
141	10	0.24375
143	10	0.6022
144	10	0.47409
150	10	0.22605
3	11	0.62926
4	11	0.29986
5	11	0.15009
8	11	0.36758
10	11	0.53302
17	11	0.47316
35	11	0.02588
36	11	0.15141
41	11	0.20394
45	11	0.11295
49	11	0.15179
50	11	0.3706
56	11	0.0945
67	11	0.03386
73	11	0.46683
101	11	0.1747
104	11	0.01344
105	11	0.36796
111	11	0.27964
114	11	0.01986
116	11	0.05634
124	11	0.53925
132	11	0.14475
140	11	0.36502
143	11	0.01545
6	12	0.92599
7	12	0.93462
9	12	0.61216
10	12	0.29336
14	12	0.74189
15	12	0.92209
16	12	0.94399
18	12	0.78386
19	12	0.9277
20	12	0.83557
21	12	0.89084
25	12	0.93396
26	12	0.88284
28	12	0.93755
29	12	0.94858
30	12	0.95372
32	12	0.81722
33	12	0.91519
34	12	0.95257
36	12	0.3423
37	12	0.95299
40	12	0.71169
44	12	0.94305
46	12	0.93198
48	12	0.82207
51	12	0.8416
52	12	0.2988
53	12	0.83287
57	12	0.94065
58	12	0.92656
60	12	0.87029
63	12	0.91652
64	12	0.91349
66	12	0.73875
67	12	0.7744
71	12	0.86252
72	12	0.93371
73	12	0.1511
74	12	0.90287
75	12	0.84384
76	12	0.96675
77	12	0.69659
78	12	0.77989
79	12	0.91517
84	12	0.95445
85	12	0.61212
86	12	0.92962
87	12	0.91458
90	12	0.92936
91	12	0.94926
92	12	0.91501
94	12	0.56673
96	12	0.73571
97	12	0.95649
98	12	0.95842
99	12	0.91625
100	12	0.94745
101	12	0.64051
102	12	0.8844
108	12	0.92998
109	12	0.92811
110	12	0.96906
111	12	0.71581
112	12	0.94406
113	12	0.92211
114	12	0.86991
116	12	0.78858
119	12	0.92074
120	12	0.92742
123	12	0.94309
124	12	0.55342
125	12	0.91976
126	12	0.96206
130	12	0.93932
131	12	0.91361
132	12	0.82005
133	12	0.9187
134	12	0.94954
137	12	0.92963
139	12	0.92763
141	12	0.95413
143	12	0.64044
144	12	0.67811
146	12	0.93577
150	12	0.94972
2	13	0.99296
6	13	0.94279
25	13	0.98706
27	13	0.99449
33	13	0.99129
34	13	0.95612
38	13	0.98298
39	13	0.99413
42	13	0.99765
43	13	0.99428
44	13	0.98812
46	13	0.98794
55	13	0.96265
57	13	0.97036
59	13	0.99165
61	13	0.99702
64	13	0.97654
65	13	0.97363
69	13	0.9918
70	13	0.99318
72	13	0.96418
79	13	0.98994
80	13	0.99377
81	13	0.98404
82	13	0.97509
83	13	0.99477
86	13	0.9721
88	13	0.99173
89	13	0.99585
90	13	0.97873
92	13	0.99253
93	13	0.99322
95	13	0.99427
100	13	0.97568
103	13	0.98934
106	13	0.97203
107	13	0.9944
109	13	0.9843
113	13	0.95967
115	13	0.98946
117	13	0.999
121	13	0.99046
123	13	0.9635
127	13	0.9954
129	13	0.98282
131	13	0.97952
133	13	0.96072
135	13	0.99181
136	13	0.995
137	13	0.98058
138	13	0.99519
141	13	0.90349
142	13	0.99048
145	13	0.99901
147	13	0.98994
148	13	0.99515
149	13	0.87503
3	14	0.36274
4	14	0.56008
6	14	0.7175
8	14	0.32974
9	14	0.77247
10	14	0.24494
12	14	0.74189
17	14	0.37184
18	14	0.65896
19	14	0.72788
20	14	0.88415
21	14	0.71267
22	14	0.47284
24	14	0.62705
26	14	0.8143
28	14	0.84515
29	14	0.72957
30	14	0.75125
32	14	0.72337
35	14	0.5007
36	14	0.6783
37	14	0.68601
40	14	0.71283
41	14	0.32382
45	14	0.70493
47	14	0.78112
48	14	0.93666
50	14	0.28707
51	14	0.80258
52	14	0.6178
56	14	0.2811
58	14	0.79732
63	14	0.78688
66	14	0.73817
67	14	0.75932
68	14	0.68445
71	14	0.72567
73	14	0.20247
74	14	0.85293
75	14	0.67114
76	14	0.65528
77	14	0.67346
84	14	0.65564
85	14	0.90798
87	14	0.86533
91	14	0.68665
94	14	0.85556
96	14	0.8615
97	14	0.79464
99	14	0.65286
101	14	0.68724
105	14	0.23291
108	14	0.69939
110	14	0.65142
114	14	0.7774
116	14	0.78817
118	14	0.6572
119	14	0.65554
123	14	0.64359
125	14	0.6457
126	14	0.72226
141	14	0.73493
143	14	0.62312
144	14	0.72854
150	14	0.74532
12	15	0.92209
16	15	0.96934
18	15	0.71377
19	15	0.96829
20	15	0.78661
21	15	0.8636
23	15	0.98902
25	15	0.98305
26	15	0.82515
27	15	0.96302
28	15	0.83188
29	15	0.97237
30	15	0.92232
31	15	0.96449
33	15	0.98206
34	15	0.97829
37	15	0.94318
38	15	0.98898
39	15	0.95626
40	15	0.77952
42	15	0.96886
44	15	0.97147
46	15	0.96954
48	15	0.78472
51	15	0.84124
54	15	0.94528
55	15	0.96055
58	15	0.91088
59	15	0.95716
60	15	0.9243
61	15	0.95877
63	15	0.90733
64	15	0.98803
65	15	0.97677
68	15	0.91129
69	15	0.95754
70	15	0.95762
74	15	0.87304
75	15	0.84674
76	15	0.97994
79	15	0.97809
81	15	0.97578
82	15	0.98789
84	15	0.91065
86	15	0.97035
87	15	0.8834
88	15	0.95977
90	15	0.97816
91	15	0.95152
92	15	0.97004
93	15	0.96568
95	15	0.95649
97	15	0.94221
98	15	0.95141
99	15	0.95693
100	15	0.97556
102	15	0.86102
103	15	0.95671
104	15	0.78012
106	15	0.98468
108	15	0.90993
110	15	0.9336
113	15	0.97472
118	15	0.84188
119	15	0.9661
120	15	0.96736
121	15	0.96023
122	15	0.91544
123	15	0.99038
125	15	0.97428
126	15	0.92616
127	15	0.9593
129	15	0.97002
130	15	0.95946
131	15	0.96408
134	15	0.94989
135	15	0.97037
141	15	0.91892
142	15	0.95788
146	15	0.96713
147	15	0.95717
148	15	0.95894
150	15	0.92531
2	16	0.96392
7	16	0.95076
12	16	0.94399
15	16	0.96934
18	16	0.71272
19	16	0.93036
25	16	0.97458
26	16	0.82933
27	16	0.9695
29	16	0.96696
30	16	0.92658
31	16	0.9237
33	16	0.97784
34	16	0.97526
37	16	0.98336
39	16	0.96551
42	16	0.97308
44	16	0.98184
46	16	0.97794
58	16	0.89411
59	16	0.97706
60	16	0.86463
61	16	0.96642
65	16	0.96717
66	16	0.72061
69	16	0.96551
70	16	0.97188
75	16	0.80762
76	16	0.97122
80	16	0.96605
81	16	0.96866
82	16	0.96782
83	16	0.96188
84	16	0.89033
86	16	0.98902
87	16	0.86184
88	16	0.96906
89	16	0.96334
90	16	0.98747
91	16	0.98231
92	16	0.97767
93	16	0.97894
95	16	0.96905
97	16	0.94896
98	16	0.95754
100	16	0.99348
103	16	0.97532
106	16	0.96976
107	16	0.97053
108	16	0.91059
109	16	0.96965
110	16	0.91843
112	16	0.97889
115	16	0.97641
119	16	0.97297
121	16	0.97459
123	16	0.98177
125	16	0.96964
126	16	0.9483
127	16	0.97589
129	16	0.97137
130	16	0.96648
131	16	0.97018
135	16	0.96988
137	16	0.98765
138	16	0.96874
141	16	0.9027
142	16	0.96375
145	16	0.96341
148	16	0.9645
3	17	0.73157
4	17	0.61596
5	17	0.524
8	17	0.50624
9	17	0.35939
10	17	0.74831
11	17	0.47316
14	17	0.37184
18	17	0.53795
20	17	0.34204
21	17	0.35665
22	17	0.67921
24	17	0.45234
26	17	0.40552
28	17	0.39178
32	17	0.51396
35	17	0.55076
36	17	0.76653
41	17	0.55321
45	17	0.75166
47	17	0.42401
49	17	0.37856
50	17	0.37996
51	17	0.31845
52	17	0.41183
53	17	0.53121
56	17	0.45414
62	17	0.38437
66	17	0.32831
67	17	0.4815
71	17	0.56364
73	17	0.77612
75	17	0.33932
77	17	0.66462
78	17	0.55879
84	17	0.35374
85	17	0.54819
94	17	0.47217
96	17	0.71825
101	17	0.72695
102	17	0.36696
105	17	0.5279
111	17	0.71976
114	17	0.67151
116	17	0.69927
124	17	0.71834
132	17	0.64454
140	17	0.63334
143	17	0.7392
144	17	0.47884
3	18	0.20638
4	18	0.39317
5	18	0.60065
7	18	0.72472
8	18	0.20234
9	18	0.62384
10	18	0.30966
12	18	0.78386
14	18	0.65896
15	18	0.71377
16	18	0.71272
17	18	0.53795
19	18	0.74245
20	18	0.83711
21	18	0.79387
22	18	0.71695
24	18	0.5894
26	18	0.94163
28	18	0.76616
29	18	0.77538
30	18	0.86282
31	18	0.78806
32	18	0.91337
35	18	0.64557
36	18	0.57814
37	18	0.77473
41	18	0.34544
45	18	0.77978
47	18	0.75763
49	18	0.27166
51	18	0.90329
52	18	0.40733
53	18	0.92639
56	18	0.39386
58	18	0.89127
60	18	0.85864
62	18	0.80004
66	18	0.82138
67	18	0.75829
71	18	0.91322
73	18	0.27836
74	18	0.78597
75	18	0.94259
76	18	0.73417
77	18	0.91343
78	18	0.93352
84	18	0.85275
85	18	0.65661
87	18	0.73024
91	18	0.78549
94	18	0.65439
96	18	0.85703
97	18	0.80658
98	18	0.78089
99	18	0.7637
101	18	0.81296
102	18	0.84355
105	18	0.25733
108	18	0.91571
110	18	0.77754
111	18	0.72518
114	18	0.90672
116	18	0.86971
122	18	0.78293
126	18	0.86792
132	18	0.84801
140	18	0.51632
143	18	0.80181
144	18	0.77461
150	18	0.74446
6	19	0.94765
7	19	0.9365
9	19	0.58654
12	19	0.9277
14	19	0.72788
15	19	0.96829
16	19	0.93036
18	19	0.74245
20	19	0.80245
21	19	0.8919
23	19	0.96449
25	19	0.94893
26	19	0.85752
28	19	0.8548
29	19	0.94434
30	19	0.92793
31	19	0.95561
33	19	0.93401
34	19	0.93254
38	19	0.94274
40	19	0.80944
44	19	0.93874
46	19	0.94224
47	19	0.71282
48	19	0.82898
50	19	0.14182
51	19	0.8846
53	19	0.82776
54	19	0.94985
55	19	0.95773
58	19	0.93895
60	19	0.92697
62	19	0.81445
63	19	0.93224
64	19	0.95568
65	19	0.93842
66	19	0.70088
67	19	0.81266
68	19	0.96332
71	19	0.80419
72	19	0.94494
74	19	0.91012
75	19	0.8573
76	19	0.94554
77	19	0.61908
78	19	0.776
79	19	0.92786
82	19	0.94624
84	19	0.90883
86	19	0.94674
87	19	0.95256
90	19	0.94897
91	19	0.94124
92	19	0.93153
96	19	0.66989
97	19	0.95776
98	19	0.95317
99	19	0.96536
100	19	0.92817
102	19	0.86113
104	19	0.84069
105	19	0.22629
106	19	0.94733
108	19	0.92224
110	19	0.93664
113	19	0.94795
114	19	0.75392
118	19	0.93097
119	19	0.96254
120	19	0.96521
122	19	0.93068
123	19	0.96767
124	19	0.46456
125	19	0.97233
126	19	0.90513
130	19	0.94723
131	19	0.94398
132	19	0.73985
134	19	0.94344
135	19	0.93484
139	19	0.94072
141	19	0.90113
144	19	0.71691
146	19	0.95691
150	19	0.94583
3	20	0.2945
4	20	0.44105
5	20	0.52452
6	20	0.78752
8	20	0.3523
9	20	0.84427
10	20	0.18518
12	20	0.83557
14	20	0.88415
15	20	0.78661
17	20	0.34204
18	20	0.83711
19	20	0.80245
21	20	0.87883
22	20	0.47331
24	20	0.74442
26	20	0.92778
28	20	0.92264
29	20	0.8613
30	20	0.8833
31	20	0.77658
32	20	0.88681
34	20	0.77795
35	20	0.64423
36	20	0.55292
37	20	0.79667
40	20	0.82811
41	20	0.37993
45	20	0.66746
47	20	0.81308
48	20	0.94388
49	20	0.29234
51	20	0.90968
52	20	0.6483
56	20	0.32668
58	20	0.87812
60	20	0.81951
62	20	0.77092
63	20	0.85829
66	20	0.84705
71	20	0.81945
73	20	0.2294
74	20	0.92727
75	20	0.84427
76	20	0.81021
77	20	0.71122
78	20	0.81668
84	20	0.848
85	20	0.87607
87	20	0.82998
91	20	0.7794
94	20	0.84958
96	20	0.84383
97	20	0.84747
98	20	0.77311
99	20	0.80278
101	20	0.76748
108	20	0.84146
110	20	0.79861
113	20	0.76793
114	20	0.84719
116	20	0.86245
122	20	0.78134
123	20	0.77309
126	20	0.86421
132	20	0.74939
141	20	0.86417
143	20	0.64142
144	20	0.82127
150	20	0.85359
3	21	0.23467
4	21	0.3901
5	21	0.55634
6	21	0.85762
7	21	0.86392
8	21	0.2746
9	21	0.77664
10	21	0.35084
12	21	0.89084
14	21	0.71267
15	21	0.8636
17	21	0.35665
18	21	0.79387
19	21	0.8919
20	21	0.87883
23	21	0.83846
24	21	0.71716
25	21	0.84072
26	21	0.85333
28	21	0.92278
29	21	0.86594
30	21	0.89902
31	21	0.89653
32	21	0.82741
34	21	0.86341
35	21	0.56953
36	21	0.35316
38	21	0.85174
40	21	0.84855
41	21	0.2952
47	21	0.72369
48	21	0.83299
49	21	0.35008
50	21	0.17572
51	21	0.85419
52	21	0.44742
53	21	0.82473
54	21	0.85056
56	21	0.3319
57	21	0.84599
58	21	0.85738
60	21	0.88004
62	21	0.84924
63	21	0.88656
64	21	0.83647
66	21	0.72359
68	21	0.8527
71	21	0.82605
72	21	0.84668
73	21	0.32023
74	21	0.92459
75	21	0.8272
76	21	0.87633
78	21	0.88041
84	21	0.94697
85	21	0.67371
87	21	0.83477
94	21	0.61125
96	21	0.76889
97	21	0.83695
98	21	0.87429
99	21	0.90644
101	21	0.70009
102	21	0.89883
104	21	0.82623
105	21	0.23348
108	21	0.85601
110	21	0.91655
111	21	0.71322
113	21	0.87213
114	21	0.8279
116	21	0.81295
120	21	0.84431
122	21	0.86337
123	21	0.84858
124	21	0.57525
126	21	0.84877
132	21	0.86148
134	21	0.8847
139	21	0.87371
140	21	0.47686
141	21	0.90814
143	21	0.52888
144	21	0.85723
146	21	0.84116
150	21	0.9421
3	22	0.34349
5	22	0.35608
8	22	0.33778
9	22	0.34435
10	22	0.46117
14	22	0.47284
17	22	0.67921
18	22	0.71695
20	22	0.47331
26	22	0.58415
28	22	0.35532
30	22	0.34834
32	22	0.50944
35	22	0.57884
36	22	0.85433
37	22	0.30729
41	22	0.30421
45	22	0.86236
47	22	0.43319
48	22	0.34987
51	22	0.49734
52	22	0.4999
53	22	0.56378
56	22	0.43749
58	22	0.47393
60	22	0.32336
66	22	0.48821
67	22	0.42369
71	22	0.52938
73	22	0.47154
74	22	0.37776
75	22	0.54681
77	22	0.78202
78	22	0.52933
84	22	0.3082
85	22	0.58142
87	22	0.33694
94	22	0.58358
96	22	0.73601
97	22	0.34885
101	22	0.59913
102	22	0.31887
108	22	0.44917
111	22	0.37675
114	22	0.63357
116	22	0.63348
126	22	0.3952
132	22	0.44303
143	22	0.82912
144	22	0.53431
6	23	0.94547
7	23	0.96041
15	23	0.98902
19	23	0.96449
21	23	0.83846
25	23	0.9758
27	23	0.96906
29	23	0.93401
30	23	0.90578
31	23	0.97342
33	23	0.98176
34	23	0.95349
38	23	0.98466
39	23	0.96743
40	23	0.73611
42	23	0.96397
44	23	0.96928
46	23	0.97041
51	23	0.81549
54	23	0.9662
55	23	0.96751
58	23	0.87935
60	23	0.92021
61	23	0.96455
62	23	0.78841
63	23	0.90214
64	23	0.99284
65	23	0.9888
68	23	0.93807
69	23	0.96594
70	23	0.96526
74	23	0.82269
75	23	0.82071
76	23	0.96625
79	23	0.9733
81	23	0.9854
82	23	0.99507
84	23	0.89618
86	23	0.97599
87	23	0.85662
88	23	0.96991
90	23	0.97419
91	23	0.93533
92	23	0.96937
93	23	0.96326
95	23	0.96287
97	23	0.91558
98	23	0.95892
99	23	0.96745
102	23	0.85731
103	23	0.96747
104	23	0.82141
106	23	0.9928
108	23	0.89599
109	23	0.96568
110	23	0.93224
113	23	0.98335
115	23	0.96293
118	23	0.87777
119	23	0.97004
120	23	0.98556
121	23	0.96387
122	23	0.93741
123	23	0.98941
125	23	0.98266
126	23	0.89524
127	23	0.96251
128	23	0.90268
129	23	0.98191
130	23	0.97693
131	23	0.97614
134	23	0.96499
135	23	0.97864
139	23	0.96176
142	23	0.96698
146	23	0.98099
147	23	0.9721
148	23	0.96888
150	23	0.91756
3	24	0.41103
4	24	0.77305
5	24	0.64776
6	24	0.59441
7	24	0.55106
8	24	0.33588
9	24	0.84787
14	24	0.62705
17	24	0.45234
18	24	0.5894
20	24	0.74442
21	24	0.71716
26	24	0.66344
28	24	0.61111
30	24	0.65014
31	24	0.55842
32	24	0.79059
35	24	0.56766
36	24	0.36336
41	24	0.76433
45	24	0.50275
47	24	0.78918
48	24	0.6289
49	24	0.82334
50	24	0.4569
51	24	0.70184
52	24	0.40389
54	24	0.58875
56	24	0.45723
60	24	0.53712
62	24	0.71584
63	24	0.64552
66	24	0.75634
67	24	0.57035
68	24	0.59281
71	24	0.64385
73	24	0.2482
74	24	0.57017
78	24	0.72425
84	24	0.59645
85	24	0.69221
94	24	0.58571
96	24	0.6627
99	24	0.58399
101	24	0.7411
105	24	0.43781
108	24	0.53664
110	24	0.52837
111	24	0.59202
114	24	0.58734
116	24	0.64397
122	24	0.66327
128	24	0.6629
132	24	0.64928
134	24	0.55281
139	24	0.58628
140	24	0.67283
141	24	0.55883
144	24	0.57802
150	24	0.68641
2	25	0.9734
6	25	0.96661
7	25	0.94796
9	25	0.55501
12	25	0.93396
13	25	0.98706
15	25	0.98305
16	25	0.97458
19	25	0.94893
21	25	0.84072
23	25	0.9758
27	25	0.98488
28	25	0.83795
29	25	0.96046
30	25	0.91193
31	25	0.92917
33	25	0.99346
34	25	0.97699
37	25	0.94272
38	25	0.99252
39	25	0.98365
40	25	0.71239
42	25	0.99233
43	25	0.9781
44	25	0.99464
46	25	0.99128
48	25	0.77404
54	25	0.95868
55	25	0.97283
57	25	0.97033
58	25	0.86832
59	25	0.98214
60	25	0.86281
61	25	0.98428
63	25	0.92553
64	25	0.98881
65	25	0.97853
68	25	0.89313
69	25	0.9785
70	25	0.98126
72	25	0.97478
74	25	0.84488
76	25	0.9806
79	25	0.99393
80	25	0.97532
81	25	0.98284
82	25	0.98416
83	25	0.97571
84	25	0.88721
86	25	0.98209
87	25	0.87475
88	25	0.9844
89	25	0.97733
90	25	0.99113
91	25	0.94456
92	25	0.99378
93	25	0.98718
95	25	0.98497
97	25	0.9307
98	25	0.94605
99	25	0.9349
100	25	0.9868
103	25	0.98336
106	25	0.98098
107	25	0.98121
109	25	0.98574
110	25	0.92551
112	25	0.96619
113	25	0.98077
115	25	0.98223
117	25	0.98379
119	25	0.97527
120	25	0.96155
121	25	0.97936
122	25	0.89588
123	25	0.98877
125	25	0.97391
126	25	0.91116
127	25	0.98897
128	25	0.90615
129	25	0.98053
130	25	0.9747
131	25	0.98303
134	25	0.96013
135	25	0.99053
136	25	0.97928
137	25	0.98147
138	25	0.98046
139	25	0.95151
141	25	0.93758
142	25	0.98387
145	25	0.98865
146	25	0.97874
147	25	0.98562
148	25	0.98486
150	25	0.9392
4	26	0.47167
5	26	0.47033
6	26	0.81125
7	26	0.82044
9	26	0.744
10	26	0.24634
12	26	0.88284
14	26	0.8143
15	26	0.82515
16	26	0.82933
17	26	0.40552
18	26	0.94163
19	26	0.85752
20	26	0.92778
21	26	0.85333
22	26	0.58415
24	26	0.66344
28	26	0.86524
29	26	0.89331
30	26	0.9473
31	26	0.84639
32	26	0.93101
34	26	0.81132
35	26	0.52753
36	26	0.54194
37	26	0.88628
40	26	0.71995
41	26	0.2714
45	26	0.70488
47	26	0.80437
48	26	0.83827
49	26	0.30645
51	26	0.9731
52	26	0.40849
53	26	0.87608
56	26	0.24942
58	26	0.94956
60	26	0.87678
62	26	0.79336
63	26	0.83375
66	26	0.91101
67	26	0.80758
71	26	0.90556
73	26	0.16195
74	26	0.87719
75	26	0.91669
76	26	0.83893
77	26	0.85979
78	26	0.8821
84	26	0.88428
85	26	0.74321
87	26	0.86751
91	26	0.8901
94	26	0.69417
96	26	0.87247
97	26	0.91871
98	26	0.86375
99	26	0.84358
101	26	0.77971
102	26	0.80912
108	26	0.94572
110	26	0.83848
111	26	0.66391
112	26	0.81355
114	26	0.89188
116	26	0.8447
122	26	0.86124
123	26	0.8325
125	26	0.83518
126	26	0.93773
132	26	0.8061
134	26	0.80934
140	26	0.44778
141	26	0.828
143	26	0.77568
144	26	0.76059
150	26	0.87504
2	27	0.99646
13	27	0.99449
15	27	0.96302
16	27	0.9695
23	27	0.96906
25	27	0.98488
33	27	0.99324
34	27	0.95723
37	27	0.91883
38	27	0.98191
39	27	0.99793
42	27	0.99542
43	27	0.99783
44	27	0.98745
46	27	0.9912
54	27	0.93999
55	27	0.9752
57	27	0.96155
59	27	0.99752
61	27	0.99888
64	27	0.97896
65	27	0.98516
69	27	0.99666
70	27	0.99822
72	27	0.96971
79	27	0.9839
80	27	0.99629
81	27	0.99413
82	27	0.9847
83	27	0.99684
86	27	0.98479
88	27	0.99826
89	27	0.99665
90	27	0.98648
92	27	0.99486
93	27	0.99756
95	27	0.99808
100	27	0.97861
103	27	0.99396
106	27	0.98227
107	27	0.99823
109	27	0.98474
112	27	0.96327
113	27	0.96013
115	27	0.99556
117	27	0.99549
119	27	0.96941
121	27	0.99744
123	27	0.9727
125	27	0.96069
127	27	0.99625
129	27	0.99483
130	27	0.97128
131	27	0.98756
133	27	0.96537
135	27	0.99456
136	27	0.99713
137	27	0.98672
138	27	0.99805
142	27	0.99572
145	27	0.99355
147	27	0.99281
148	27	0.99752
149	27	0.87591
3	28	0.37271
4	28	0.37136
6	28	0.84889
8	28	0.35604
9	28	0.7386
10	28	0.38667
12	28	0.93755
14	28	0.84515
15	28	0.83188
17	28	0.39178
18	28	0.76616
19	28	0.8548
20	28	0.92264
21	28	0.92278
22	28	0.35532
24	28	0.61111
25	28	0.83795
26	28	0.86524
29	28	0.88976
30	28	0.88956
32	28	0.81125
34	28	0.87156
35	28	0.53338
36	28	0.50968
37	28	0.84455
38	28	0.81985
40	28	0.8249
44	28	0.8275
45	28	0.57863
47	28	0.68924
48	28	0.92581
51	28	0.82474
52	28	0.59272
53	28	0.7773
57	28	0.84061
58	28	0.87935
60	28	0.81673
63	28	0.90766
66	28	0.70815
71	28	0.83125
72	28	0.8144
73	28	0.3498
74	28	0.96134
75	28	0.81076
76	28	0.88844
77	28	0.6575
78	28	0.78071
79	28	0.82151
84	28	0.91816
85	28	0.81168
87	28	0.88901
91	28	0.8219
94	28	0.77132
96	28	0.81855
97	28	0.87769
98	28	0.84786
99	28	0.84687
100	28	0.83256
101	28	0.72368
102	28	0.84258
108	28	0.84567
110	28	0.90605
111	28	0.68955
113	28	0.83421
114	28	0.89502
116	28	0.87808
123	28	0.83026
124	28	0.58481
126	28	0.88488
132	28	0.82516
134	28	0.84103
141	28	0.95178
143	28	0.64012
144	28	0.8243
146	28	0.82601
150	28	0.90426
9	29	0.62844
12	29	0.94858
14	29	0.72957
15	29	0.97237
16	29	0.96696
18	29	0.77538
19	29	0.94434
20	29	0.8613
21	29	0.86594
23	29	0.93401
25	29	0.96046
26	29	0.89331
28	29	0.88976
30	29	0.94235
31	29	0.91609
32	29	0.76925
33	29	0.94693
34	29	0.97279
37	29	0.97951
38	29	0.95127
40	29	0.77757
42	29	0.94129
44	29	0.95028
46	29	0.94039
48	29	0.83502
51	29	0.8746
52	29	0.30571
53	29	0.77827
55	29	0.92112
58	29	0.93781
59	29	0.92278
60	29	0.89457
63	29	0.8988
64	29	0.94308
65	29	0.9207
66	29	0.76581
72	29	0.92273
74	29	0.91222
75	29	0.86405
76	29	0.96879
77	29	0.61646
79	29	0.94471
81	29	0.92438
82	29	0.93618
84	29	0.90988
85	29	0.57834
86	29	0.94248
87	29	0.91196
90	29	0.95777
91	29	0.96471
92	29	0.94166
93	29	0.93588
94	29	0.55167
96	29	0.66207
97	29	0.96741
98	29	0.93345
100	29	0.9717
102	29	0.83286
106	29	0.93426
108	29	0.92346
109	29	0.92127
110	29	0.91587
112	29	0.92812
113	29	0.92642
114	29	0.76558
115	29	0.92072
119	29	0.94135
123	29	0.96348
125	29	0.94167
126	29	0.96133
127	29	0.92785
131	29	0.92259
135	29	0.9282
137	29	0.93406
141	29	0.94383
143	29	0.5572
144	29	0.68158
145	29	0.92432
146	29	0.92702
150	29	0.92513
4	30	0.41504
6	30	0.93238
7	30	0.94291
9	30	0.69204
10	30	0.1884
12	30	0.95372
14	30	0.75125
15	30	0.92232
16	30	0.92658
18	30	0.86282
19	30	0.92793
20	30	0.8833
21	30	0.89902
22	30	0.34834
23	30	0.90578
24	30	0.65014
25	30	0.91193
26	30	0.9473
28	30	0.88956
29	30	0.94235
31	30	0.94244
32	30	0.90456
34	30	0.91076
36	30	0.32984
37	30	0.93966
40	30	0.71375
44	30	0.90936
45	30	0.52796
47	30	0.74212
48	30	0.82401
49	30	0.36399
51	30	0.94259
53	30	0.86073
58	30	0.95271
60	30	0.9175
62	30	0.83874
63	30	0.91743
66	30	0.87303
67	30	0.81655
68	30	0.89558
71	30	0.91223
72	30	0.92527
74	30	0.8754
75	30	0.90122
76	30	0.943
77	30	0.75451
78	30	0.85927
84	30	0.94915
85	30	0.62327
86	30	0.9111
87	30	0.88502
90	30	0.91738
91	30	0.95135
94	30	0.58548
96	30	0.75531
97	30	0.95746
98	30	0.95474
99	30	0.94378
100	30	0.91609
101	30	0.69998
102	30	0.87846
104	30	0.76195
108	30	0.96996
109	30	0.90548
110	30	0.93916
111	30	0.70971
112	30	0.93851
113	30	0.91731
114	30	0.85975
116	30	0.78039
118	30	0.83066
119	30	0.90982
120	30	0.91964
122	30	0.95101
123	30	0.94266
125	30	0.93293
126	30	0.9787
128	30	0.89644
130	30	0.91701
132	30	0.8265
134	30	0.94043
137	30	0.90028
139	30	0.94342
140	30	0.4559
141	30	0.91188
143	30	0.64241
144	30	0.69016
146	30	0.92018
150	30	0.96106
5	31	0.46055
6	31	0.91816
7	31	0.96197
9	31	0.56308
15	31	0.96449
16	31	0.9237
18	31	0.78806
19	31	0.95561
20	31	0.77658
21	31	0.89653
23	31	0.97342
24	31	0.55842
25	31	0.92917
26	31	0.84639
29	31	0.91609
30	31	0.94244
32	31	0.8126
33	31	0.93344
34	31	0.92379
38	31	0.94514
40	31	0.76201
44	31	0.9182
47	31	0.69175
49	31	0.30551
51	31	0.88282
53	31	0.84667
54	31	0.94232
58	31	0.91063
60	31	0.96431
62	31	0.8734
63	31	0.89144
64	31	0.9512
65	31	0.94172
66	31	0.73065
67	31	0.75947
68	31	0.94557
71	31	0.83252
72	31	0.92784
74	31	0.83889
75	31	0.89014
76	31	0.94645
77	31	0.61633
78	31	0.83873
79	31	0.91965
81	31	0.94273
82	31	0.95386
84	31	0.94023
86	31	0.93162
90	31	0.92842
91	31	0.9198
97	31	0.90876
98	31	0.96017
99	31	0.98367
100	31	0.91569
102	31	0.91825
104	31	0.88211
105	31	0.21532
106	31	0.95569
108	31	0.94013
109	31	0.92247
110	31	0.94393
111	31	0.65266
112	31	0.92026
113	31	0.96031
118	31	0.87057
119	31	0.92261
120	31	0.96534
122	31	0.97444
123	31	0.96379
125	31	0.95746
126	31	0.91493
128	31	0.89773
129	31	0.93726
130	31	0.94616
131	31	0.91949
132	31	0.78656
134	31	0.95949
135	31	0.92208
139	31	0.9622
144	31	0.67437
146	31	0.94787
150	31	0.93037
3	32	0.33061
4	32	0.61667
5	32	0.67686
6	32	0.76416
7	32	0.80117
8	32	0.24684
9	32	0.69478
10	32	0.18453
12	32	0.81722
14	32	0.72337
17	32	0.51396
18	32	0.91337
20	32	0.88681
21	32	0.82741
22	32	0.50944
24	32	0.79059
26	32	0.93101
28	32	0.81125
29	32	0.76925
30	32	0.90456
31	32	0.8126
35	32	0.62319
36	32	0.46623
41	32	0.50624
45	32	0.71036
47	32	0.8761
48	32	0.77414
49	32	0.5202
50	32	0.16788
51	32	0.92384
52	32	0.38425
53	32	0.87024
56	32	0.34445
58	32	0.85571
60	32	0.8579
62	32	0.89847
63	32	0.81828
66	32	0.865
67	32	0.81682
68	32	0.7755
71	32	0.93008
73	32	0.20221
74	32	0.79226
75	32	0.88336
76	32	0.77872
77	32	0.86381
78	32	0.93224
84	32	0.8751
85	32	0.72385
91	32	0.77653
94	32	0.70076
96	32	0.82196
97	32	0.80378
98	32	0.83038
99	32	0.83067
101	32	0.90251
102	32	0.82729
105	32	0.35894
108	32	0.90065
110	32	0.82374
111	32	0.8
114	32	0.88676
116	32	0.87949
122	32	0.86696
124	32	0.46588
126	32	0.86521
128	32	0.78637
132	32	0.88932
134	32	0.7933
139	32	0.7942
140	32	0.71142
141	32	0.77499
143	32	0.72228
144	32	0.70452
150	32	0.83094
2	33	0.98534
6	33	0.94761
7	33	0.95075
12	33	0.91519
13	33	0.99129
15	33	0.98206
16	33	0.97784
19	33	0.93401
23	33	0.98176
25	33	0.99346
27	33	0.99324
29	33	0.94693
31	33	0.93344
34	33	0.97647
37	33	0.93462
38	33	0.99487
39	33	0.99161
42	33	0.99532
43	33	0.9885
44	33	0.99276
46	33	0.99191
54	33	0.94752
55	33	0.96962
57	33	0.97157
59	33	0.98989
61	33	0.99324
63	33	0.89207
64	33	0.99272
65	33	0.98983
69	33	0.99249
70	33	0.99269
72	33	0.96999
76	33	0.97506
79	33	0.99483
80	33	0.98679
81	33	0.99351
82	33	0.99273
83	33	0.9859
86	33	0.98538
88	33	0.99052
89	33	0.98762
90	33	0.98784
91	33	0.93602
92	33	0.99233
93	33	0.99311
95	33	0.98976
97	33	0.9062
98	33	0.94536
99	33	0.92927
100	33	0.98707
103	33	0.99175
106	33	0.99185
107	33	0.991
109	33	0.98758
110	33	0.9206
112	33	0.96445
113	33	0.97679
115	33	0.98911
117	33	0.98824
119	33	0.96921
120	33	0.96364
121	33	0.9909
123	33	0.98551
125	33	0.96752
126	33	0.89674
127	33	0.99288
128	33	0.89385
129	33	0.99097
130	33	0.97802
131	33	0.98476
133	33	0.96863
134	33	0.95839
135	33	0.99459
136	33	0.98722
137	33	0.9852
138	33	0.9894
139	33	0.94994
141	33	0.91751
142	33	0.98684
145	33	0.99131
146	33	0.9747
147	33	0.98879
148	33	0.99306
149	33	0.86004
150	33	0.91712
9	34	0.54773
12	34	0.95257
13	34	0.95612
15	34	0.97829
16	34	0.97526
19	34	0.93254
20	34	0.77795
21	34	0.86341
23	34	0.95349
25	34	0.97699
26	34	0.81132
27	34	0.95723
28	34	0.87156
29	34	0.97279
30	34	0.91076
31	34	0.92379
33	34	0.97647
37	34	0.95874
38	34	0.97652
39	34	0.94978
40	34	0.73841
42	34	0.97014
44	34	0.97436
46	34	0.97082
48	34	0.7687
57	34	0.95376
58	34	0.89276
59	34	0.95924
60	34	0.88073
61	34	0.95695
64	34	0.96769
65	34	0.96348
69	34	0.95955
70	34	0.95752
74	34	0.87096
75	34	0.81515
76	34	0.98666
79	34	0.97591
80	34	0.95109
81	34	0.95678
82	34	0.96586
84	34	0.92308
86	34	0.96037
87	34	0.86424
89	34	0.95041
90	34	0.96821
91	34	0.94731
92	34	0.96424
93	34	0.96881
95	34	0.953
97	34	0.93251
98	34	0.93975
99	34	0.91799
100	34	0.988
102	34	0.86365
103	34	0.95681
106	34	0.97019
107	34	0.95704
108	34	0.89043
109	34	0.9565
110	34	0.94124
113	34	0.95346
115	34	0.95133
121	34	0.95947
123	34	0.97168
126	34	0.93696
127	34	0.96068
129	34	0.95079
130	34	0.95014
135	34	0.96027
137	34	0.96388
138	34	0.9546
141	34	0.94137
145	34	0.95725
148	34	0.95096
150	34	0.91547
3	35	0.57208
5	35	0.88414
8	35	0.80178
9	35	0.47575
10	35	0.27003
11	35	0.02588
14	35	0.5007
17	35	0.55076
18	35	0.64557
20	35	0.64423
21	35	0.56953
22	35	0.57884
24	35	0.56766
26	35	0.52753
28	35	0.53338
32	35	0.62319
36	35	0.57195
40	35	0.7224
41	35	0.71542
45	35	0.72555
47	35	0.71644
48	35	0.59525
50	35	0.29158
51	35	0.54284
52	35	0.74838
53	35	0.60541
56	35	0.85869
58	35	0.46735
60	35	0.54911
62	35	0.66236
67	35	0.45424
71	35	0.54786
73	35	0.56665
74	35	0.60148
75	35	0.62478
77	35	0.54963
78	35	0.71754
84	35	0.50284
85	35	0.7087
94	35	0.78321
96	35	0.66438
101	35	0.7829
102	35	0.56619
104	35	0.50426
105	35	0.394
108	35	0.45319
111	35	0.54312
114	35	0.62845
116	35	0.76666
124	35	0.43208
132	35	0.6497
140	35	0.5741
143	35	0.43817
144	35	0.82572
3	36	0.57652
4	36	0.45631
8	36	0.51294
9	36	0.54608
10	36	0.61174
11	36	0.15141
12	36	0.3423
14	36	0.6783
17	36	0.76653
18	36	0.57814
20	36	0.55292
21	36	0.35316
22	36	0.85433
24	36	0.36336
26	36	0.54194
28	36	0.50968
30	36	0.32984
32	36	0.46623
35	36	0.57195
41	36	0.3723
45	36	0.87422
47	36	0.45893
48	36	0.51146
50	36	0.1973
51	36	0.43628
52	36	0.71739
53	36	0.4408
56	36	0.42022
58	36	0.4323
66	36	0.46266
67	36	0.44188
71	36	0.51088
73	36	0.63186
74	36	0.47119
75	36	0.39965
77	36	0.68072
78	36	0.44041
85	36	0.79531
87	36	0.42056
94	36	0.73222
96	36	0.83548
97	36	0.34772
101	36	0.62341
108	36	0.3479
111	36	0.38547
114	36	0.6727
116	36	0.71276
124	36	0.42037
126	36	0.34586
132	36	0.43402
143	36	0.78066
144	36	0.59437
9	37	0.56611
12	37	0.95299
14	37	0.68601
15	37	0.94318
16	37	0.98336
18	37	0.77473
20	37	0.79667
22	37	0.30729
25	37	0.94272
26	37	0.88628
27	37	0.91883
28	37	0.84455
29	37	0.97951
30	37	0.93966
33	37	0.93462
34	37	0.95874
38	37	0.92055
42	37	0.93364
44	37	0.94898
46	37	0.93968
48	37	0.75649
51	37	0.84714
53	37	0.77477
55	37	0.92205
58	37	0.92744
59	37	0.93283
66	37	0.7803
70	37	0.91962
71	37	0.78308
72	37	0.92722
74	37	0.84189
75	37	0.83726
76	37	0.95186
77	37	0.66211
79	37	0.91872
82	37	0.91942
84	37	0.88493
86	37	0.95508
87	37	0.8887
88	37	0.91823
90	37	0.96076
91	37	0.9882
92	37	0.94065
93	37	0.93849
95	37	0.92094
97	37	0.97083
98	37	0.93263
100	37	0.97524
103	37	0.92468
106	37	0.92159
107	37	0.92103
108	37	0.9265
109	37	0.92333
112	37	0.95391
114	37	0.76664
115	37	0.9306
119	37	0.94756
121	37	0.92692
123	37	0.95399
125	37	0.93873
126	37	0.97244
127	37	0.93196
129	37	0.91938
130	37	0.9205
131	37	0.92679
135	37	0.92282
137	37	0.95314
138	37	0.92005
141	37	0.90162
143	37	0.61671
2	38	0.96803
6	38	0.94972
7	38	0.94295
13	38	0.98298
15	38	0.98898
19	38	0.94274
21	38	0.85174
23	38	0.98466
25	38	0.99252
27	38	0.98191
28	38	0.81985
29	38	0.95127
31	38	0.94514
33	38	0.99487
34	38	0.97652
37	38	0.92055
39	38	0.97962
40	38	0.74185
42	38	0.98733
43	38	0.97308
44	38	0.98371
46	38	0.9815
48	38	0.75246
54	38	0.9552
57	38	0.96256
59	38	0.9736
60	38	0.88139
61	38	0.98145
63	38	0.90952
64	38	0.99433
65	38	0.98322
68	38	0.89233
69	38	0.97962
70	38	0.97823
74	38	0.83842
76	38	0.9783
79	38	0.99602
80	38	0.96971
81	38	0.98789
82	38	0.99141
83	38	0.96942
84	38	0.8944
86	38	0.97032
88	38	0.97749
89	38	0.97192
90	38	0.97819
92	38	0.9826
93	38	0.98054
95	38	0.97585
97	38	0.90469
98	38	0.94016
99	38	0.94398
100	38	0.97756
102	38	0.83336
103	38	0.97675
104	38	0.7556
106	38	0.98893
107	38	0.97593
109	38	0.97769
110	38	0.9276
113	38	0.9856
115	38	0.97423
117	38	0.97855
120	38	0.96358
121	38	0.97582
122	38	0.89674
123	38	0.98412
125	38	0.96195
126	38	0.89494
127	38	0.97988
129	38	0.98144
131	38	0.9726
134	38	0.95777
135	38	0.9863
136	38	0.97259
138	38	0.97416
139	38	0.94833
141	38	0.93012
142	38	0.97454
145	38	0.98239
146	38	0.97317
147	38	0.97907
148	38	0.98306
150	38	0.92647
2	39	0.99364
6	39	0.94574
7	39	0.94835
13	39	0.99413
15	39	0.95626
16	39	0.96551
23	39	0.96743
25	39	0.98365
27	39	0.99793
33	39	0.99161
34	39	0.94978
38	39	0.97962
42	39	0.99257
43	39	0.99818
44	39	0.98778
46	39	0.98893
54	39	0.94793
55	39	0.96943
57	39	0.96867
59	39	0.99478
61	39	0.99769
64	39	0.97812
65	39	0.98302
69	39	0.9948
70	39	0.99746
72	39	0.97446
79	39	0.98261
80	39	0.99406
81	39	0.99314
82	39	0.98209
83	39	0.99516
86	39	0.98335
88	39	0.99763
89	39	0.99523
90	39	0.98365
92	39	0.99323
93	39	0.99325
95	39	0.99663
100	39	0.97363
103	39	0.99626
106	39	0.98002
107	39	0.99579
109	39	0.9913
112	39	0.96934
113	39	0.9653
115	39	0.9973
117	39	0.9943
119	39	0.96611
120	39	0.95047
121	39	0.99335
123	39	0.9719
125	39	0.96092
127	39	0.99751
128	39	0.91287
129	39	0.9946
130	39	0.97683
131	39	0.98743
133	39	0.97307
134	39	0.95171
135	39	0.99481
136	39	0.99719
137	39	0.98792
138	39	0.99536
139	39	0.94951
142	39	0.99426
145	39	0.99459
146	39	0.96565
147	39	0.99538
148	39	0.9993
149	39	0.90243
3	40	0.22603
5	40	0.59446
8	40	0.48372
9	40	0.59211
12	40	0.71169
14	40	0.71283
15	40	0.77952
19	40	0.80944
20	40	0.82811
21	40	0.84855
23	40	0.73611
25	40	0.71239
26	40	0.71995
28	40	0.8249
29	40	0.77757
30	40	0.71375
31	40	0.76201
34	40	0.73841
35	40	0.7224
38	40	0.74185
41	40	0.2729
47	40	0.7209
48	40	0.87754
50	40	0.15425
51	40	0.7629
52	40	0.60732
53	40	0.71691
54	40	0.71197
56	40	0.51108
58	40	0.78632
60	40	0.83927
62	40	0.76707
63	40	0.8042
64	40	0.73997
68	40	0.7665
73	40	0.25695
74	40	0.92566
75	40	0.80295
76	40	0.75299
78	40	0.73975
79	40	0.71873
84	40	0.78608
85	40	0.68757
87	40	0.79825
94	40	0.73268
97	40	0.72839
98	40	0.70933
99	40	0.80388
102	40	0.78748
104	40	0.75837
108	40	0.72957
110	40	0.76885
113	40	0.74425
116	40	0.73339
120	40	0.7256
123	40	0.71845
141	40	0.80054
144	40	0.91654
146	40	0.71219
150	40	0.73861
3	41	0.59161
4	41	0.70739
5	41	0.81047
8	41	0.57887
9	41	0.45403
11	41	0.20394
14	41	0.32382
17	41	0.55321
18	41	0.34544
20	41	0.37993
21	41	0.2952
22	41	0.30421
24	41	0.76433
26	41	0.2714
32	41	0.50624
35	41	0.71542
36	41	0.3723
40	41	0.2729
45	41	0.55248
47	41	0.66212
48	41	0.30467
49	41	0.73465
50	41	0.59227
51	41	0.34175
52	41	0.40749
53	41	0.28017
56	41	0.76252
60	41	0.20936
62	41	0.51967
66	41	0.33646
67	41	0.37006
71	41	0.38414
73	41	0.33734
75	41	0.24975
77	41	0.36474
78	41	0.49732
85	41	0.51171
94	41	0.52257
96	41	0.43965
101	41	0.67926
102	41	0.20951
104	41	0.29435
105	41	0.64791
111	41	0.45766
114	41	0.34057
116	41	0.47906
122	41	0.24396
124	41	0.25094
132	41	0.42631
140	41	0.73539
144	41	0.4119
2	42	0.99254
6	42	0.94383
13	42	0.99765
15	42	0.96886
16	42	0.97308
23	42	0.96397
25	42	0.99233
27	42	0.99542
29	42	0.94129
33	42	0.99532
34	42	0.97014
37	42	0.93364
38	42	0.98733
39	42	0.99257
43	42	0.99228
44	42	0.99301
46	42	0.9927
55	42	0.97085
57	42	0.96814
59	42	0.99459
61	42	0.99668
64	42	0.9816
65	42	0.97911
69	42	0.99192
70	42	0.99377
72	42	0.96782
76	42	0.96288
79	42	0.99188
80	42	0.99336
81	42	0.98692
82	42	0.98145
83	42	0.99323
86	42	0.98115
88	42	0.99241
89	42	0.99445
90	42	0.9881
91	42	0.92896
92	42	0.99639
93	42	0.99727
95	42	0.99498
100	42	0.98729
103	42	0.98988
106	42	0.97895
107	42	0.99533
109	42	0.98396
112	42	0.96149
113	42	0.9619
115	42	0.99055
117	42	0.99641
119	42	0.96812
121	42	0.99362
123	42	0.97479
127	42	0.99616
129	42	0.98571
131	42	0.98379
133	42	0.96019
135	42	0.9936
136	42	0.99268
137	42	0.98627
138	42	0.99556
141	42	0.91103
142	42	0.99139
145	42	0.99716
146	42	0.96102
147	42	0.98785
148	42	0.99333
2	43	0.99754
13	43	0.99428
25	43	0.9781
27	43	0.99783
33	43	0.9885
38	43	0.97308
39	43	0.99818
42	43	0.99228
44	43	0.98559
46	43	0.98921
55	43	0.9703
57	43	0.96636
59	43	0.99687
61	43	0.99866
64	43	0.97269
65	43	0.98139
69	43	0.99694
70	43	0.99842
72	43	0.96783
79	43	0.97913
80	43	0.99775
81	43	0.98837
82	43	0.97722
83	43	0.99846
86	43	0.98141
88	43	0.99735
89	43	0.99829
90	43	0.97973
92	43	0.99145
93	43	0.99439
95	43	0.998
100	43	0.97161
103	43	0.99574
106	43	0.97637
107	43	0.99844
109	43	0.98602
112	43	0.96335
115	43	0.99475
117	43	0.99515
119	43	0.96347
121	43	0.99587
127	43	0.99617
128	43	0.89455
129	43	0.99028
130	43	0.9717
131	43	0.98684
133	43	0.97113
135	43	0.99342
136	43	0.99941
137	43	0.98679
138	43	0.998
142	43	0.99467
145	43	0.99339
147	43	0.99363
148	43	0.9971
149	43	0.89295
2	44	0.9808
6	44	0.96444
7	44	0.95563
12	44	0.94305
13	44	0.98812
15	44	0.97147
16	44	0.98184
19	44	0.93874
23	44	0.96928
25	44	0.99464
27	44	0.98745
28	44	0.8275
29	44	0.95028
30	44	0.90936
31	44	0.9182
33	44	0.99276
34	44	0.97436
37	44	0.94898
38	44	0.98371
39	44	0.98778
42	44	0.99301
43	44	0.98559
46	44	0.99694
54	44	0.9449
55	44	0.97691
57	44	0.98053
59	44	0.9895
61	44	0.98869
63	44	0.91112
