6	2	0.99573
7	2	0.9932
9	2	0.88654
10	2	0.97302
12	2	0.987
13	2	0.9939
15	2	0.99855
17	2	0.92483
19	2	0.99226
20	2	0.98954
21	2	0.95723
22	2	0.98812
25	2	0.99396
27	2	0.99427
28	2	0.98352
29	2	0.93702
31	2	0.98774
33	2	0.98903
34	2	0.9973
36	2	0.98825
37	2	0.99328
38	2	0.99467
39	2	0.99376
40	2	0.98135
42	2	0.99656
43	2	0.98797
44	2	0.98823
45	2	0.98874
46	2	0.99406
48	2	0.98912
52	2	0.99046
54	2	0.98759
55	2	0.98717
57	2	0.98456
58	2	0.99021
63	2	0.99016
65	2	0.99084
70	2	0.99224
73	2	0.99147
74	2	0.99242
75	2	0.98657
76	2	0.98713
79	2	0.98624
81	2	0.98715
85	2	0.989
89	2	0.98742
93	2	0.98728
95	2	0.98911
96	2	0.98935
100	2	0.99156
102	2	0.98602
107	2	0.99624
112	2	0.98675
115	2	0.99086
117	2	0.98788
118	2	0.97045
121	2	0.98879
127	2	0.98856
135	2	0.9899
138	2	0.9917
4	3	0.897
6	3	0.97691
7	3	0.98057
9	3	0.87993
10	3	0.99232
11	3	0.99412
13	3	0.98087
15	3	0.97707
17	3	0.92586
19	3	0.97949
21	3	0.95187
24	3	0.9844
28	3	0.96896
29	3	0.90346
31	3	0.97848
33	3	0.97075
36	3	0.97957
37	3	0.97765
38	3	0.97694
41	3	0.9782
43	3	0.98774
44	3	0.97923
45	3	0.98048
46	3	0.97774
48	3	0.98188
50	3	0.97694
52	3	0.97852
54	3	0.9803
57	3	0.98212
63	3	0.98397
67	3	0.97842
70	3	0.97928
73	3	0.98765
74	3	0.98453
81	3	0.97703
88	3	0.98142
89	3	0.97768
91	3	0.97882
92	3	0.97936
96	3	0.98503
98	3	0.97836
99	3	0.98127
102	3	0.97931
103	3	0.97872
105	3	0.98289
107	3	0.98355
109	3	0.98401
112	3	0.98663
113	3	0.97757
121	3	0.9795
126	3	0.98456
127	3	0.98247
134	3	0.97778
135	3	0.98337
141	3	0.98015
142	3	0.98196
145	3	0.98634
3	4	0.897
5	4	0.9587
7	4	0.90062
11	4	0.90111
12	4	0.94634
16	4	0.93706
17	4	0.9895
18	4	0.48225
24	4	0.91349
26	4	0.47392
28	4	0.90456
35	4	0.92564
36	4	0.89846
37	4	0.92765
43	4	0.90011
45	4	0.89829
47	4	0.96094
48	4	0.92046
49	4	0.90052
50	4	0.92204
52	4	0.90412
57	4	0.90576
73	4	0.8994
74	4	0.90374
80	4	0.95298
83	4	0.90066
84	4	0.90281
87	4	0.90166
93	4	0.90771
95	4	0.90141
96	4	0.91615
101	4	0.8307
103	4	0.90706
107	4	0.8968
109	4	0.92893
110	4	0.90555
112	4	0.92168
113	4	0.90816
114	4	0.92131
116	4	0.91191
126	4	0.89909
127	4	0.89681
132	4	0.89972
135	4	0.89835
136	4	0.89844
140	4	0.66211
141	4	0.89734
142	4	0.89838
143	4	0.90497
144	4	0.90748
145	4	0.89696
146	4	0.92868
147	4	0.93562
148	4	0.89673
4	5	0.9587
12	5	0.99365
14	5	0.98088
16	5	0.99273
17	5	0.97015
18	5	0.2604
20	5	0.98153
23	5	0.98065
24	5	0.98124
26	5	0.25213
29	5	0.90225
32	5	0.9806
35	5	0.99182
37	5	0.98548
45	5	0.98178
47	5	0.98993
48	5	0.98939
49	5	0.9814
50	5	0.99106
52	5	0.98068
55	5	0.98169
58	5	0.9812
61	5	0.98052
62	5	0.98216
75	5	0.98108
76	5	0.98112
78	5	0.98175
80	5	0.9986
83	5	0.9831
84	5	0.98624
85	5	0.98166
87	5	0.98418
90	5	0.98074
92	5	0.98062
93	5	0.98763
94	5	0.98044
95	5	0.98393
96	5	0.9869
97	5	0.98092
100	5	0.9809
101	5	0.68398
103	5	0.98404
106	5	0.98127
109	5	0.98724
110	5	0.98372
111	5	0.98078
113	5	0.98518
114	5	0.99072
116	5	0.98849
132	5	0.98206
140	5	0.46908
142	5	0.98042
143	5	0.98563
144	5	0.98792
146	5	0.99143
147	5	0.98963
148	5	0.98068
2	6	0.99573
3	6	0.97691
7	6	0.99544
9	6	0.8649
10	6	0.97191
13	6	0.99598
15	6	0.99548
19	6	0.98859
20	6	0.99023
21	6	0.94682
25	6	0.9951
27	6	0.99517
28	6	0.97553
29	6	0.91647
30	6	0.99158
31	6	0.99071
33	6	0.98481
34	6	0.98941
37	6	0.99104
38	6	0.99442
39	6	0.99931
40	6	0.97347
42	6	0.99256
43	6	0.99234
44	6	0.99375
45	6	0.99105
46	6	0.9909
48	6	0.99113
54	6	0.99317
55	6	0.98975
57	6	0.97991
58	6	0.99226
61	6	0.9899
63	6	0.9944
64	6	0.98974
65	6	0.99753
70	6	0.99737
73	6	0.99082
74	6	0.99002
75	6	0.9902
76	6	0.98978
81	6	0.99398
88	6	0.99195
89	6	0.99458
92	6	0.99042
95	6	0.99224
98	6	0.99037
100	6	0.99272
102	6	0.98504
107	6	0.99716
108	6	0.99076
110	6	0.99001
112	6	0.9928
115	6	0.99764
117	6	0.9952
118	6	0.97
121	6	0.99468
127	6	0.99326
129	6	0.99067
135	6	0.99443
138	6	0.99684
142	6	0.99024
145	6	0.99181
2	7	0.9932
3	7	0.98057
4	7	0.90062
6	7	0.99544
9	7	0.86204
10	7	0.97269
11	7	0.99185
12	7	0.98946
13	7	0.99437
15	7	0.99444
16	7	0.98948
17	7	0.9297
19	7	0.9909
20	7	0.99741
21	7	0.94463
22	7	0.99394
24	7	0.98928
25	7	0.99767
27	7	0.99612
28	7	0.97149
29	7	0.90384
30	7	0.99719
31	7	0.99687
33	7	0.97503
34	7	0.98765
36	7	0.99431
37	7	0.99337
38	7	0.99839
39	7	0.99572
40	7	0.97107
42	7	0.98472
43	7	0.99556
44	7	0.99744
45	7	0.9981
46	7	0.98941
48	7	0.99736
52	7	0.99421
53	7	0.99753
54	7	0.99107
55	7	0.99732
57	7	0.97938
58	7	0.99803
59	7	0.99636
61	7	0.99597
62	7	0.99674
63	7	0.9955
65	7	0.99427
70	7	0.99766
73	7	0.99642
74	7	0.99496
75	7	0.9973
76	7	0.9966
81	7	0.99711
85	7	0.99688
86	7	0.99581
87	7	0.99706
88	7	0.99756
89	7	0.99713
90	7	0.99584
91	7	0.99674
92	7	0.99711
93	7	0.99594
95	7	0.99787
96	7	0.99653
97	7	0.9961
98	7	0.99754
100	7	0.99861
102	7	0.9769
105	7	0.94379
106	7	0.99621
107	7	0.99824
108	7	0.99702
109	7	0.99255
110	7	0.99727
112	7	0.99313
113	7	0.99701
114	7	0.99591
115	7	0.99184
117	7	0.99706
118	7	0.95009
121	7	0.99774
123	7	0.99639
126	7	0.99609
127	7	0.99707
132	7	0.99585
135	7	0.99848
137	7	0.9965
138	7	0.99747
142	7	0.99693
149	7	0.9682
11	8	0.9893
14	8	0.99839
18	8	0.08818
20	8	0.99713
22	8	0.99311
23	8	0.99705
26	8	0.07971
30	8	0.99678
32	8	0.99698
36	8	0.9921
45	8	0.99772
49	8	0.99761
50	8	0.99585
52	8	0.99075
53	8	0.99803
55	8	0.99783
58	8	0.99707
59	8	0.99799
61	8	0.99735
62	8	0.99751
66	8	0.99772
67	8	0.99743
68	8	0.99742
69	8	0.99693
71	8	0.99893
72	8	0.99763
75	8	0.99828
76	8	0.99695
77	8	0.99887
83	8	0.99722
85	8	0.99676
86	8	0.99838
87	8	0.99822
90	8	0.99877
91	8	0.99824
92	8	0.99789
93	8	0.99571
94	8	0.99902
95	8	0.99695
97	8	0.99837
98	8	0.99713
101	8	0.54597
104	8	0.99634
106	8	0.99847
108	8	0.99756
110	8	0.99704
113	8	0.99735
114	8	0.9969
116	8	0.99839
119	8	0.99727
123	8	0.99793
124	8	0.9981
125	8	0.99804
128	8	0.99747
132	8	0.99926
133	8	0.99682
137	8	0.99784
139	8	0.99821
141	8	0.99567
142	8	0.99789
143	8	0.99886
144	8	0.99661
149	8	0.96689
150	8	0.99738
2	9	0.88654
3	9	0.87993
6	9	0.8649
7	9	0.86204
10	9	0.92261
11	9	0.88873
12	9	0.88051
13	9	0.87997
15	9	0.88611
16	9	0.87955
17	9	0.85833
19	9	0.9169
21	9	0.96858
22	9	0.8829
24	9	0.9013
25	9	0.85661
28	9	0.94055
29	9	0.95087
31	9	0.87592
33	9	0.92729
34	9	0.9054
36	9	0.89288
37	9	0.88446
38	9	0.86701
39	9	0.85765
40	9	0.94077
42	9	0.89378
43	9	0.87837
44	9	0.86003
45	9	0.85582
46	9	0.90914
48	9	0.86351
52	9	0.89312
54	9	0.87294
56	9	0.88539
57	9	0.91478
63	9	0.8687
73	9	0.87318
74	9	0.89767
93	9	0.86347
96	9	0.87795
100	9	0.85695
102	9	0.92203
107	9	0.87164
112	9	0.87607
126	9	0.85446
135	9	0.85805
141	9	0.86428
148	9	0.85417
149	9	0.88154
2	10	0.97302
3	10	0.99232
6	10	0.97191
7	10	0.97269
9	10	0.92261
11	10	0.9887
12	10	0.97079
13	10	0.97634
15	10	0.97538
16	10	0.97106
17	10	0.92793
19	10	0.98458
21	10	0.97558
22	10	0.96901
24	10	0.98459
25	10	0.96758
28	10	0.9842
29	10	0.93322
31	10	0.9727
33	10	0.98343
34	10	0.97322
36	10	0.9768
37	10	0.97651
38	10	0.96977
39	10	0.96907
40	10	0.97758
42	10	0.97214
43	10	0.98212
44	10	0.97015
45	10	0.96937
46	10	0.98201
48	10	0.97296
52	10	0.97491
54	10	0.97447
57	10	0.98796
63	10	0.97663
70	10	0.9693
73	10	0.98085
74	10	0.98197
88	10	0.9705
96	10	0.97876
99	10	0.96979
102	10	0.98884
105	10	0.97619
107	10	0.97707
109	10	0.97284
112	10	0.98221
126	10	0.97253
127	10	0.97031
135	10	0.9739
141	10	0.97213
142	10	0.96853
145	10	0.97342
3	11	0.99412
4	11	0.90111
7	11	0.99185
8	11	0.9893
9	11	0.88873
10	11	0.9887
13	11	0.98925
17	11	0.93355
19	11	0.99182
21	11	0.95968
22	11	0.99107
23	11	0.99018
24	11	0.99476
28	11	0.97524
29	11	0.90705
31	11	0.99335
33	11	0.97454
36	11	0.9947
38	11	0.9907
40	11	0.97478
41	11	0.99015
43	11	0.99665
44	11	0.99165
45	11	0.99298
46	11	0.98664
48	11	0.99307
50	11	0.98965
52	11	0.99328
53	11	0.99052
57	11	0.98583
58	11	0.98979
62	11	0.99021
63	11	0.99183
67	11	0.98998
71	11	0.99009
73	11	0.99394
74	11	0.99514
87	11	0.99036
88	11	0.99232
91	11	0.9911
92	11	0.99194
95	11	0.98933
96	11	0.99567
97	11	0.99
98	11	0.99064
99	11	0.99187
100	11	0.98965
102	11	0.98035
103	11	0.99006
105	11	0.97059
106	11	0.99098
107	11	0.99239
109	11	0.99022
110	11	0.98992
112	11	0.99197
113	11	0.99104
121	11	0.98958
126	11	0.99479
127	11	0.99199
135	11	0.99352
141	11	0.99373
142	11	0.99299
145	11	0.99242
149	11	0.97258
2	12	0.987
4	12	0.94634
5	12	0.99365
7	12	0.98946
9	12	0.88051
10	12	0.97079
13	12	0.98696
15	12	0.98846
16	12	0.99762
17	12	0.96804
18	12	0.19813
19	12	0.98606
20	12	0.98684
21	12	0.94854
22	12	0.98575
24	12	0.98969
25	12	0.98737
26	12	0.19047
27	12	0.98541
28	12	0.98096
29	12	0.9337
31	12	0.98623
33	12	0.97329
34	12	0.98582
35	12	0.98827
36	12	0.98755
37	12	0.99671
38	12	0.98867
40	12	0.97352
42	12	0.98068
43	12	0.98567
44	12	0.9859
45	12	0.98756
46	12	0.98818
47	12	0.97041
48	12	0.99389
50	12	0.99213
52	12	0.99043
55	12	0.98582
57	12	0.98409
58	12	0.98671
62	12	0.98546
63	12	0.98655
73	12	0.98906
74	12	0.99105
80	12	0.99212
84	12	0.98758
85	12	0.98657
87	12	0.98708
93	12	0.99119
95	12	0.98795
96	12	0.9935
100	12	0.98806
101	12	0.63348
102	12	0.97352
103	12	0.987
107	12	0.98909
109	12	0.98978
110	12	0.98701
112	12	0.9892
113	12	0.98812
114	12	0.99163
116	12	0.98664
118	12	0.94032
127	12	0.9854
135	12	0.98678
140	12	0.4094
146	12	0.98618
2	13	0.9939
3	13	0.98087
6	13	0.99598
7	13	0.99437
9	13	0.87997
10	13	0.97634
11	13	0.98925
12	13	0.98696
15	13	0.99715
19	13	0.99289
20	13	0.99312
21	13	0.95039
23	13	0.99247
24	13	0.99007
25	13	0.99656
27	13	0.99516
28	13	0.98079
29	13	0.9198
31	13	0.99356
33	13	0.98556
34	13	0.99232
37	13	0.99085
38	13	0.99548
39	13	0.99701
40	13	0.98424
42	13	0.99286
43	13	0.99427
44	13	0.99517
45	13	0.99369
46	13	0.99642
48	13	0.99334
54	13	0.99861
55	13	0.99256
56	13	0.99258
57	13	0.98795
58	13	0.99402
60	13	0.99339
61	13	0.99213
63	13	0.99854
65	13	0.99461
70	13	0.99569
73	13	0.99366
74	13	0.99379
81	13	0.99369
85	13	0.99256
88	13	0.99282
89	13	0.99393
92	13	0.99304
95	13	0.99401
96	13	0.99418
98	13	0.99291
99	13	0.99318
100	13	0.99377
102	13	0.98408
105	13	0.9453
107	13	0.99769
112	13	0.99085
115	13	0.99323
117	13	0.994
118	13	0.9569
121	13	0.99426
127	13	0.99515
134	13	0.99489
135	13	0.9952
138	13	0.99505
142	13	0.99224
145	13	0.99427
5	14	0.98088
8	14	0.99839
20	14	0.99802
22	14	0.99134
23	14	0.99865
30	14	0.99859
31	14	0.99572
32	14	0.99867
35	14	0.98901
41	14	0.99796
45	14	0.99785
47	14	0.96305
49	14	0.99819
50	14	0.99536
51	14	0.99875
53	14	0.99871
55	14	0.99899
58	14	0.99795
59	14	0.99854
60	14	0.99506
61	14	0.99897
62	14	0.99873
64	14	0.99821
66	14	0.99931
67	14	0.99881
68	14	0.99942
69	14	0.99878
71	14	0.99917
72	14	0.99797
75	14	0.9991
76	14	0.99818
77	14	0.99927
78	14	0.99893
79	14	0.99743
80	14	0.98258
82	14	0.99883
83	14	0.99895
84	14	0.99844
85	14	0.99771
86	14	0.99923
87	14	0.99896
90	14	0.99909
91	14	0.99893
92	14	0.9989
93	14	0.99666
94	14	0.99938
95	14	0.99841
97	14	0.99892
98	14	0.99842
99	14	0.99671
100	14	0.99687
101	14	0.5442
103	14	0.99691
104	14	0.99818
106	14	0.99904
108	14	0.99913
110	14	0.99821
111	14	0.99795
113	14	0.99827
114	14	0.99692
116	14	0.99777
119	14	0.99875
120	14	0.99844
122	14	0.99788
123	14	0.99903
124	14	0.99824
125	14	0.99926
126	14	0.99686
128	14	0.99853
129	14	0.99772
130	14	0.99631
131	14	0.9881
132	14	0.99919
133	14	0.99873
136	14	0.99724
137	14	0.99911
139	14	0.99928
140	14	0.3099
141	14	0.99609
142	14	0.99815
143	14	0.99876
144	14	0.997
146	14	0.99367
147	14	0.98625
148	14	0.99596
149	14	0.96495
150	14	0.99823
2	15	0.99855
3	15	0.97707
6	15	0.99548
7	15	0.99444
9	15	0.88611
10	15	0.97538
12	15	0.98846
13	15	0.99715
16	15	0.98823
19	15	0.9945
20	15	0.99298
21	15	0.95606
25	15	0.99671
27	15	0.99629
28	15	0.98376
29	15	0.93232
31	15	0.99093
33	15	0.98839
34	15	0.99743
36	15	0.99085
37	15	0.99418
38	15	0.99662
39	15	0.99469
40	15	0.9852
42	15	0.99629
43	15	0.991
44	15	0.99152
45	15	0.99215
46	15	0.99696
48	15	0.99242
52	15	0.99222
54	15	0.99226
55	15	0.9913
56	15	0.98953
57	15	0.98763
58	15	0.99341
62	15	0.98959
63	15	0.99414
65	15	0.99243
70	15	0.9942
73	15	0.99433
74	15	0.99484
75	15	0.98969
76	15	0.99104
79	15	0.98985
81	15	0.98999
85	15	0.99252
87	15	0.99043
89	15	0.99011
92	15	0.98994
93	15	0.99124
95	15	0.99244
96	15	0.99313
100	15	0.99407
102	15	0.98435
107	15	0.99783
115	15	0.9913
117	15	0.99045
118	15	0.96465
121	15	0.99156
127	15	0.99226
135	15	0.99256
138	15	0.99369
4	16	0.93706
5	16	0.99273
7	16	0.98948
9	16	0.87955
10	16	0.97106
12	16	0.99762
15	16	0.98823
17	16	0.96167
18	16	0.17973
19	16	0.98729
20	16	0.98897
21	16	0.94879
22	16	0.98821
23	16	0.98741
24	16	0.99202
25	16	0.98857
26	16	0.17175
28	16	0.9778
29	16	0.92873
31	16	0.98868
33	16	0.97185
34	16	0.9846
35	16	0.98834
36	16	0.98954
37	16	0.99517
38	16	0.9895
40	16	0.97612
42	16	0.97908
43	16	0.98801
44	16	0.98868
45	16	0.98911
46	16	0.98871
47	16	0.97016
48	16	0.9946
50	16	0.99271
52	16	0.99105
55	16	0.98801
57	16	0.98566
58	16	0.98837
62	16	0.98893
63	16	0.98837
73	16	0.98888
74	16	0.99166
80	16	0.99124
84	16	0.9907
85	16	0.98891
87	16	0.98908
93	16	0.99353
95	16	0.98925
96	16	0.99456
98	16	0.98759
99	16	0.98736
100	16	0.99012
101	16	0.61898
102	16	0.97412
103	16	0.99
107	16	0.98983
109	16	0.99022
110	16	0.98912
112	16	0.98907
113	16	0.99012
114	16	0.99316
116	16	0.98926
134	16	0.98755
135	16	0.98857
140	16	0.39335
141	16	0.9878
144	16	0.98733
146	16	0.98826
2	17	0.92483
3	17	0.92586
4	17	0.9895
5	17	0.97015
7	17	0.9297
9	17	0.85833
10	17	0.92793
11	17	0.93355
12	17	0.96804
16	17	0.96167
18	17	0.39366
19	17	0.92954
22	17	0.93215
24	17	0.94423
26	17	0.387
28	17	0.94092
29	17	0.91775
31	17	0.92759
35	17	0.93999
36	17	0.93467
37	17	0.953
38	17	0.92559
43	17	0.93032
45	17	0.92625
46	17	0.92814
47	17	0.95716
48	17	0.94426
50	17	0.94248
52	17	0.93933
57	17	0.93703
73	17	0.9283
74	17	0.93798
80	17	0.96258
84	17	0.92843
87	17	0.92581
93	17	0.93532
95	17	0.926
96	17	0.94315
101	17	0.7706
103	17	0.93106
107	17	0.92645
109	17	0.94609
110	17	0.93135
112	17	0.94744
113	17	0.93354
114	17	0.94461
116	17	0.93535
126	17	0.926
135	17	0.92594
140	17	0.58243
141	17	0.92796
143	17	0.92775
144	17	0.9283
146	17	0.94247
147	17	0.94253
148	17	0.92509
4	18	0.48225
5	18	0.2604
8	18	0.08818
12	18	0.19813
16	18	0.17973
17	18	0.39366
24	18	0.10234
26	18	0.99954
28	18	0.10335
29	18	0.16222
32	18	0.09015
35	18	0.20058
37	18	0.1475
47	18	0.34358
48	18	0.12664
49	18	0.09891
50	18	0.14455
52	18	0.08909
57	18	0.0967
66	18	0.08782
72	18	0.09395
77	18	0.08951
78	18	0.09438
80	18	0.25647
83	18	0.10329
84	18	0.10811
87	18	0.09523
93	18	0.11206
94	18	0.08804
95	18	0.09503
96	18	0.11084
101	18	0.88179
103	18	0.1027
104	18	0.09586
109	18	0.14627
110	18	0.10286
112	18	0.11935
113	18	0.1061
114	18	0.14338
116	18	0.13302
119	18	0.09097
124	18	0.08919
132	18	0.0968
136	18	0.11109
140	18	0.97145
143	18	0.11417
144	18	0.13957
146	18	0.17672
147	18	0.23032
150	18	0.09371
2	19	0.99226
3	19	0.97949
6	19	0.98859
7	19	0.9909
9	19	0.9169
10	19	0.98458
11	19	0.99182
12	19	0.98606
13	19	0.99289
15	19	0.9945
16	19	0.98729
17	19	0.92954
20	19	0.98875
21	19	0.9755
22	19	0.99285
24	19	0.99378
25	19	0.99006
28	19	0.98957
29	19	0.9377
31	19	0.9935
33	19	0.98927
34	19	0.99301
36	19	0.99595
37	19	0.99054
38	19	0.99289
39	19	0.98737
40	19	0.99174
42	19	0.98866
43	19	0.993
44	19	0.99001
45	19	0.98938
46	19	0.99653
48	19	0.99014
52	19	0.99451
54	19	0.98906
55	19	0.98699
56	19	0.99024
57	19	0.98979
58	19	0.98819
62	19	0.98731
63	19	0.99051
73	19	0.99038
74	19	0.99673
85	19	0.98842
88	19	0.98708
92	19	0.98719
93	19	0.98971
95	19	0.98705
96	19	0.99347
100	19	0.98993
102	19	0.9877
105	19	0.94441
107	19	0.99293
112	19	0.9878
118	19	0.94116
126	19	0.98683
127	19	0.9872
135	19	0.98977
141	19	0.98963
149	19	0.97035
2	20	0.98954
5	20	0.98153
6	20	0.99023
7	20	0.99741
8	20	0.99713
12	20	0.98684
13	20	0.99312
14	20	0.99802
15	20	0.99298
16	20	0.98897
19	20	0.98875
22	20	0.99478
23	20	0.9982
25	20	0.99828
27	20	0.99657
30	20	0.99773
31	20	0.99675
32	20	0.99779
34	20	0.9856
35	20	0.99021
36	20	0.99422
37	20	0.98888
38	20	0.9987
39	20	0.9921
40	20	0.97049
42	20	0.98068
44	20	0.99707
45	20	0.99887
46	20	0.98744
48	20	0.99676
50	20	0.99642
52	20	0.99404
53	20	0.99825
55	20	0.99963
56	20	0.99145
58	20	0.99949
59	20	0.9981
60	20	0.99504
61	20	0.9984
62	20	0.99867
63	20	0.99451
64	20	0.99825
69	20	0.9975
70	20	0.99564
71	20	0.99732
73	20	0.9937
74	20	0.99302
75	20	0.99907
76	20	0.99908
78	20	0.99748
79	20	0.9981
80	20	0.98287
82	20	0.99745
83	20	0.99727
84	20	0.99866
85	20	0.99962
86	20	0.99746
87	20	0.99901
90	20	0.99813
91	20	0.99746
92	20	0.99842
93	20	0.99862
94	20	0.99777
95	20	0.9992
96	20	0.99613
97	20	0.99856
98	20	0.99819
100	20	0.99927
106	20	0.9982
107	20	0.99619
108	20	0.99859
110	20	0.99729
111	20	0.99751
113	20	0.99737
114	20	0.99659
116	20	0.99648
118	20	0.93897
121	20	0.99699
123	20	0.99853
127	20	0.99718
132	20	0.99752
134	20	0.99534
135	20	0.9972
137	20	0.99768
138	20	0.99624
141	20	0.99525
142	20	0.99739
144	20	0.99635
150	20	0.99587
2	21	0.95723
3	21	0.95187
6	21	0.94682
7	21	0.94463
9	21	0.96858
10	21	0.97558
11	21	0.95968
12	21	0.94854
13	21	0.95039
15	21	0.95606
16	21	0.94879
19	21	0.9755
22	21	0.95635
24	21	0.96118
25	21	0.93832
28	21	0.98188
29	21	0.96555
31	21	0.95128
33	21	0.9768
34	21	0.96421
36	21	0.96301
37	21	0.95586
38	21	0.94639
39	21	0.94003
40	21	0.97786
42	21	0.95631
43	21	0.95517
44	21	0.94273
45	21	0.93899
46	21	0.9662
48	21	0.94448
52	21	0.96142
54	21	0.94488
56	21	0.94486
57	21	0.96421
63	21	0.94453
70	21	0.93499
73	21	0.94818
74	21	0.96648
88	21	0.93644
93	21	0.94032
96	21	0.95127
100	21	0.93994
102	21	0.9771
107	21	0.94961
112	21	0.95386
126	21	0.93753
135	21	0.94103
141	21	0.94487
149	21	0.95203
2	22	0.98812
7	22	0.99394
8	22	0.99311
9	22	0.8829
10	22	0.96901
11	22	0.99107
12	22	0.98575
14	22	0.99134
16	22	0.98821
17	22	0.93215
19	22	0.99285
20	22	0.99478
21	22	0.95635
23	22	0.99202
24	22	0.98981
25	22	0.99128
28	22	0.97036
29	22	0.909
31	22	0.99611
33	22	0.96926
34	22	0.9854
36	22	0.99882
37	22	0.98796
38	22	0.99572
40	22	0.97394
43	22	0.99228
44	22	0.99274
45	22	0.99473
48	22	0.99369
50	22	0.9919
52	22	0.99816
53	22	0.99459
55	22	0.99336
58	22	0.99355
62	22	0.99431
71	22	0.99348
74	22	0.99553
75	22	0.99339
84	22	0.99279
85	22	0.9946
87	22	0.99296
88	22	0.99114
90	22	0.99095
91	22	0.99166
92	22	0.99266
93	22	0.99548
95	22	0.99269
96	22	0.99455
97	22	0.99288
98	22	0.99127
100	22	0.99521
106	22	0.9943
107	22	0.99206
108	22	0.99146
110	22	0.99303
113	22	0.99273
114	22	0.99355
116	22	0.9927
126	22	0.99168
132	22	0.992
135	22	0.99234
141	22	0.99439
142	22	0.99206
143	22	0.99104
149	22	0.97923
5	23	0.98065
8	23	0.99705
11	23	0.99018
13	23	0.99247
14	23	0.99865
16	23	0.98741
20	23	0.9982
22	23	0.99202
24	23	0.98967
25	23	0.99643
27	23	0.9936
30	23	0.99858
31	23	0.99699
32	23	0.99755
36	23	0.99244
38	23	0.99642
41	23	0.99882
43	23	0.99537
44	23	0.99826
45	23	0.99823
48	23	0.9965
49	23	0.99767
50	23	0.99571
51	23	0.99728
52	23	0.99092
53	23	0.99809
54	23	0.99186
55	23	0.99902
56	23	0.99082
58	23	0.99846
59	23	0.9982
60	23	0.99741
61	23	0.99918
62	23	0.99944
63	23	0.99563
64	23	0.99814
65	23	0.99178
66	23	0.99741
67	23	0.99894
68	23	0.99836
69	23	0.99841
70	23	0.99574
71	23	0.99843
72	23	0.99615
73	23	0.99189
75	23	0.99883
76	23	0.99802
77	23	0.9976
78	23	0.9985
79	23	0.99678
81	23	0.99691
82	23	0.99771
83	23	0.99832
84	23	0.99842
85	23	0.99813
86	23	0.99843
87	23	0.99901
88	23	0.99838
89	23	0.99743
90	23	0.99868
91	23	0.99899
92	23	0.99944
93	23	0.99708
94	23	0.99789
95	23	0.99873
96	23	0.99593
97	23	0.99869
98	23	0.9987
99	23	0.99867
100	23	0.99759
103	23	0.99755
104	23	0.99641
105	23	0.94482
106	23	0.99888
107	23	0.99492
108	23	0.99917
109	23	0.99325
110	23	0.99805
111	23	0.99798
113	23	0.99823
114	23	0.99643
116	23	0.99626
117	23	0.99748
119	23	0.99671
120	23	0.99844
121	23	0.99805
122	23	0.99709
123	23	0.99852
124	23	0.99669
125	23	0.99835
126	23	0.9982
127	23	0.99796
128	23	0.99858
129	23	0.99844
130	23	0.9956
131	23	0.98934
132	23	0.99802
133	23	0.99733
134	23	0.99757
135	23	0.99817
136	23	0.99582
137	23	0.99807
138	23	0.99609
139	23	0.99882
141	23	0.99759
142	23	0.99884
145	23	0.99533
146	23	0.99356
148	23	0.99739
149	23	0.96539
150	23	0.99578
3	24	0.9844
4	24	0.91349
5	24	0.98124
7	24	0.98928
9	24	0.9013
10	24	0.98459
11	24	0.99476
12	24	0.98969
13	24	0.99007
16	24	0.99202
17	24	0.94423
18	24	0.10234
19	24	0.99378
21	24	0.96118
22	24	0.98981
23	24	0.98967
26	24	0.09386
28	24	0.98233
29	24	0.91867
31	24	0.9933
33	24	0.97574
34	24	0.98213
36	24	0.99431
37	24	0.98851
38	24	0.98952
40	24	0.98367
43	24	0.99394
44	24	0.9909
45	24	0.99125
46	24	0.99132
48	24	0.99324
50	24	0.98933
52	24	0.99248
54	24	0.98949
56	24	0.99232
57	24	0.9902
62	24	0.98977
63	24	0.99201
73	24	0.99053
74	24	0.99428
84	24	0.98921
85	24	0.98901
87	24	0.98955
88	24	0.98975
92	24	0.98998
93	24	0.99218
96	24	0.99646
97	24	0.98957
98	24	0.9897
99	24	0.99136
100	24	0.9891
101	24	0.55515
102	24	0.9787
103	24	0.98949
105	24	0.95605
106	24	0.98921
107	24	0.9898
109	24	0.9897
112	24	0.9897
113	24	0.99117
114	24	0.99006
126	24	0.99145
127	24	0.98929
134	24	0.99072
135	24	0.99095
140	24	0.3197
141	24	0.99311
142	24	0.98953
148	24	0.9897
149	24	0.96821
2	25	0.99396
6	25	0.9951
7	25	0.99767
9	25	0.85661
10	25	0.96758
12	25	0.98737
13	25	0.99656
15	25	0.99671
16	25	0.98857
19	25	0.99006
20	25	0.99828
21	25	0.93832
22	25	0.99128
23	25	0.99643
27	25	0.99893
28	25	0.97135
29	25	0.90388
30	25	0.9962
32	25	0.99622
33	25	0.9757
34	25	0.98966
36	25	0.9918
37	25	0.99145
38	25	0.99894
39	25	0.99607
40	25	0.97451
42	25	0.9885
44	25	0.99656
45	25	0.99773
46	25	0.99145
48	25	0.99609
52	25	0.99178
54	25	0.99361
55	25	0.99786
56	25	0.99112
57	25	0.981
58	25	0.99899
59	25	0.99693
61	25	0.99708
62	25	0.9965
63	25	0.99673
64	25	0.99772
65	25	0.99559
70	25	0.9982
73	25	0.99482
74	25	0.99314
75	25	0.99696
76	25	0.99786
78	25	0.99552
79	25	0.99744
81	25	0.99575
83	25	0.99553
84	25	0.99594
85	25	0.99826
87	25	0.99736
89	25	0.99669
90	25	0.99617
92	25	0.99691
93	25	0.99601
95	25	0.99838
96	25	0.99548
97	25	0.99609
98	25	0.99678
100	25	0.99865
102	25	0.97422
107	25	0.99842
108	25	0.99685
115	25	0.99377
117	25	0.99672
118	25	0.95467
121	25	0.99729
123	25	0.99679
127	25	0.99781
134	25	0.99573
135	25	0.99727
137	25	0.99564
138	25	0.99831
142	25	0.99584
145	25	0.99448
4	26	0.47392
5	26	0.25213
8	26	0.07971
12	26	0.19047
16	26	0.17175
17	26	0.387
18	26	0.99954
24	26	0.09386
28	26	0.09689
29	26	0.15897
32	26	0.08103
35	26	0.19229
37	26	0.13985
47	26	0.33383
48	26	0.11798
49	26	0.08893
50	26	0.13632
52	26	0.08247
57	26	0.08857
66	26	0.07855
72	26	0.08506
77	26	0.08024
78	26	0.08474
80	26	0.24781
83	26	0.09362
84	26	0.09946
87	26	0.08644
93	26	0.10402
94	26	0.0793
95	26	0.08627
96	26	0.10251
101	26	0.87798
103	26	0.09267
104	26	0.08665
109	26	0.13564
110	26	0.0935
112	26	0.1095
113	26	0.09689
114	26	0.13484
116	26	0.12474
119	26	0.08154
124	26	0.07989
132	26	0.08765
136	26	0.10029
140	26	0.96746
143	26	0.10541
144	26	0.13154
146	26	0.16639
147	26	0.21958
150	26	0.08485
2	27	0.99427
6	27	0.99517
7	27	0.99612
12	27	0.98541
13	27	0.99516
15	27	0.99629
20	27	0.99657
23	27	0.9936
25	27	0.99893
28	27	0.96708
29	27	0.90224
30	27	0.99473
32	27	0.99532
33	27	0.974
34	27	0.9897
35	27	0.98945
37	27	0.9904
38	27	0.99734
39	27	0.9962
40	27	0.96995
42	27	0.98936
44	27	0.99365
45	27	0.99492
46	27	0.9892
54	27	0.99117
55	27	0.99597
58	27	0.99727
59	27	0.99544
61	27	0.99551
62	27	0.9936
63	27	0.9942
64	27	0.99659
65	27	0.99647
69	27	0.9942
70	27	0.99747
73	27	0.9932
75	27	0.99529
76	27	0.99707
78	27	0.99384
79	27	0.99737
81	27	0.99432
82	27	0.99456
83	27	0.99399
85	27	0.99607
87	27	0.99503
89	27	0.99556
90	27	0.99397
92	27	0.99413
95	27	0.99691
98	27	0.99423
100	27	0.99675
107	27	0.99716
108	27	0.99517
115	27	0.99529
117	27	0.99554
118	27	0.96238
121	27	0.99612
123	27	0.99559
127	27	0.99564
129	27	0.99355
135	27	0.99478
137	27	0.99411
138	27	0.99789
2	28	0.98352
3	28	0.96896
4	28	0.90456
6	28	0.97553
7	28	0.97149
9	28	0.94055
10	28	0.9842
11	28	0.97524
12	28	0.98096
13	28	0.98079
15	28	0.98376
16	28	0.9778
17	28	0.94092
18	28	0.10335
19	28	0.98957
21	28	0.98188
22	28	0.97036
24	28	0.98233
25	28	0.97135
26	28	0.09689
27	28	0.96708
29	28	0.97041
31	28	0.97131
33	28	0.99372
34	28	0.98734
36	28	0.97673
37	28	0.98316
38	28	0.97342
39	28	0.97207
40	28	0.99176
42	28	0.98698
43	28	0.97492
44	28	0.9679
45	28	0.9667
46	28	0.99139
48	28	0.97248
52	28	0.97725
54	28	0.97596
56	28	0.9749
57	28	0.99034
63	28	0.97462
70	28	0.96759
73	28	0.97483
74	28	0.98293
93	28	0.96822
96	28	0.97743
100	28	0.96752
101	28	0.543
102	28	0.9897
107	28	0.97726
109	28	0.96604
112	28	0.97657
118	28	0.9462
127	28	0.96609
135	28	0.96884
140	28	0.31084
141	28	0.96524
145	28	0.96577
2	29	0.93702
3	29	0.90346
5	29	0.90225
6	29	0.91647
7	29	0.90384
9	29	0.95087
10	29	0.93322
11	29	0.90705
12	29	0.9337
13	29	0.9198
15	29	0.93232
16	29	0.92873
17	29	0.91775
18	29	0.16222
19	29	0.9377
21	29	0.96555
22	29	0.909
24	29	0.91867
25	29	0.90388
26	29	0.15897
27	29	0.90224
28	29	0.97041
31	29	0.90122
33	29	0.96129
34	29	0.94913
36	29	0.91485
37	29	0.93636
38	29	0.90859
39	29	0.90794
40	29	0.95662
42	29	0.9465
43	29	0.90651
44	29	0.8963
46	29	0.94379
48	29	0.90704
52	29	0.92117
54	29	0.90969
56	29	0.91068
57	29	0.94426
63	29	0.90616
65	29	0.89636
70	29	0.89788
73	29	0.91093
74	29	0.92823
93	29	0.90128
96	29	0.91199
100	29	0.89884
101	29	0.55774
102	29	0.95265
107	29	0.91553
112	29	0.91629
115	29	0.89872
118	29	0.91491
140	29	0.3454
6	30	0.99158
7	30	0.99719
8	30	0.99678
14	30	0.99859
20	30	0.99773
23	30	0.99858
25	30	0.9962
27	30	0.99473
31	30	0.99619
32	30	0.99815
38	30	0.99624
39	30	0.99381
41	30	0.9987
43	30	0.99418
44	30	0.9984
45	30	0.99799
48	30	0.99615
49	30	0.9975
51	30	0.99852
53	30	0.99884
55	30	0.99861
58	30	0.99835
59	30	0.99848
60	30	0.99597
61	30	0.9992
62	30	0.9989
63	30	0.99466
64	30	0.99824
65	30	0.99379
66	30	0.99829
67	30	0.99878
68	30	0.99889
69	30	0.99878
70	30	0.99703
71	30	0.99851
72	30	0.9962
75	30	0.99944
76	30	0.99844
77	30	0.99773
78	30	0.99844
79	30	0.99787
81	30	0.99832
82	30	0.99855
83	30	0.9987
84	30	0.99756
85	30	0.99717
86	30	0.99931
87	30	0.99845
88	30	0.99882
89	30	0.9989
90	30	0.99862
91	30	0.9993
92	30	0.99894
93	30	0.99582
94	30	0.99788
95	30	0.9989
97	30	0.99793
98	30	0.99879
99	30	0.99753
100	30	0.99783
103	30	0.99795
104	30	0.99634
106	30	0.99866
107	30	0.99505
108	30	0.99971
109	30	0.99318
110	30	0.99902
111	30	0.99811
112	30	0.98968
113	30	0.99833
114	30	0.9965
115	30	0.9903
117	30	0.99906
118	30	0.9379
119	30	0.99741
120	30	0.99868
121	30	0.99899
122	30	0.99783
123	30	0.99913
125	30	0.9988
126	30	0.99776
127	30	0.99784
129	30	0.99919
130	30	0.99715
131	30	0.99081
132	30	0.99849
133	30	0.99802
134	30	0.99522
135	30	0.99822
136	30	0.99683
137	30	0.99943
138	30	0.99745
139	30	0.99909
141	30	0.99612
142	30	0.99878
145	30	0.99501
146	30	0.99353
147	30	0.98531
148	30	0.99633
149	30	0.96606
150	30	0.99611
2	31	0.98774
3	31	0.97848
6	31	0.99071
7	31	0.99687
9	31	0.87592
10	31	0.9727
11	31	0.99335
12	31	0.98623
13	31	0.99356
14	31	0.99572
15	31	0.99093
16	31	0.98868
17	31	0.92759
19	31	0.9935
20	31	0.99675
21	31	0.95128
22	31	0.99611
23	31	0.99699
24	31	0.9933
28	31	0.97131
29	31	0.90122
30	31	0.99619
33	31	0.97295
34	31	0.98418
36	31	0.99729
37	31	0.98848
38	31	0.99682
39	31	0.99211
40	31	0.97633
41	31	0.99652
42	31	0.9792
43	31	0.99738
44	31	0.99863
45	31	0.9974
46	31	0.98926
48	31	0.99628
52	31	0.99549
53	31	0.99814
54	31	0.9923
55	31	0.99662
56	31	0.99094
57	31	0.9799
58	31	0.99626
60	31	0.99541
62	31	0.99787
63	31	0.9951
67	31	0.99563
71	31	0.99688
73	31	0.9921
74	31	0.99538
75	31	0.9964
81	31	0.99581
84	31	0.99622
85	31	0.99615
87	31	0.99626
88	31	0.99759
91	31	0.99668
92	31	0.99743
93	31	0.99692
95	31	0.99643
96	31	0.99676
97	31	0.9963
98	31	0.99704
99	31	0.99666
100	31	0.99693
102	31	0.97583
103	31	0.99606
105	31	0.94616
106	31	0.99762
107	31	0.99525
108	31	0.99644
110	31	0.99753
111	31	0.99622
112	31	0.99183
113	31	0.99746
117	31	0.99571
121	31	0.9956
126	31	0.99738
131	31	0.99155
132	31	0.99546
135	31	0.99752
139	31	0.99573
141	31	0.99862
142	31	0.99674
148	31	0.99679
149	31	0.97802
5	32	0.9806
8	32	0.99698
14	32	0.99867
18	32	0.09015
20	32	0.99779
23	32	0.99755
25	32	0.99622
26	32	0.08103
27	32	0.99532
30	32	0.99815
35	32	0.99129
47	32	0.96338
49	32	0.99814
50	32	0.99542
51	32	0.99913
55	32	0.99874
58	32	0.99833
59	32	0.99924
61	32	0.9993
62	32	0.9973
64	32	0.99955
65	32	0.99151
66	32	0.99885
67	32	0.99818
68	32	0.99866
69	32	0.99931
72	32	0.99899
75	32	0.99864
76	32	0.99937
77	32	0.99835
78	32	0.9993
79	32	0.99946
80	32	0.98379
82	32	0.99954
83	32	0.9993
84	32	0.99752
85	32	0.99758
86	32	0.99832
87	32	0.99867
90	32	0.99906
91	32	0.99768
92	32	0.99792
94	32	0.99918
95	32	0.99859
97	32	0.9981
98	32	0.99781
100	32	0.99678
101	32	0.54648
104	32	0.99918
108	32	0.99871
111	32	0.99692
115	32	0.98834
116	32	0.9962
119	32	0.9988
120	32	0.99799
123	32	0.99941
124	32	0.99851
125	32	0.99906
128	32	0.99841
129	32	0.99778
132	32	0.99794
133	32	0.99914
136	32	0.99668
137	32	0.99887
138	32	0.99592
139	32	0.99781
140	32	0.31202
143	32	0.99767
144	32	0.99717
146	32	0.99301
147	32	0.98572
150	32	0.99868
2	33	0.98903
3	33	0.97075
6	33	0.98481
7	33	0.97503
9	33	0.92729
10	33	0.98343
11	33	0.97454
12	33	0.97329
13	33	0.98556
15	33	0.98839
16	33	0.97185
19	33	0.98927
21	33	0.9768
22	33	0.96926
24	33	0.97574
25	33	0.9757
27	33	0.974
28	33	0.99372
29	33	0.96129
31	33	0.97295
34	33	0.99049
36	33	0.97431
37	33	0.98238
38	33	0.97645
39	33	0.98135
40	33	0.99056
42	33	0.99427
43	33	0.97805
44	33	0.97201
46	33	0.9928
48	33	0.97145
52	33	0.97491
54	33	0.98083
56	33	0.97239
57	33	0.98854
63	33	0.97897
65	33	0.97579
70	33	0.9753
73	33	0.97746
74	33	0.98178
81	33	0.96912
96	33	0.97522
100	33	0.97056
102	33	0.99575
107	33	0.98257
112	33	0.97915
115	33	0.9757
118	33	0.96538
121	33	0.96956
127	33	0.97002
135	33	0.97334
138	33	0.97306
145	33	0.96947
2	34	0.9973
6	34	0.98941
7	34	0.98765
9	34	0.9054
10	34	0.97322
12	34	0.98582
13	34	0.99232
15	34	0.99743
16	34	0.9846
19	34	0.99301
20	34	0.9856
21	34	0.96421
22	34	0.9854
24	34	0.98213
25	34	0.98966
27	34	0.9897
28	34	0.98734
29	34	0.94913
31	34	0.98418
33	34	0.99049
36	34	0.98681
37	34	0.99157
38	34	0.99048
39	34	0.98746
40	34	0.98927
42	34	0.99622
43	34	0.98311
44	34	0.98305
45	34	0.98407
46	34	0.99599
48	34	0.98493
52	34	0.99029
54	34	0.98576
55	34	0.9825
56	34	0.98554
57	34	0.98596
58	34	0.98502
63	34	0.98733
65	34	0.98315
70	34	0.98518
73	34	0.98968
74	34	0.99247
76	34	0.98225
85	34	0.98494
93	34	0.98498
95	34	0.9836
96	34	0.98674
100	34	0.98721
102	34	0.98461
107	34	0.99221
115	34	0.98263
118	34	0.96247
127	34	0.98255
135	34	0.9837
138	34	0.98421
4	35	0.92564
5	35	0.99182
12	35	0.98827
14	35	0.98901
16	35	0.98834
17	35	0.93999
18	35	0.20058
20	35	0.99021
26	35	0.19229
27	35	0.98945
32	35	0.99129
47	35	0.98293
48	35	0.98992
50	35	0.99247
51	35	0.98988
55	35	0.98984
58	35	0.98953
59	35	0.98926
61	35	0.98938
64	35	0.99061
66	35	0.9896
68	35	0.98895
69	35	0.99022
72	35	0.98971
75	35	0.98988
76	35	0.991
78	35	0.99118
79	35	0.99143
80	35	0.99553
82	35	0.99103
83	35	0.99123
84	35	0.99238
85	35	0.98975
86	35	0.98857
87	35	0.9902
93	35	0.9915
94	35	0.9892
95	35	0.99125
100	35	0.98917
101	35	0.63478
104	35	0.99074
108	35	0.98934
110	35	0.98927
111	35	0.98945
113	35	0.98885
114	35	0.9926
116	35	0.99161
119	35	0.98945
123	35	0.99048
132	35	0.98882
133	35	0.98908
136	35	0.98851
137	35	0.98906
140	35	0.41477
143	35	0.99003
144	35	0.99516
146	35	0.99198
147	35	0.9919
150	35	0.9901
2	36	0.98825
3	36	0.97957
4	36	0.89846
7	36	0.99431
8	36	0.9921
9	36	0.89288
10	36	0.9768
11	36	0.9947
12	36	0.98755
15	36	0.99085
16	36	0.98954
17	36	0.93467
19	36	0.99595
20	36	0.99422
21	36	0.96301
22	36	0.99882
23	36	0.99244
24	36	0.99431
25	36	0.9918
28	36	0.97673
29	36	0.91485
31	36	0.99729
33	36	0.97431
34	36	0.98681
37	36	0.98966
38	36	0.99567
40	36	0.97961
43	36	0.99478
44	36	0.99395
45	36	0.99547
46	36	0.98906
48	36	0.99503
50	36	0.99178
52	36	0.99867
53	36	0.99442
55	36	0.99328
56	36	0.98976
57	36	0.98118
58	36	0.99348
62	36	0.99416
71	36	0.99299
73	36	0.99185
74	36	0.99802
75	36	0.99244
84	36	0.99233
85	36	0.99412
87	36	0.99327
88	36	0.99223
91	36	0.99189
92	36	0.99344
93	36	0.99551
95	36	0.99268
96	36	0.99676
97	36	0.99327
98	36	0.99219
100	36	0.9949
102	36	0.97596
106	36	0.99419
107	36	0.99315
110	36	0.99272
113	36	0.9933
114	36	0.99313
116	36	0.99152
126	36	0.99325
127	36	0.99143
132	36	0.99144
135	36	0.99333
141	36	0.99557
142	36	0.99279
148	36	0.99135
149	36	0.97796
2	37	0.99328
3	37	0.97765
4	37	0.92765
5	37	0.98548
6	37	0.99104
7	37	0.99337
9	37	0.88446
10	37	0.97651
12	37	0.99671
13	37	0.99085
15	37	0.99418
16	37	0.99517
17	37	0.953
18	37	0.1475
19	37	0.99054
20	37	0.98888
21	37	0.95586
22	37	0.98796
24	37	0.98851
25	37	0.99145
26	37	0.13985
27	37	0.9904
28	37	0.98316
29	37	0.93636
31	37	0.98848
33	37	0.98238
34	37	0.99157
36	37	0.98966
38	37	0.99223
39	37	0.98929
40	37	0.97771
42	37	0.98812
43	37	0.98871
44	37	0.98874
45	37	0.98953
46	37	0.99215
48	37	0.99458
50	37	0.99125
52	37	0.99202
55	37	0.98814
57	37	0.98451
58	37	0.98953
63	37	0.98983
70	37	0.99
73	37	0.99355
74	37	0.99426
80	37	0.98464
81	37	0.98852
85	37	0.9889
87	37	0.98861
93	37	0.99118
95	37	0.9898
96	37	0.99404
100	37	0.99156
101	37	0.59074
102	37	0.98058
103	37	0.98788
107	37	0.99378
109	37	0.98923
110	37	0.98791
112	37	0.99153
113	37	0.98794
114	37	0.99032
118	37	0.95449
121	37	0.98813
127	37	0.98799
135	37	0.98979
138	37	0.98893
140	37	0.3615
2	38	0.99467
3	38	0.97694
6	38	0.99442
7	38	0.99839
9	38	0.86701
10	38	0.96977
11	38	0.9907
12	38	0.98867
13	38	0.99548
15	38	0.99662
16	38	0.9895
17	38	0.92559
19	38	0.99289
20	38	0.9987
21	38	0.94639
22	38	0.99572
23	38	0.99642
24	38	0.98952
25	38	0.99894
27	38	0.99734
28	38	0.97342
29	38	0.90859
30	38	0.99624
31	38	0.99682
33	38	0.97645
34	38	0.99048
36	38	0.99567
37	38	0.99223
39	38	0.99486
40	38	0.97563
42	38	0.98698
43	38	0.99501
44	38	0.99704
45	38	0.99835
46	38	0.99126
48	38	0.99714
50	38	0.99545
52	38	0.99553
53	38	0.99651
54	38	0.99167
55	38	0.99793
56	38	0.99059
57	38	0.9813
58	38	0.99895
59	38	0.99642
61	38	0.99652
62	38	0.99714
63	38	0.99524
64	38	0.99649
65	38	0.99317
70	38	0.99684
73	38	0.99466
74	38	0.99566
75	38	0.99753
76	38	0.99718
79	38	0.99614
84	38	0.99603
85	38	0.99837
87	38	0.99754
88	38	0.99566
89	38	0.99588
90	38	0.99616
91	38	0.99578
92	38	0.99723
93	38	0.99704
95	38	0.99842
96	38	0.99682
97	38	0.99606
98	38	0.99628
100	38	0.99896
102	38	0.97577
106	38	0.99619
107	38	0.99847
108	38	0.99683
110	38	0.99588
112	38	0.98965
113	38	0.99585
115	38	0.99071
117	38	0.99618
118	38	0.94956
121	38	0.99689
123	38	0.99645
127	38	0.99728
135	38	0.99755
138	38	0.99714
142	38	0.99645
149	38	0.96631
2	39	0.99376
6	39	0.99931
7	39	0.99572
9	39	0.85765
10	39	0.96907
13	39	0.99701
15	39	0.99469
19	39	0.98737
20	39	0.9921
21	39	0.94003
25	39	0.99607
27	39	0.9962
28	39	0.97207
29	39	0.90794
30	39	0.99381
31	39	0.99211
33	39	0.98135
34	39	0.98746
37	39	0.98929
38	39	0.99486
40	39	0.97231
42	39	0.99081
43	39	0.99308
44	39	0.99539
45	39	0.99242
46	39	0.99052
48	39	0.99193
54	39	0.99527
55	39	0.99193
57	39	0.97972
58	39	0.99377
60	39	0.99181
61	39	0.99269
63	39	0.99594
64	39	0.99231
65	39	0.99888
70	39	0.9983
75	39	0.99228
76	39	0.99204
79	39	0.99181
81	39	0.99559
88	39	0.99398
89	39	0.9968
92	39	0.99269
95	39	0.99419
98	39	0.99279
100	39	0.99353
102	39	0.98185
107	39	0.99724
108	39	0.99329
110	39	0.99218
112	39	0.99246
115	39	0.99816
117	39	0.99706
118	39	0.96597
121	39	0.99655
123	39	0.99187
127	39	0.99503
129	39	0.99345
131	39	0.9871
134	39	0.99214
135	39	0.99584
137	39	0.9918
138	39	0.9981
142	39	0.99237
145	39	0.99366
2	40	0.98135
6	40	0.97347
7	40	0.97107
9	40	0.94077
10	40	0.97758
11	40	0.97478
12	40	0.97352
13	40	0.98424
15	40	0.9852
16	40	0.97612
19	40	0.99174
20	40	0.97049
21	40	0.97786
22	40	0.97394
24	40	0.98367
25	40	0.97451
27	40	0.96995
28	40	0.99176
29	40	0.95662
31	40	0.97633
33	40	0.99056
34	40	0.98927
36	40	0.97961
37	40	0.97771
38	40	0.97563
39	40	0.97231
42	40	0.98619
43	40	0.97617
44	40	0.97232
45	40	0.96966
46	40	0.99395
48	40	0.97161
52	40	0.97972
54	40	0.98131
56	40	0.98625
57	40	0.98894
58	40	0.96878
60	40	0.97149
63	40	0.97911
73	40	0.97546
74	40	0.9841
85	40	0.97037
93	40	0.97336
96	40	0.97769
99	40	0.96896
100	40	0.97162
102	40	0.98489
107	40	0.9782
112	40	0.97036
134	40	0.9722
135	40	0.97071
141	40	0.96961
3	41	0.9782
11	41	0.99015
14	41	0.99796
23	41	0.99882
30	41	0.9987
31	41	0.99652
43	41	0.99522
44	41	0.99837
49	41	0.99782
51	41	0.99703
53	41	0.99817
54	41	0.99207
55	41	0.9974
56	41	0.98749
60	41	0.99756
61	41	0.99823
62	41	0.99864
63	41	0.99556
67	41	0.9991
68	41	0.99802
69	41	0.99753
71	41	0.99829
75	41	0.99776
78	41	0.99784
81	41	0.99762
83	41	0.99784
84	41	0.99719
86	41	0.99796
87	41	0.99764
88	41	0.99889
89	41	0.99751
90	41	0.99767
91	41	0.99906
92	41	0.99877
95	41	0.99739
97	41	0.99788
98	41	0.99866
99	41	0.99933
103	41	0.99896
105	41	0.9488
106	41	0.99871
108	41	0.99857
109	41	0.99474
110	41	0.99842
111	41	0.99791
112	41	0.99012
113	41	0.99847
117	41	0.99752
120	41	0.9993
121	41	0.99753
122	41	0.99836
125	41	0.99789
126	41	0.99902
127	41	0.99715
128	41	0.9979
129	41	0.99857
130	41	0.99736
131	41	0.99253
132	41	0.99768
134	41	0.99687
135	41	0.99765
136	41	0.99664
137	41	0.99783
139	41	0.99879
141	41	0.99744
142	41	0.99872
145	41	0.99585
146	41	0.99458
147	41	0.98499
148	41	0.99834
149	41	0.96694
2	42	0.99656
6	42	0.99256
7	42	0.98472
9	42	0.89378
10	42	0.97214
12	42	0.98068
13	42	0.99286
15	42	0.99629
16	42	0.97908
19	42	0.98866
20	42	0.98068
21	42	0.95631
25	42	0.9885
27	42	0.98936
28	42	0.98698
29	42	0.9465
31	42	0.9792
33	42	0.99427
34	42	0.99622
37	42	0.98812
38	42	0.98698
39	42	0.99081
40	42	0.98619
43	42	0.98121
44	42	0.98081
45	42	0.97929
46	42	0.99544
48	42	0.98053
52	42	0.9803
54	42	0.98764
56	42	0.98096
57	42	0.98683
58	42	0.98164
63	42	0.98706
65	42	0.98808
70	42	0.98687
73	42	0.9853
74	42	0.9853
81	42	0.97963
85	42	0.98005
89	42	0.98014
95	42	0.9805
96	42	0.98181
100	42	0.98274
102	42	0.98827
107	42	0.99101
112	42	0.98065
115	42	0.98887
117	42	0.98052
118	42	0.97767
121	42	0.98127
127	42	0.98148
134	42	0.97944
135	42	0.98234
138	42	0.98579
2	43	0.98797
3	43	0.98774
4	43	0.90011
6	43	0.99234
7	43	0.99556
9	43	0.87837
10	43	0.98212
11	43	0.99665
12	43	0.98567
13	43	0.99427
15	43	0.991
16	43	0.98801
17	43	0.93032
19	43	0.993
21	43	0.95517
22	43	0.99228
23	43	0.99537
24	43	0.99394
28	43	0.97492
29	43	0.90651
30	43	0.99418
31	43	0.99738
33	43	0.97805
34	43	0.98311
36	43	0.99478
37	43	0.98871
38	43	0.99501
39	43	0.99308
40	43	0.97617
41	43	0.99522
42	43	0.98121
44	43	0.9977
45	43	0.99564
46	43	0.98992
48	43	0.99602
52	43	0.99285
53	43	0.99475
54	43	0.9939
56	43	0.98743
57	43	0.98616
58	43	0.99427
62	43	0.99518
63	43	0.99613
67	43	0.9946
70	43	0.99484
71	43	0.99445
73	43	0.99302
74	43	0.99472
81	43	0.99394
87	43	0.99425
88	43	0.99727
89	43	0.99514
91	43	0.99555
92	43	0.9962
95	43	0.99445
96	43	0.99653
98	43	0.99492
99	43	0.99596
100	43	0.994
102	43	0.98326
103	43	0.99432
105	43	0.96401
106	43	0.99468
107	43	0.99628
108	43	0.99431
109	43	0.99454
110	43	0.99534
112	43	0.99629
113	43	0.99555
117	43	0.99488
118	43	0.93792
121	43	0.99589
126	43	0.99767
127	43	0.99652
129	43	0.99442
131	43	0.99045
135	43	0.9981
138	43	0.99396
141	43	0.99766
142	43	0.99672
145	43	0.99609
149	43	0.97638
2	44	0.98823
3	44	0.97923
6	44	0.99375
7	44	0.99744
9	44	0.86003
10	44	0.97015
11	44	0.99165
12	44	0.9859
13	44	0.99517
15	44	0.99152
16	44	0.98868
19	44	0.99001
20	44	0.99707
21	44	0.94273
22	44	0.99274
23	44	0.99826
24	44	0.9909
25	44	0.99656
27	44	0.99365
28	44	0.9679
29	44	0.8963
30	44	0.9984
31	44	0.99863
33	44	0.97201
34	44	0.98305
36	44	0.99395
37	44	0.98874
38	44	0.99704
39	44	0.99539
40	44	0.97232
41	44	0.99837
42	44	0.98081
43	44	0.9977
45	44	0.99803
46	44	0.98842
48	44	0.99708
52	44	0.99256
53	44	0.99829
54	44	0.99494
55	44	0.99743
56	44	0.98962
57	44	0.9791
58	44	0.99763
60	44	0.997
61	44	0.99757
62	44	0.99871
63	44	0.99735
65	44	0.99376
67	44	0.9977
70	44	0.99718
71	44	0.9974
73	44	0.99242
74	44	0.99359
75	44	0.99779
81	44	0.99793
86	44	0.997
87	44	0.99742
88	44	0.99907
89	44	0.99825
91	44	0.99814
92	44	0.99867
93	44	0.99635
95	44	0.99801
96	44	0.99611
98	44	0.99836
99	44	0.99821
100	44	0.99769
102	44	0.97564
103	44	0.99759
105	44	0.94778
106	44	0.99797
107	44	0.99675
108	44	0.99834
109	44	0.99428
110	44	0.99843
111	44	0.99729
