6	2	0.99644
7	2	0.99338
9	2	0.88006
10	2	0.97091
12	2	0.98713
13	2	0.99435
15	2	0.9972
17	2	0.92458
19	2	0.98919
20	2	0.98958
21	2	0.95123
22	2	0.98727
25	2	0.99377
27	2	0.99434
28	2	0.98161
29	2	0.93888
30	2	0.98659
31	2	0.98839
33	2	0.98215
34	2	0.99732
36	2	0.98781
37	2	0.98761
38	2	0.99394
39	2	0.99604
40	2	0.9789
42	2	0.99626
43	2	0.98805
44	2	0.98838
45	2	0.9889
46	2	0.9934
48	2	0.98865
52	2	0.99045
54	2	0.98925
55	2	0.98633
57	2	0.98351
58	2	0.99012
63	2	0.99032
65	2	0.99241
70	2	0.99289
73	2	0.99149
74	2	0.99
76	2	0.98734
79	2	0.98655
81	2	0.98868
85	2	0.98921
89	2	0.98903
93	2	0.9867
95	2	0.98876
96	2	0.9888
100	2	0.99201
102	2	0.98592
107	2	0.99565
110	2	0.98659
112	2	0.98655
115	2	0.99233
117	2	0.98932
118	2	0.97113
121	2	0.98946
127	2	0.98862
135	2	0.99043
138	2	0.99239
6	3	0.97998
7	3	0.97668
9	3	0.88191
10	3	0.9857
11	3	0.99047
13	3	0.97862
15	3	0.97498
19	3	0.97774
21	3	0.95122
23	3	0.97486
24	3	0.9815
28	3	0.9669
29	3	0.90083
31	3	0.97706
33	3	0.97121
36	3	0.97756
38	3	0.97555
41	3	0.97681
43	3	0.98516
44	3	0.98192
45	3	0.97607
46	3	0.97502
48	3	0.98016
54	3	0.97976
57	3	0.97856
62	3	0.97558
63	3	0.98359
70	3	0.97602
73	3	0.98342
74	3	0.98391
81	3	0.97926
87	3	0.97624
88	3	0.98197
89	3	0.97498
91	3	0.97882
92	3	0.978
95	3	0.97507
96	3	0.98242
99	3	0.97672
102	3	0.97276
103	3	0.98001
105	3	0.97417
107	3	0.98109
109	3	0.98323
110	3	0.97544
112	3	0.98767
117	3	0.97896
120	3	0.97569
121	3	0.98008
126	3	0.98418
127	3	0.98001
131	3	0.98331
135	3	0.97861
141	3	0.97908
142	3	0.97883
145	3	0.9826
148	3	0.97503
5	4	0.95896
7	4	0.90119
12	4	0.946
16	4	0.91942
17	4	0.98866
18	4	0.48681
24	4	0.91502
26	4	0.47947
28	4	0.90409
35	4	0.92578
36	4	0.89865
37	4	0.91967
41	4	0.89902
43	4	0.90013
44	4	0.89752
45	4	0.89875
47	4	0.95699
48	4	0.9205
49	4	0.8996
50	4	0.92146
52	4	0.9045
57	4	0.90254
62	4	0.89841
73	4	0.89974
74	4	0.90286
80	4	0.95435
83	4	0.90091
84	4	0.90425
87	4	0.90064
93	4	0.90863
95	4	0.90194
96	4	0.91533
101	4	0.83261
103	4	0.90849
109	4	0.92684
110	4	0.9087
112	4	0.92212
113	4	0.9093
114	4	0.92205
116	4	0.91249
117	4	0.89765
126	4	0.89966
132	4	0.89878
135	4	0.8993
136	4	0.90042
140	4	0.66851
141	4	0.89972
142	4	0.89949
143	4	0.90196
144	4	0.90808
145	4	0.89802
146	4	0.93148
147	4	0.94052
148	4	0.90311
4	5	0.95896
12	5	0.9938
14	5	0.98126
16	5	0.97518
17	5	0.97014
18	5	0.2666
20	5	0.98152
23	5	0.98087
24	5	0.98111
26	5	0.25898
29	5	0.9035
30	5	0.98032
32	5	0.98071
35	5	0.99104
41	5	0.98139
45	5	0.98173
47	5	0.98403
48	5	0.98859
49	5	0.98046
50	5	0.9902
52	5	0.98044
55	5	0.98071
58	5	0.98093
61	5	0.98071
62	5	0.98245
75	5	0.98071
76	5	0.98122
78	5	0.98077
80	5	0.99811
83	5	0.98263
84	5	0.98674
85	5	0.98193
87	5	0.98251
90	5	0.98049
93	5	0.987
95	5	0.98357
96	5	0.98634
97	5	0.98116
100	5	0.98131
101	5	0.68696
103	5	0.98365
106	5	0.98167
108	5	0.98065
109	5	0.98601
110	5	0.98567
111	5	0.98242
113	5	0.98523
114	5	0.99075
116	5	0.98852
132	5	0.98164
136	5	0.98169
140	5	0.47709
142	5	0.98065
143	5	0.98157
144	5	0.98791
146	5	0.99267
147	5	0.99331
148	5	0.984
2	6	0.99644
3	6	0.97998
7	6	0.99486
9	6	0.87026
10	6	0.97426
13	6	0.99601
15	6	0.99754
16	6	0.97421
19	6	0.99021
20	6	0.9904
21	6	0.94846
25	6	0.99518
27	6	0.99442
28	6	0.9798
29	6	0.92283
30	6	0.99012
31	6	0.99023
33	6	0.98375
34	6	0.9909
37	6	0.98942
38	6	0.9958
39	6	0.99755
40	6	0.97625
42	6	0.99378
43	6	0.9922
44	6	0.99368
45	6	0.99153
46	6	0.99227
48	6	0.99233
54	6	0.99319
55	6	0.99022
57	6	0.98415
58	6	0.99308
59	6	0.99
62	6	0.98987
63	6	0.99491
65	6	0.99659
70	6	0.99622
73	6	0.99353
74	6	0.99217
75	6	0.99
81	6	0.99371
85	6	0.99052
87	6	0.99025
88	6	0.99131
89	6	0.99284
92	6	0.99083
95	6	0.99276
96	6	0.99192
100	6	0.99285
102	6	0.9829
105	6	0.93182
107	6	0.99799
108	6	0.99006
112	6	0.99217
115	6	0.99685
117	6	0.99513
118	6	0.97015
121	6	0.99449
127	6	0.99409
135	6	0.99298
138	6	0.99574
142	6	0.9901
145	6	0.99191
2	7	0.99338
3	7	0.97668
4	7	0.90119
6	7	0.99486
9	7	0.85683
10	7	0.9712
11	7	0.99018
12	7	0.98971
13	7	0.99413
15	7	0.99399
17	7	0.92941
19	7	0.98872
20	7	0.99751
21	7	0.93958
22	7	0.99374
23	7	0.99558
24	7	0.98954
25	7	0.99763
27	7	0.99596
28	7	0.9701
29	7	0.90731
30	7	0.99756
31	7	0.99668
33	7	0.96828
34	7	0.98832
36	7	0.99433
37	7	0.98833
38	7	0.99776
39	7	0.99615
40	7	0.96955
42	7	0.9847
43	7	0.99509
44	7	0.99657
45	7	0.9984
46	7	0.98885
48	7	0.99664
52	7	0.9948
53	7	0.99682
54	7	0.99136
55	7	0.99637
57	7	0.98021
58	7	0.99804
59	7	0.99574
61	7	0.99583
62	7	0.99652
63	7	0.99507
65	7	0.99418
70	7	0.99744
73	7	0.99717
74	7	0.9929
75	7	0.99692
76	7	0.99677
79	7	0.99582
81	7	0.99775
85	7	0.99719
87	7	0.99548
88	7	0.99624
89	7	0.99727
90	7	0.99582
92	7	0.99654
93	7	0.99537
95	7	0.99736
96	7	0.99654
97	7	0.99633
98	7	0.9971
100	7	0.99872
102	7	0.97615
106	7	0.99619
107	7	0.99775
108	7	0.99689
110	7	0.99766
112	7	0.99144
113	7	0.99636
114	7	0.99571
115	7	0.99226
117	7	0.99711
118	7	0.95004
121	7	0.99732
123	7	0.99627
126	7	0.99546
127	7	0.99693
132	7	0.99558
135	7	0.99834
137	7	0.99596
138	7	0.99711
142	7	0.99685
149	7	0.96852
14	8	0.99853
20	8	0.99657
22	8	0.9932
23	8	0.99729
30	8	0.99709
36	8	0.99215
45	8	0.99706
47	8	0.95747
49	8	0.99703
51	8	0.99767
53	8	0.99824
55	8	0.99738
58	8	0.99674
59	8	0.9977
62	8	0.99813
66	8	0.99804
68	8	0.99796
69	8	0.99692
71	8	0.99887
72	8	0.99715
75	8	0.99837
77	8	0.99871
78	8	0.99699
82	8	0.99658
83	8	0.9975
86	8	0.99878
87	8	0.99778
90	8	0.99816
91	8	0.99842
92	8	0.99786
93	8	0.9956
94	8	0.99883
95	8	0.99701
97	8	0.998
98	8	0.9969
101	8	0.54776
103	8	0.99562
104	8	0.99622
106	8	0.9983
108	8	0.99795
110	8	0.99784
114	8	0.99665
116	8	0.99777
119	8	0.99754
120	8	0.9973
123	8	0.99778
124	8	0.99724
125	8	0.99814
126	8	0.99679
130	8	0.99706
131	8	0.99477
132	8	0.9983
133	8	0.99695
137	8	0.99749
139	8	0.99853
141	8	0.99592
142	8	0.99745
143	8	0.99692
144	8	0.99618
149	8	0.96797
150	8	0.99714
2	9	0.88006
3	9	0.88191
6	9	0.87026
7	9	0.85683
10	9	0.91568
11	9	0.88383
12	9	0.87456
13	9	0.87826
15	9	0.88302
16	9	0.87925
17	9	0.85356
19	9	0.91555
21	9	0.97328
22	9	0.87821
24	9	0.89873
28	9	0.94214
29	9	0.95043
31	9	0.87432
33	9	0.9325
34	9	0.89757
36	9	0.89012
37	9	0.88029
38	9	0.86507
39	9	0.85629
40	9	0.94209
42	9	0.89009
43	9	0.87596
44	9	0.86389
46	9	0.90706
48	9	0.86312
52	9	0.88459
54	9	0.87463
56	9	0.88526
57	9	0.90837
60	9	0.85304
63	9	0.87018
73	9	0.8676
74	9	0.89981
88	9	0.8529
93	9	0.86308
96	9	0.87482
100	9	0.854
102	9	0.91731
107	9	0.86919
112	9	0.8804
126	9	0.85396
131	9	0.85994
141	9	0.86437
148	9	0.85906
149	9	0.87674
2	10	0.97091
3	10	0.9857
6	10	0.97426
7	10	0.9712
9	10	0.91568
11	10	0.98338
12	10	0.96778
13	10	0.97636
15	10	0.97259
19	10	0.97943
21	10	0.96635
24	10	0.98133
28	10	0.97962
29	10	0.92898
31	10	0.97335
33	10	0.97768
34	10	0.96876
36	10	0.97448
37	10	0.97371
38	10	0.96788
39	10	0.97272
40	10	0.97442
42	10	0.97026
43	10	0.98117
44	10	0.97225
45	10	0.96805
46	10	0.98131
48	10	0.97208
52	10	0.97047
54	10	0.9765
57	10	0.98277
63	10	0.9765
65	10	0.96843
70	10	0.97026
73	10	0.97805
74	10	0.97831
81	10	0.96783
88	10	0.97223
96	10	0.97684
99	10	0.97008
102	10	0.98821
105	10	0.95054
107	10	0.97478
109	10	0.97373
112	10	0.98419
121	10	0.96885
126	10	0.9716
127	10	0.96954
131	10	0.9739
134	10	0.96775
135	10	0.97317
141	10	0.97433
142	10	0.96798
145	10	0.97214
3	11	0.99047
7	11	0.99018
9	11	0.88383
10	11	0.98338
16	11	0.97524
17	11	0.92572
19	11	0.99088
21	11	0.95695
22	11	0.99002
23	11	0.99091
24	11	0.99235
28	11	0.97201
29	11	0.90053
31	11	0.99434
33	11	0.97228
36	11	0.99303
38	11	0.99041
40	11	0.9733
41	11	0.99173
43	11	0.99714
44	11	0.99481
45	11	0.99082
48	11	0.99283
52	11	0.9898
53	11	0.99047
55	11	0.98954
57	11	0.98194
58	11	0.98921
62	11	0.99191
63	11	0.99225
67	11	0.98945
71	11	0.99096
73	11	0.99062
74	11	0.9937
81	11	0.99206
87	11	0.99067
88	11	0.9948
91	11	0.99283
92	11	0.99263
95	11	0.98941
96	11	0.99406
97	11	0.98916
98	11	0.99059
99	11	0.99121
102	11	0.97674
103	11	0.99028
105	11	0.95869
106	11	0.99084
107	11	0.99185
109	11	0.99136
110	11	0.9909
112	11	0.99495
117	11	0.99107
121	11	0.99149
126	11	0.99496
127	11	0.99197
131	11	0.99634
135	11	0.99202
141	11	0.99485
142	11	0.99242
145	11	0.99145
148	11	0.99119
149	11	0.97726
2	12	0.98713
4	12	0.946
5	12	0.9938
7	12	0.98971
9	12	0.87456
10	12	0.96778
13	12	0.98741
15	12	0.9863
16	12	0.97796
17	12	0.96764
18	12	0.2043
20	12	0.9868
21	12	0.94097
24	12	0.98922
25	12	0.98706
26	12	0.19736
27	12	0.98569
28	12	0.97841
29	12	0.93415
31	12	0.98673
33	12	0.96585
34	12	0.98564
35	12	0.98749
36	12	0.98663
37	12	0.99033
38	12	0.98769
39	12	0.98631
40	12	0.96987
42	12	0.98009
43	12	0.98535
44	12	0.98584
45	12	0.98759
46	12	0.98717
47	12	0.96454
48	12	0.99313
50	12	0.99057
52	12	0.99004
57	12	0.98144
58	12	0.98644
62	12	0.98609
63	12	0.98685
70	12	0.98569
73	12	0.98881
74	12	0.98811
80	12	0.99203
81	12	0.98537
84	12	0.98877
85	12	0.98709
93	12	0.99052
95	12	0.98742
96	12	0.99246
100	12	0.98895
101	12	0.63615
102	12	0.97383
103	12	0.9869
107	12	0.98824
109	12	0.98819
110	12	0.98937
111	12	0.98616
112	12	0.98908
113	12	0.98864
114	12	0.99171
116	12	0.98682
118	12	0.94126
121	12	0.98528
135	12	0.98756
140	12	0.41793
146	12	0.98803
148	12	0.98749
2	13	0.99435
3	13	0.97862
6	13	0.99601
7	13	0.99413
9	13	0.87826
10	13	0.97636
12	13	0.98741
15	13	0.99667
19	13	0.99079
20	13	0.99307
21	13	0.94565
23	13	0.99227
24	13	0.99081
25	13	0.99628
27	13	0.99486
28	13	0.98105
29	13	0.92299
31	13	0.99311
33	13	0.9803
34	13	0.99286
37	13	0.98609
38	13	0.99529
39	13	0.9974
40	13	0.98327
42	13	0.99315
43	13	0.99348
44	13	0.99443
45	13	0.99384
46	13	0.99622
48	13	0.99294
52	13	0.99067
54	13	0.99883
55	13	0.99174
56	13	0.99121
57	13	0.98924
58	13	0.9941
60	13	0.99417
61	13	0.99171
62	13	0.99212
63	13	0.9985
65	13	0.99471
70	13	0.99523
73	13	0.995
74	13	0.9924
76	13	0.99207
81	13	0.99415
85	13	0.99337
89	13	0.99391
92	13	0.99267
95	13	0.99375
96	13	0.9946
98	13	0.99193
99	13	0.99237
100	13	0.9941
102	13	0.98277
107	13	0.99729
112	13	0.98963
115	13	0.99345
117	13	0.99436
118	13	0.95718
121	13	0.99419
127	13	0.99497
134	13	0.99387
135	13	0.99482
138	13	0.99473
142	13	0.99215
145	13	0.9941
148	13	0.99209
5	14	0.98126
8	14	0.99853
20	14	0.9982
22	14	0.99196
23	14	0.99879
30	14	0.99853
31	14	0.99574
32	14	0.99871
35	14	0.98791
41	14	0.99812
45	14	0.99822
47	14	0.95741
49	14	0.99799
50	14	0.99601
51	14	0.9987
53	14	0.99784
55	14	0.99871
58	14	0.99837
59	14	0.99865
60	14	0.99591
61	14	0.99847
62	14	0.99876
64	14	0.99835
66	14	0.99934
67	14	0.99826
68	14	0.99948
69	14	0.99865
71	14	0.99895
72	14	0.99835
75	14	0.99895
76	14	0.99825
77	14	0.99897
78	14	0.99831
79	14	0.99736
80	14	0.9817
82	14	0.99872
83	14	0.99863
84	14	0.9979
85	14	0.99823
86	14	0.9991
87	14	0.99838
90	14	0.99924
91	14	0.99842
92	14	0.99886
93	14	0.99639
94	14	0.99962
95	14	0.99833
97	14	0.99914
98	14	0.99826
99	14	0.99653
100	14	0.99708
101	14	0.54811
103	14	0.99479
104	14	0.99816
106	14	0.99901
108	14	0.9991
110	14	0.99817
111	14	0.99772
113	14	0.99698
114	14	0.99695
116	14	0.998
117	14	0.99667
119	14	0.99839
120	14	0.99843
122	14	0.99738
123	14	0.999
124	14	0.99808
125	14	0.99891
126	14	0.99632
128	14	0.99764
129	14	0.99711
130	14	0.99866
131	14	0.99472
132	14	0.99896
133	14	0.99816
136	14	0.99755
137	14	0.99871
139	14	0.99929
140	14	0.31566
141	14	0.99606
142	14	0.99808
143	14	0.99553
144	14	0.99747
146	14	0.99383
147	14	0.98757
148	14	0.99678
149	14	0.96536
150	14	0.99832
2	15	0.9972
3	15	0.97498
6	15	0.99754
7	15	0.99399
9	15	0.88302
10	15	0.97259
12	15	0.9863
13	15	0.99667
16	15	0.97878
19	15	0.99392
20	15	0.99242
21	15	0.95325
25	15	0.9953
27	15	0.99481
28	15	0.98188
29	15	0.93178
31	15	0.99191
33	15	0.9859
34	15	0.99511
36	15	0.99047
37	15	0.9915
38	15	0.99653
39	15	0.99559
40	15	0.98475
42	15	0.99548
43	15	0.99105
44	15	0.99355
45	15	0.9912
46	15	0.99647
48	15	0.99221
52	15	0.99003
54	15	0.99308
55	15	0.99118
56	15	0.98916
57	15	0.98708
58	15	0.99307
62	15	0.9907
63	15	0.99437
65	15	0.99466
70	15	0.99412
73	15	0.99324
74	15	0.99391
75	15	0.9903
76	15	0.99058
81	15	0.9931
85	15	0.99201
87	15	0.99053
88	15	0.9904
89	15	0.99039
92	15	0.99022
93	15	0.99129
95	15	0.99278
96	15	0.9929
100	15	0.99377
102	15	0.98301
107	15	0.99764
108	15	0.99016
112	15	0.98898
115	15	0.99305
117	15	0.99375
118	15	0.96487
121	15	0.99306
127	15	0.99203
135	15	0.99167
138	15	0.99418
4	16	0.91942
5	16	0.97518
6	16	0.97421
9	16	0.87925
11	16	0.97524
12	16	0.97796
15	16	0.97878
17	16	0.93748
18	16	0.17288
19	16	0.98039
21	16	0.9463
22	16	0.97674
23	16	0.97447
24	16	0.97858
26	16	0.16338
28	16	0.96645
29	16	0.91579
31	16	0.97655
33	16	0.96827
35	16	0.98028
36	16	0.97731
37	16	0.98648
38	16	0.9781
40	16	0.96911
43	16	0.97439
44	16	0.98141
46	16	0.97634
47	16	0.96793
48	16	0.98276
50	16	0.97631
53	16	0.97809
55	16	0.97628
56	16	0.98044
62	16	0.978
63	16	0.97577
74	16	0.98412
75	16	0.97512
78	16	0.97653
80	16	0.97655
81	16	0.97678
83	16	0.97549
87	16	0.98062
88	16	0.97822
91	16	0.97647
92	16	0.9749
93	16	0.98266
95	16	0.97743
96	16	0.98247
100	16	0.9746
101	16	0.60597
103	16	0.98299
105	16	0.93052
107	16	0.97725
109	16	0.98106
110	16	0.97513
112	16	0.98068
114	16	0.97921
117	16	0.97794
121	16	0.97569
126	16	0.97698
131	16	0.97674
140	16	0.38561
143	16	0.9816
146	16	0.97606
2	17	0.92458
4	17	0.98866
5	17	0.97014
7	17	0.92941
9	17	0.85356
11	17	0.92572
12	17	0.96764
16	17	0.93748
18	17	0.39976
22	17	0.92956
24	17	0.94404
26	17	0.39413
28	17	0.93804
29	17	0.91825
31	17	0.92673
35	17	0.93825
36	17	0.93319
37	17	0.94336
38	17	0.92397
43	17	0.92912
44	17	0.92408
45	17	0.9263
46	17	0.92624
47	17	0.94891
48	17	0.94285
50	17	0.94009
52	17	0.93893
57	17	0.93223
62	17	0.92425
73	17	0.92782
74	17	0.93428
80	17	0.96264
84	17	0.92984
93	17	0.93416
95	17	0.92501
96	17	0.94089
100	17	0.92549
101	17	0.77275
103	17	0.93014
107	17	0.92453
109	17	0.94277
110	17	0.93372
112	17	0.94587
113	17	0.93419
114	17	0.94393
116	17	0.93527
126	17	0.92462
135	17	0.92639
140	17	0.59061
141	17	0.92937
142	17	0.92414
144	17	0.92809
146	17	0.94359
147	17	0.946
148	17	0.92994
149	17	0.92398
4	18	0.48681
5	18	0.2666
12	18	0.2043
16	18	0.17288
17	18	0.39976
24	18	0.10994
26	18	0.99956
28	18	0.10972
29	18	0.16894
32	18	0.0965
35	18	0.20531
37	18	0.1466
47	18	0.34443
48	18	0.13254
49	18	0.10294
50	18	0.14865
52	18	0.09583
57	18	0.09661
66	18	0.09594
72	18	0.09933
77	18	0.09353
78	18	0.09817
80	18	0.26367
83	18	0.10801
84	18	0.116
87	18	0.09933
93	18	0.11816
94	18	0.09291
95	18	0.10058
96	18	0.11494
101	18	0.88283
103	18	0.1095
104	18	0.10045
109	18	0.14932
110	18	0.11091
111	18	0.09318
112	18	0.12465
113	18	0.11394
114	18	0.14896
116	18	0.13915
119	18	0.09503
132	18	0.10169
136	18	0.11759
140	18	0.97312
143	18	0.11689
144	18	0.14538
146	18	0.18339
147	18	0.23712
148	18	0.09534
150	18	0.09918
2	19	0.98919
3	19	0.97774
6	19	0.99021
7	19	0.98872
9	19	0.91555
10	19	0.97943
11	19	0.99088
13	19	0.99079
15	19	0.99392
16	19	0.98039
20	19	0.98672
21	19	0.97472
22	19	0.99195
24	19	0.99233
25	19	0.98774
28	19	0.98749
29	19	0.93465
31	19	0.99344
33	19	0.988
34	19	0.98904
36	19	0.99465
37	19	0.98725
38	19	0.99234
40	19	0.99123
42	19	0.98624
43	19	0.99235
44	19	0.99177
45	19	0.98675
46	19	0.99462
48	19	0.98945
52	19	0.99092
53	19	0.98671
54	19	0.98857
55	19	0.98676
56	19	0.99031
57	19	0.98818
58	19	0.98686
62	19	0.98803
63	19	0.9899
73	19	0.98756
74	19	0.99613
81	19	0.98812
85	19	0.98687
87	19	0.98648
88	19	0.98816
92	19	0.98676
93	19	0.98935
95	19	0.98653
96	19	0.99216
100	19	0.98829
102	19	0.98394
105	19	0.93599
107	19	0.9922
112	19	0.9891
117	19	0.98747
118	19	0.93993
126	19	0.98683
131	19	0.989
135	19	0.98707
141	19	0.98923
149	19	0.97153
2	20	0.98958
5	20	0.98152
6	20	0.9904
7	20	0.99751
8	20	0.99657
12	20	0.9868
13	20	0.99307
14	20	0.9982
15	20	0.99242
19	20	0.98672
22	20	0.99449
23	20	0.9984
25	20	0.99804
27	20	0.99636
30	20	0.99848
31	20	0.99717
32	20	0.99783
34	20	0.98574
35	20	0.98908
36	20	0.99392
37	20	0.98434
38	20	0.99803
39	20	0.99344
40	20	0.96896
42	20	0.98059
44	20	0.99685
45	20	0.99889
46	20	0.98706
48	20	0.99609
50	20	0.99604
51	20	0.99686
52	20	0.994
53	20	0.99781
54	20	0.991
55	20	0.99887
56	20	0.98953
58	20	0.99938
59	20	0.99759
60	20	0.99698
61	20	0.99827
62	20	0.99872
63	20	0.99423
64	20	0.99818
65	20	0.99258
66	20	0.99743
68	20	0.99763
69	20	0.99793
70	20	0.99587
71	20	0.99709
73	20	0.99401
74	20	0.99067
75	20	0.99888
76	20	0.99906
78	20	0.99683
79	20	0.99808
80	20	0.98174
81	20	0.99701
82	20	0.99772
84	20	0.99862
85	20	0.99969
86	20	0.99762
87	20	0.99756
89	20	0.99697
90	20	0.99802
92	20	0.99809
93	20	0.99791
94	20	0.99757
95	20	0.99884
96	20	0.996
97	20	0.99854
98	20	0.99811
99	20	0.99637
100	20	0.99934
106	20	0.99836
107	20	0.99584
108	20	0.99891
110	20	0.99826
111	20	0.99841
113	20	0.99684
114	20	0.99651
115	20	0.98878
116	20	0.9965
117	20	0.99711
118	20	0.9395
121	20	0.99726
123	20	0.99857
127	20	0.99699
132	20	0.99739
134	20	0.99505
135	20	0.99731
137	20	0.99765
138	20	0.99654
139	20	0.99757
141	20	0.99554
142	20	0.99739
144	20	0.99645
148	20	0.99668
149	20	0.96565
150	20	0.9958
2	21	0.95123
3	21	0.95122
6	21	0.94846
7	21	0.93958
9	21	0.97328
10	21	0.96635
11	21	0.95695
12	21	0.94097
13	21	0.94565
15	21	0.95325
16	21	0.9463
19	21	0.97472
22	21	0.95306
24	21	0.95805
28	21	0.98011
29	21	0.95702
31	21	0.94905
33	21	0.97876
34	21	0.95634
36	21	0.95938
37	21	0.95106
38	21	0.94468
39	21	0.93587
40	21	0.97572
42	21	0.95094
43	21	0.95178
44	21	0.94346
46	21	0.96195
48	21	0.94211
52	21	0.95362
54	21	0.94164
56	21	0.94433
57	21	0.95932
62	21	0.93399
63	21	0.94246
73	21	0.94264
74	21	0.96595
81	21	0.93483
88	21	0.9372
93	21	0.93889
96	21	0.94781
100	21	0.93562
102	21	0.96984
107	21	0.94716
112	21	0.95531
126	21	0.9365
131	21	0.94077
135	21	0.93504
141	21	0.94256
149	21	0.94979
2	22	0.98727
7	22	0.99374
8	22	0.9932
9	22	0.87821
11	22	0.99002
14	22	0.99196
16	22	0.97674
17	22	0.92956
19	22	0.99195
20	22	0.99449
21	22	0.95306
23	22	0.99244
28	22	0.96886
29	22	0.91051
30	22	0.99173
31	22	0.99707
33	22	0.96583
34	22	0.98407
36	22	0.9987
37	22	0.98464
38	22	0.99552
40	22	0.97354
43	22	0.99246
44	22	0.9943
45	22	0.99426
48	22	0.99349
52	22	0.99678
53	22	0.99514
55	22	0.99304
58	22	0.99337
62	22	0.995
71	22	0.99386
74	22	0.99428
75	22	0.99383
84	22	0.99191
85	22	0.99422
86	22	0.99171
87	22	0.99261
88	22	0.99206
91	22	0.9922
92	22	0.99291
93	22	0.99534
95	22	0.99294
96	22	0.9945
97	22	0.99253
98	22	0.99138
100	22	0.99503
102	22	0.97043
106	22	0.99442
107	22	0.99186
108	22	0.99237
110	22	0.99432
114	22	0.99345
116	22	0.99229
117	22	0.99127
126	22	0.99217
131	22	0.99176
132	22	0.99163
135	22	0.99186
139	22	0.99127
141	22	0.99494
142	22	0.99196
148	22	0.99262
149	22	0.98169
3	23	0.97486
5	23	0.98087
7	23	0.99558
8	23	0.99729
11	23	0.99091
13	23	0.99227
14	23	0.99879
16	23	0.97447
20	23	0.9984
22	23	0.99244
24	23	0.99017
25	23	0.99634
27	23	0.99333
30	23	0.9984
31	23	0.99738
32	23	0.99763
36	23	0.99288
38	23	0.99652
39	23	0.99193
41	23	0.99896
43	23	0.99561
44	23	0.99796
45	23	0.99838
48	23	0.99666
49	23	0.99744
50	23	0.99626
51	23	0.9973
52	23	0.9914
53	23	0.99768
54	23	0.99228
55	23	0.999
56	23	0.99019
58	23	0.99869
59	23	0.99846
60	23	0.99808
61	23	0.99851
62	23	0.99928
63	23	0.99515
64	23	0.99814
65	23	0.99242
66	23	0.99754
67	23	0.99866
68	23	0.99864
69	23	0.99825
70	23	0.99562
71	23	0.99842
72	23	0.99625
75	23	0.99867
76	23	0.99805
77	23	0.99744
78	23	0.99794
79	23	0.99645
81	23	0.99739
82	23	0.99752
83	23	0.99824
84	23	0.99768
85	23	0.99814
86	23	0.99863
87	23	0.99867
88	23	0.99824
89	23	0.99732
90	23	0.99884
91	23	0.99888
92	23	0.99949
93	23	0.99683
94	23	0.99804
95	23	0.99859
96	23	0.99668
97	23	0.99863
98	23	0.99877
99	23	0.9984
100	23	0.99745
103	23	0.99603
104	23	0.99643
105	23	0.93058
106	23	0.99883
107	23	0.99514
108	23	0.99923
109	23	0.99277
110	23	0.99832
111	23	0.99788
113	23	0.99705
114	23	0.99645
116	23	0.99636
117	23	0.99769
119	23	0.99659
120	23	0.99856
121	23	0.99818
122	23	0.99705
123	23	0.99855
124	23	0.99673
125	23	0.9982
126	23	0.99785
127	23	0.99826
128	23	0.9979
129	23	0.99773
130	23	0.99887
131	23	0.99689
132	23	0.99796
133	23	0.99737
134	23	0.99682
135	23	0.99772
136	23	0.99661
137	23	0.99817
138	23	0.99611
139	23	0.9988
141	23	0.99747
142	23	0.99885
143	23	0.99454
145	23	0.99526
146	23	0.99369
148	23	0.99766
149	23	0.96685
150	23	0.99589
3	24	0.9815
4	24	0.91502
5	24	0.98111
7	24	0.98954
9	24	0.89873
10	24	0.98133
11	24	0.99235
12	24	0.98922
13	24	0.99081
16	24	0.97858
17	24	0.94404
18	24	0.10994
19	24	0.99233
21	24	0.95805
23	24	0.99017
26	24	0.10181
28	24	0.98203
29	24	0.92018
31	24	0.99451
33	24	0.97268
36	24	0.99397
38	24	0.98944
40	24	0.98247
41	24	0.99055
43	24	0.99447
44	24	0.99252
45	24	0.9906
46	24	0.99106
48	24	0.99315
52	24	0.99149
53	24	0.98911
54	24	0.9916
56	24	0.99083
57	24	0.98968
60	24	0.99141
62	24	0.99088
63	24	0.9929
73	24	0.99008
74	24	0.99316
84	24	0.98904
88	24	0.99086
92	24	0.99021
93	24	0.99229
96	24	0.99604
97	24	0.98961
98	24	0.98942
99	24	0.99139
100	24	0.98915
101	24	0.55931
102	24	0.97858
103	24	0.99074
105	24	0.9414
106	24	0.98959
107	24	0.98986
109	24	0.99005
110	24	0.99084
112	24	0.99147
113	24	0.99099
114	24	0.99048
126	24	0.99215
127	24	0.98906
131	24	0.99253
134	24	0.99003
135	24	0.99112
140	24	0.32991
141	24	0.99439
142	24	0.98978
148	24	0.99372
149	24	0.97166
2	25	0.99377
6	25	0.99518
7	25	0.99763
12	25	0.98706
13	25	0.99628
15	25	0.9953
19	25	0.98774
20	25	0.99804
23	25	0.99634
27	25	0.99891
28	25	0.96955
29	25	0.90401
30	25	0.99712
32	25	0.99621
33	25	0.96896
34	25	0.98972
37	25	0.98493
38	25	0.99814
39	25	0.99771
40	25	0.9716
42	25	0.98779
44	25	0.99596
45	25	0.99734
46	25	0.99013
52	25	0.99197
54	25	0.9943
55	25	0.99726
56	25	0.98826
57	25	0.9812
58	25	0.99869
59	25	0.99634
60	25	0.99567
61	25	0.99709
62	25	0.9963
63	25	0.996
64	25	0.99734
65	25	0.99661
69	25	0.99595
70	25	0.99845
73	25	0.99453
75	25	0.99641
76	25	0.99748
79	25	0.99701
81	25	0.99703
84	25	0.99584
85	25	0.99807
87	25	0.99544
89	25	0.99803
90	25	0.99613
92	25	0.99655
95	25	0.99779
97	25	0.99582
98	25	0.99649
100	25	0.99816
102	25	0.97331
107	25	0.99801
108	25	0.99695
110	25	0.99583
111	25	0.99592
113	25	0.99544
115	25	0.99459
117	25	0.99732
118	25	0.95539
121	25	0.99747
123	25	0.99671
127	25	0.99748
129	25	0.99591
134	25	0.99515
135	25	0.99749
137	25	0.99546
138	25	0.99862
142	25	0.99601
145	25	0.99455
4	26	0.47947
5	26	0.25898
12	26	0.19736
16	26	0.16338
17	26	0.39413
18	26	0.99956
24	26	0.10181
28	26	0.10337
29	26	0.16608
32	26	0.08831
35	26	0.1975
37	26	0.13811
47	26	0.33469
48	26	0.12437
49	26	0.09394
50	26	0.14096
52	26	0.09001
57	26	0.08855
66	26	0.08802
72	26	0.09116
77	26	0.0852
78	26	0.08912
80	26	0.25584
83	26	0.09937
84	26	0.10846
87	26	0.09073
93	26	0.1107
94	26	0.08483
95	26	0.09273
96	26	0.10686
101	26	0.8791
103	26	0.10041
104	26	0.09194
109	26	0.13935
110	26	0.10323
111	26	0.08531
112	26	0.11586
113	26	0.10633
114	26	0.14122
116	26	0.13163
119	26	0.08654
132	26	0.09361
136	26	0.10852
140	26	0.97038
143	26	0.10795
144	26	0.13781
146	26	0.17431
147	26	0.22831
148	26	0.08744
150	26	0.09116
2	27	0.99434
6	27	0.99442
7	27	0.99596
12	27	0.98569
13	27	0.99486
15	27	0.99481
20	27	0.99636
23	27	0.99333
25	27	0.99891
29	27	0.90409
30	27	0.99523
32	27	0.99524
33	27	0.96629
34	27	0.99027
35	27	0.9874
37	27	0.98422
38	27	0.99617
39	27	0.99752
42	27	0.98883
45	27	0.99483
46	27	0.98816
54	27	0.99169
55	27	0.99482
58	27	0.99692
59	27	0.99444
61	27	0.99562
62	27	0.99305
63	27	0.99339
64	27	0.99627
65	27	0.99691
69	27	0.99443
70	27	0.99758
73	27	0.99339
75	27	0.99436
76	27	0.9968
79	27	0.99722
81	27	0.99485
82	27	0.99446
84	27	0.99357
85	27	0.99605
89	27	0.99643
90	27	0.99382
92	27	0.99338
95	27	0.99593
98	27	0.99369
100	27	0.99657
107	27	0.99642
108	27	0.99489
110	27	0.99306
111	27	0.99395
115	27	0.99564
117	27	0.9953
118	27	0.96264
121	27	0.99569
123	27	0.99521
127	27	0.99515
129	27	0.99403
135	27	0.99496
137	27	0.99358
138	27	0.99791
2	28	0.98161
3	28	0.9669
4	28	0.90409
6	28	0.9798
7	28	0.9701
9	28	0.94214
10	28	0.97962
11	28	0.97201
12	28	0.97841
13	28	0.98105
15	28	0.98188
16	28	0.96645
17	28	0.93804
18	28	0.10972
19	28	0.98749
21	28	0.98011
22	28	0.96886
24	28	0.98203
25	28	0.96955
26	28	0.10337
29	28	0.96881
31	28	0.97193
33	28	0.99275
34	28	0.98422
36	28	0.97594
37	28	0.97789
38	28	0.97338
39	28	0.97406
40	28	0.99069
42	28	0.98564
43	28	0.97469
44	28	0.97083
46	28	0.99026
48	28	0.97277
52	28	0.97424
54	28	0.97825
56	28	0.97347
57	28	0.98679
63	28	0.97626
65	28	0.96737
70	28	0.96758
73	28	0.97297
74	28	0.983
93	28	0.96876
96	28	0.97619
100	28	0.96762
102	28	0.98722
107	28	0.97669
109	28	0.96655
112	28	0.97955
115	28	0.96616
117	28	0.96612
118	28	0.94676
135	28	0.96769
138	28	0.9659
140	28	0.31993
141	28	0.9673
2	29	0.93888
3	29	0.90083
5	29	0.9035
6	29	0.92283
7	29	0.90731
9	29	0.95043
10	29	0.92898
11	29	0.90053
12	29	0.93415
13	29	0.92299
15	29	0.93178
16	29	0.91579
17	29	0.91825
18	29	0.16894
19	29	0.93465
21	29	0.95702
22	29	0.91051
24	29	0.92018
25	29	0.90401
26	29	0.16608
27	29	0.90409
28	29	0.96881
31	29	0.90456
33	29	0.95856
34	29	0.94897
36	29	0.91641
37	29	0.93004
38	29	0.91053
39	29	0.91361
40	29	0.95432
42	29	0.94768
43	29	0.90679
44	29	0.90022
46	29	0.94462
48	29	0.90759
52	29	0.92071
54	29	0.91289
56	29	0.90986
57	29	0.94388
63	29	0.90945
65	29	0.90182
70	29	0.89997
73	29	0.91287
74	29	0.92733
93	29	0.90424
96	29	0.91294
100	29	0.90245
101	29	0.56235
102	29	0.95379
107	29	0.91668
112	29	0.91891
115	29	0.90407
118	29	0.91793
140	29	0.35702
2	30	0.98659
5	30	0.98032
6	30	0.99012
7	30	0.99756
8	30	0.99709
14	30	0.99853
20	30	0.99848
22	30	0.99173
23	30	0.9984
25	30	0.99712
27	30	0.99523
31	30	0.99587
32	30	0.99857
38	30	0.99634
39	30	0.99355
41	30	0.99837
43	30	0.99413
44	30	0.99676
45	30	0.99895
48	30	0.99583
49	30	0.9979
50	30	0.99674
51	30	0.99769
52	30	0.99198
53	30	0.99779
55	30	0.99833
58	30	0.9991
59	30	0.99876
60	30	0.99586
61	30	0.9991
62	30	0.99829
64	30	0.99841
65	30	0.99304
66	30	0.99827
67	30	0.99836
68	30	0.99862
69	30	0.99869
70	30	0.99675
71	30	0.99831
72	30	0.99731
73	30	0.99389
75	30	0.99929
76	30	0.99885
77	30	0.99774
79	30	0.99826
81	30	0.99805
82	30	0.99838
83	30	0.99819
84	30	0.9973
85	30	0.99804
86	30	0.99887
87	30	0.9973
88	30	0.99689
89	30	0.99872
90	30	0.9993
91	30	0.99812
92	30	0.99868
93	30	0.99535
94	30	0.9985
95	30	0.99877
97	30	0.99832
98	30	0.99864
99	30	0.99736
100	30	0.99789
104	30	0.99647
106	30	0.99869
107	30	0.99536
108	30	0.9995
109	30	0.99123
110	30	0.99865
111	30	0.99763
113	30	0.99776
114	30	0.99664
115	30	0.99011
116	30	0.9965
117	30	0.99789
118	30	0.93838
119	30	0.99691
120	30	0.99789
121	30	0.99812
122	30	0.99717
123	30	0.99934
124	30	0.99641
125	30	0.99806
126	30	0.99694
127	30	0.99827
128	30	0.99729
129	30	0.99882
130	30	0.9981
131	30	0.99513
132	30	0.9987
133	30	0.9969
134	30	0.99466
135	30	0.99822
136	30	0.99662
137	30	0.99901
138	30	0.99698
139	30	0.99893
141	30	0.99541
142	30	0.99901
145	30	0.99528
148	30	0.996
149	30	0.96651
150	30	0.99665
2	31	0.98839
3	31	0.97706
6	31	0.99023
7	31	0.99668
9	31	0.87432
10	31	0.97335
11	31	0.99434
12	31	0.98673
13	31	0.99311
14	31	0.99574
15	31	0.99191
16	31	0.97655
17	31	0.92673
19	31	0.99344
20	31	0.99717
21	31	0.94905
22	31	0.99707
23	31	0.99738
24	31	0.99451
28	31	0.97193
29	31	0.90456
30	31	0.99587
33	31	0.96888
34	31	0.98528
36	31	0.99817
37	31	0.98607
38	31	0.99724
40	31	0.97679
41	31	0.99655
42	31	0.97952
43	31	0.99726
44	31	0.99811
45	31	0.99786
46	31	0.98963
48	31	0.99662
52	31	0.9964
53	31	0.99756
54	31	0.99221
55	31	0.99688
56	31	0.99119
57	31	0.98215
58	31	0.99692
60	31	0.99604
62	31	0.99825
63	31	0.99496
71	31	0.99674
73	31	0.9936
74	31	0.99521
75	31	0.99635
81	31	0.99656
84	31	0.99582
85	31	0.99707
87	31	0.99631
88	31	0.99716
91	31	0.99635
92	31	0.99752
93	31	0.99715
95	31	0.9964
96	31	0.99797
97	31	0.99698
98	31	0.99705
99	31	0.99634
100	31	0.99743
102	31	0.97499
105	31	0.93107
106	31	0.99774
107	31	0.99569
108	31	0.99626
110	31	0.99735
111	31	0.99578
112	31	0.99095
113	31	0.9962
114	31	0.99569
126	31	0.99704
127	31	0.9958
131	31	0.99705
135	31	0.99704
139	31	0.99572
141	31	0.99861
142	31	0.99675
148	31	0.99761
149	31	0.9775
5	32	0.98071
14	32	0.99871
18	32	0.0965
20	32	0.99783
23	32	0.99763
25	32	0.99621
26	32	0.08831
27	32	0.99524
30	32	0.99857
35	32	0.98984
47	32	0.95681
49	32	0.99771
50	32	0.99557
51	32	0.99885
55	32	0.99807
58	32	0.99831
59	32	0.99886
60	32	0.99554
61	32	0.99908
64	32	0.99951
65	32	0.99239
66	32	0.99921
67	32	0.99788
68	32	0.99912
69	32	0.99954
70	32	0.99519
72	32	0.99888
75	32	0.99828
76	32	0.99925
77	32	0.99793
78	32	0.99833
79	32	0.99934
80	32	0.98251
82	32	0.99966
83	32	0.99874
84	32	0.99739
85	32	0.99768
86	32	0.9983
89	32	0.99734
90	32	0.99902
92	32	0.99755
94	32	0.99895
95	32	0.99814
97	32	0.99799
98	32	0.9977
100	32	0.99673
101	32	0.55005
104	32	0.99895
108	32	0.9988
111	32	0.99754
115	32	0.98899
116	32	0.99622
119	32	0.9983
120	32	0.99803
122	32	0.99672
123	32	0.99935
124	32	0.9977
125	32	0.99844
128	32	0.99768
129	32	0.99787
130	32	0.99814
132	32	0.99785
133	32	0.99849
134	32	0.99493
136	32	0.9979
137	32	0.99876
138	32	0.99613
139	32	0.99815
140	32	0.31907
144	32	0.99727
146	32	0.99348
147	32	0.98807
150	32	0.99851
2	33	0.98215
3	33	0.97121
6	33	0.98375
7	33	0.96828
9	33	0.9325
10	33	0.97768
11	33	0.97228
12	33	0.96585
13	33	0.9803
15	33	0.9859
16	33	0.96827
19	33	0.988
21	33	0.97876
22	33	0.96583
24	33	0.97268
25	33	0.96896
27	33	0.96629
28	33	0.99275
29	33	0.95856
31	33	0.96888
34	33	0.98289
36	33	0.97116
37	33	0.97864
38	33	0.97366
39	33	0.97479
40	33	0.99017
42	33	0.98887
43	33	0.97359
44	33	0.9714
46	33	0.98916
48	33	0.96897
52	33	0.96741
54	33	0.97715
56	33	0.97157
57	33	0.98429
63	33	0.97584
65	33	0.97259
70	33	0.96936
73	33	0.97215
74	33	0.98176
81	33	0.96708
88	33	0.96591
96	33	0.97193
100	33	0.96554
102	33	0.98729
105	33	0.93127
107	33	0.97868
112	33	0.97794
115	33	0.97146
117	33	0.96821
118	33	0.9605
121	33	0.96698
127	33	0.96591
138	33	0.96795
2	34	0.99732
6	34	0.9909
7	34	0.98832
9	34	0.89757
10	34	0.96876
12	34	0.98564
13	34	0.99286
15	34	0.99511
19	34	0.98904
20	34	0.98574
21	34	0.95634
22	34	0.98407
25	34	0.98972
27	34	0.99027
28	34	0.98422
29	34	0.94897
31	34	0.98528
33	34	0.98289
36	34	0.98588
37	34	0.98358
38	34	0.98965
39	34	0.99082
40	34	0.98507
42	34	0.99526
43	34	0.98327
44	34	0.98328
45	34	0.98403
46	34	0.99457
48	34	0.98408
52	34	0.99019
54	34	0.98753
57	34	0.98421
58	34	0.98482
60	34	0.9823
63	34	0.98755
65	34	0.98548
70	34	0.98625
73	34	0.98924
74	34	0.9891
76	34	0.98268
81	34	0.98409
85	34	0.98555
89	34	0.98236
93	34	0.98457
95	34	0.98335
96	34	0.98542
100	34	0.98794
102	34	0.9848
107	34	0.99173
115	34	0.98463
117	34	0.98257
118	34	0.96351
121	34	0.98298
135	34	0.98504
138	34	0.98555
4	35	0.92578
5	35	0.99104
12	35	0.98749
14	35	0.98791
16	35	0.98028
17	35	0.93825
18	35	0.20531
20	35	0.98908
26	35	0.1975
27	35	0.9874
32	35	0.98984
38	35	0.98762
47	35	0.98081
48	35	0.99014
50	35	0.99191
51	35	0.98943
55	35	0.9895
58	35	0.98884
59	35	0.98873
62	35	0.98815
64	35	0.98947
66	35	0.98828
68	35	0.98759
69	35	0.9887
72	35	0.9884
75	35	0.98874
76	35	0.98999
78	35	0.99043
79	35	0.98959
80	35	0.99468
82	35	0.98913
83	35	0.99048
84	35	0.98997
85	35	0.98932
86	35	0.98765
87	35	0.99033
93	35	0.99159
94	35	0.9884
95	35	0.99058
100	35	0.9885
101	35	0.63716
103	35	0.98742
104	35	0.98977
108	35	0.98808
110	35	0.98837
114	35	0.99188
116	35	0.99047
117	35	0.98744
119	35	0.98834
123	35	0.98912
125	35	0.98741
133	35	0.9884
140	35	0.41838
143	35	0.9895
144	35	0.99459
146	35	0.99155
147	35	0.9924
150	35	0.98887
2	36	0.98781
3	36	0.97756
4	36	0.89865
7	36	0.99433
8	36	0.99215
9	36	0.89012
10	36	0.97448
11	36	0.99303
12	36	0.98663
15	36	0.99047
16	36	0.97731
17	36	0.93319
19	36	0.99465
20	36	0.99392
21	36	0.95938
22	36	0.9987
23	36	0.99288
24	36	0.99397
28	36	0.97594
29	36	0.91641
31	36	0.99817
33	36	0.97116
34	36	0.98588
37	36	0.98515
38	36	0.99571
40	36	0.97881
41	36	0.99163
43	36	0.99471
44	36	0.9953
45	36	0.99495
46	36	0.9888
48	36	0.99479
52	36	0.99754
53	36	0.99485
55	36	0.99302
56	36	0.9888
57	36	0.98146
58	36	0.99329
62	36	0.99515
71	36	0.99296
73	36	0.99185
74	36	0.99692
75	36	0.99266
81	36	0.99233
84	36	0.99169
85	36	0.99426
87	36	0.99286
88	36	0.99313
91	36	0.99234
92	36	0.99365
93	36	0.99569
95	36	0.99303
96	36	0.99671
97	36	0.99331
98	36	0.99193
100	36	0.99497
102	36	0.97505
105	36	0.92901
106	36	0.99447
107	36	0.99308
108	36	0.99178
110	36	0.99456
112	36	0.989
113	36	0.99218
114	36	0.99329
117	36	0.99172
126	36	0.99389
131	36	0.99321
135	36	0.99313
141	36	0.99637
142	36	0.99285
148	36	0.99458
149	36	0.97985
2	37	0.98761
4	37	0.91967
6	37	0.98942
7	37	0.98833
9	37	0.88029
10	37	0.97371
12	37	0.99033
13	37	0.98609
15	37	0.9915
16	37	0.98648
17	37	0.94336
18	37	0.1466
19	37	0.98725
20	37	0.98434
21	37	0.95106
22	37	0.98464
25	37	0.98493
26	37	0.13811
27	37	0.98422
28	37	0.97789
29	37	0.93004
31	37	0.98607
33	37	0.97864
34	37	0.98358
36	37	0.98515
38	37	0.9884
39	37	0.98623
40	37	0.97506
42	37	0.98341
43	37	0.98519
44	37	0.98812
45	37	0.98445
46	37	0.98933
48	37	0.99152
52	37	0.98396
55	37	0.98433
58	37	0.98532
62	37	0.98467
63	37	0.9862
65	37	0.98694
70	37	0.98651
73	37	0.98783
74	37	0.99087
75	37	0.98397
81	37	0.98738
87	37	0.98666
88	37	0.98663
93	37	0.98711
95	37	0.98638
96	37	0.99079
98	37	0.9841
100	37	0.98755
101	37	0.58605
102	37	0.9768
103	37	0.98556
107	37	0.98959
109	37	0.98893
110	37	0.98471
112	37	0.99161
114	37	0.98612
117	37	0.98768
118	37	0.95145
121	37	0.98628
127	37	0.98435
135	37	0.98405
138	37	0.98639
140	37	0.36304
2	38	0.99394
3	38	0.97555
6	38	0.9958
7	38	0.99776
9	38	0.86507
10	38	0.96788
11	38	0.99041
12	38	0.98769
13	38	0.99529
15	38	0.99653
16	38	0.9781
17	38	0.92397
19	38	0.99234
20	38	0.99803
21	38	0.94468
22	38	0.99552
23	38	0.99652
24	38	0.98944
25	38	0.99814
27	38	0.99617
28	38	0.97338
29	38	0.91053
30	38	0.99634
31	38	0.99724
33	38	0.97366
34	38	0.98965
35	38	0.98762
36	38	0.99571
37	38	0.9884
39	38	0.9954
40	38	0.9755
42	38	0.9867
43	38	0.99509
44	38	0.99805
45	38	0.99762
46	38	0.9909
48	38	0.99714
52	38	0.99466
53	38	0.99633
54	38	0.99263
55	38	0.99772
56	38	0.99009
57	38	0.98177
58	38	0.99868
59	38	0.99619
62	38	0.99776
63	38	0.99559
64	38	0.99587
65	38	0.99432
70	38	0.99652
73	38	0.99453
74	38	0.99516
75	38	0.99732
76	38	0.99662
81	38	0.99707
85	38	0.99816
86	38	0.99544
87	38	0.99721
88	38	0.99618
89	38	0.99593
90	38	0.99564
91	38	0.99596
92	38	0.9973
93	38	0.99704
95	38	0.99842
96	38	0.99684
97	38	0.99584
98	38	0.9958
100	38	0.99858
102	38	0.97432
106	38	0.99596
107	38	0.99844
108	38	0.99688
110	38	0.99664
112	38	0.99032
115	38	0.99161
117	38	0.99808
118	38	0.94993
121	38	0.99768
123	38	0.99613
127	38	0.99721
135	38	0.99667
138	38	0.99701
142	38	0.99613
149	38	0.96753
2	39	0.99604
6	39	0.99755
7	39	0.99615
9	39	0.85629
10	39	0.97272
12	39	0.98631
13	39	0.9974
15	39	0.99559
20	39	0.99344
21	39	0.93587
23	39	0.99193
25	39	0.99771
27	39	0.99752
28	39	0.97406
29	39	0.91361
30	39	0.99355
33	39	0.97479
34	39	0.99082
37	39	0.98623
38	39	0.9954
40	39	0.9723
42	39	0.99231
43	39	0.99304
44	39	0.99336
45	39	0.99432
46	39	0.99154
48	39	0.99256
54	39	0.9954
57	39	0.98317
58	39	0.99524
59	39	0.99215
61	39	0.99352
63	39	0.99591
64	39	0.99342
65	39	0.99811
70	39	0.99862
73	39	0.99434
75	39	0.99196
76	39	0.99322
79	39	0.99316
81	39	0.99448
85	39	0.99319
88	39	0.99204
89	39	0.99671
92	39	0.99281
95	39	0.99416
96	39	0.99234
98	39	0.99261
100	39	0.9949
102	39	0.98166
107	39	0.99775
108	39	0.99296
112	39	0.99019
115	39	0.99756
117	39	0.99542
118	39	0.9666
121	39	0.99565
123	39	0.99218
127	39	0.99604
129	39	0.99345
134	39	0.9928
135	39	0.99625
138	39	0.99809
142	39	0.99311
145	39	0.99471
2	40	0.9789
6	40	0.97625
7	40	0.96955
9	40	0.94209
10	40	0.97442
11	40	0.9733
12	40	0.96987
13	40	0.98327
15	40	0.98475
16	40	0.96911
19	40	0.99123
20	40	0.96896
21	40	0.97572
22	40	0.97354
24	40	0.98247
25	40	0.9716
28	40	0.99069
29	40	0.95432
31	40	0.97679
33	40	0.99017
34	40	0.98507
36	40	0.97881
37	40	0.97506
38	40	0.9755
39	40	0.9723
42	40	0.98467
43	40	0.97522
44	40	0.97479
46	40	0.99313
48	40	0.9711
52	40	0.97573
54	40	0.98153
56	40	0.98611
57	40	0.98775
60	40	0.97323
62	40	0.96869
63	40	0.97906
73	40	0.97348
74	40	0.98365
81	40	0.96919
85	40	0.96927
93	40	0.97328
96	40	0.97705
100	40	0.97055
102	40	0.98167
107	40	0.97737
112	40	0.97237
131	40	0.96949
134	40	0.96892
135	40	0.96854
141	40	0.96993
148	40	0.97031
3	41	0.97681
4	41	0.89902
5	41	0.98139
11	41	0.99173
14	41	0.99812
23	41	0.99896
24	41	0.99055
30	41	0.99837
31	41	0.99655
36	41	0.99163
43	41	0.99549
44	41	0.99686
45	41	0.9984
48	41	0.99622
49	41	0.99784
50	41	0.9958
52	41	0.99147
53	41	0.99699
54	41	0.99225
55	41	0.99757
56	41	0.98711
58	41	0.99748
59	41	0.99729
60	41	0.9977
61	41	0.99832
62	41	0.99834
63	41	0.99525
67	41	0.99912
68	41	0.99796
69	41	0.99752
71	41	0.99803
73	41	0.99354
75	41	0.9975
81	41	0.99727
83	41	0.99734
84	41	0.99734
86	41	0.99772
88	41	0.99779
89	41	0.99746
90	41	0.99853
91	41	0.99838
92	41	0.99887
94	41	0.99729
95	41	0.99738
96	41	0.99623
97	41	0.99867
98	41	0.99874
99	41	0.99934
103	41	0.99612
105	41	0.93257
106	41	0.99901
108	41	0.99835
109	41	0.99362
110	41	0.99844
111	41	0.9978
112	41	0.98888
113	41	0.99808
114	41	0.99637
116	41	0.99639
120	41	0.99848
121	41	0.99716
122	41	0.99774
123	41	0.99745
124	41	0.99608
126	41	0.99828
127	41	0.99781
128	41	0.99805
129	41	0.9982
130	41	0.99868
131	41	0.99665
132	41	0.99801
134	41	0.99693
135	41	0.99787
136	41	0.99684
137	41	0.9976
139	41	0.99874
141	41	0.99738
142	41	0.99921
145	41	0.99648
146	41	0.99439
148	41	0.99847
149	41	0.96745
2	42	0.99626
6	42	0.99378
7	42	0.9847
9	42	0.89009
10	42	0.97026
12	42	0.98009
13	42	0.99315
15	42	0.99548
19	42	0.98624
20	42	0.98059
21	42	0.95094
25	42	0.98779
27	42	0.98883
28	42	0.98564
29	42	0.94768
31	42	0.97952
33	42	0.98887
34	42	0.99526
37	42	0.98341
38	42	0.9867
39	42	0.99231
40	42	0.98467
43	42	0.98093
44	42	0.98158
45	42	0.97929
46	42	0.99482
48	42	0.9801
52	42	0.97971
54	42	0.98876
56	42	0.97909
57	42	0.98634
58	42	0.98166
60	42	0.97863
63	42	0.9874
65	42	0.98937
70	42	0.98691
73	42	0.98547
74	42	0.98349
81	42	0.98115
85	42	0.98032
89	42	0.9811
95	42	0.98064
96	42	0.98166
100	42	0.98295
102	42	0.98671
107	42	0.9904
112	42	0.98064
115	42	0.99046
117	42	0.98261
118	42	0.97808
121	42	0.98202
127	42	0.98168
135	42	0.98217
138	42	0.9861
145	42	0.97857
2	43	0.98805
3	43	0.98516
4	43	0.90013
6	43	0.9922
7	43	0.99509
9	43	0.87596
10	43	0.98117
11	43	0.99714
12	43	0.98535
13	43	0.99348
15	43	0.99105
16	43	0.97439
17	43	0.92912
19	43	0.99235
21	43	0.95178
22	43	0.99246
23	43	0.99561
24	43	0.99447
28	43	0.97469
29	43	0.90679
30	43	0.99413
31	43	0.99726
33	43	0.97359
34	43	0.98327
36	43	0.99471
37	43	0.98519
38	43	0.99509
39	43	0.99304
40	43	0.97522
41	43	0.99549
42	43	0.98093
44	43	0.99727
45	43	0.99547
46	43	0.98931
48	43	0.99592
52	43	0.99315
53	43	0.99374
54	43	0.9937
57	43	0.98722
58	43	0.99458
62	43	0.99546
63	43	0.99576
67	43	0.99405
70	43	0.99475
71	43	0.99419
73	43	0.99353
74	43	0.99361
81	43	0.99504
87	43	0.9938
88	43	0.9968
89	43	0.99497
91	43	0.99532
92	43	0.99616
95	43	0.99429
96	43	0.99683
98	43	0.99451
99	43	0.99545
100	43	0.99395
102	43	0.98166
105	43	0.94941
106	43	0.99462
107	43	0.99646
108	43	0.99413
109	43	0.9938
110	43	0.99536
112	43	0.99591
113	43	0.99446
117	43	0.99529
118	43	0.93822
121	43	0.99588
126	43	0.99704
127	43	0.99649
129	43	0.99375
131	43	0.9976
135	43	0.99746
138	43	0.99391
139	43	0.99374
141	43	0.99763
142	43	0.99658
145	43	0.99579
148	43	0.99435
149	43	0.97771
2	44	0.98838
3	44	0.98192
4	44	0.89752
6	44	0.99368
7	44	0.99657
9	44	0.86389
10	44	0.97225
11	44	0.99481
12	44	0.98584
13	44	0.99443
15	44	0.99355
16	44	0.98141
17	44	0.92408
19	44	0.99177
20	44	0.99685
21	44	0.94346
22	44	0.9943
23	44	0.99796
24	44	0.99252
25	44	0.99596
28	44	0.97083
29	44	0.90022
30	44	0.99676
31	44	0.99811
33	44	0.9714
34	44	0.98328
36	44	0.9953
37	44	0.98812
38	44	0.99805
39	44	0.99336
40	44	0.97479
41	44	0.99686
42	44	0.98158
43	44	0.99727
45	44	0.99782
46	44	0.98935
48	44	0.99767
52	44	0.99265
53	44	0.99755
54	44	0.99417
55	44	0.99774
56	44	0.99177
57	44	0.98302
58	44	0.99805
59	44	0.99691
60	44	0.9961
62	44	0.99874
63	44	0.99726
65	44	0.99325
70	44	0.99581
71	44	0.99711
73	44	0.99427
74	44	0.99493
75	44	0.99772
81	44	0.99812
83	44	0.99665
85	44	0.99686
86	44	0.99654
87	44	0.99835
88	44	0.9986
90	44	0.99645
91	44	0.99831
