7	2	0.86532
8	2	0.75383
10	2	0.58445
12	2	0.90339
13	2	0.88458
14	2	0.89356
15	2	0.86901
17	2	0.72977
18	2	0.86408
19	2	0.80749
20	2	0.92024
22	2	0.82433
23	2	0.90392
25	2	0.87873
26	2	0.87386
27	2	0.87908
28	2	0.83189
31	2	0.9474
33	2	0.86003
34	2	0.86929
36	2	0.90854
37	2	0.82691
38	2	0.88471
39	2	0.9099
40	2	0.86125
42	2	0.8788
45	2	0.91534
46	2	0.85755
48	2	0.91415
50	2	0.729
51	2	0.88929
52	2	0.93123
53	2	0.88302
54	2	0.89046
55	2	0.92592
57	2	0.86063
58	2	0.92449
60	2	0.89714
61	2	0.90481
62	2	0.90056
64	2	0.91228
65	2	0.91118
69	2	0.92802
70	2	0.89634
72	2	0.87999
73	2	0.7425
74	2	0.88075
75	2	0.95142
76	2	0.94065
78	2	0.93172
79	2	0.94693
80	2	0.87813
81	2	0.83371
82	2	0.93832
84	2	0.89362
85	2	0.84689
87	2	0.89838
88	2	0.92109
91	2	0.90003
92	2	0.90484
96	2	0.87699
97	2	0.89704
99	2	0.88713
100	2	0.87522
101	2	0.85824
102	2	0.85528
106	2	0.90381
107	2	0.92994
108	2	0.91397
114	2	0.91391
116	2	0.92986
120	2	0.90168
121	2	0.91065
123	2	0.91431
132	2	0.88358
133	2	0.9151
138	2	0.92146
141	2	0.90609
143	2	0.77853
144	2	0.77852
10	3	0.72226
11	3	0.8023
14	3	0.75646
30	3	0.79
32	3	0.77027
44	3	0.75644
45	3	0.78142
48	3	0.75887
51	3	0.75443
52	3	0.73513
58	3	0.79067
59	3	0.73796
65	3	0.73435
66	3	0.73134
67	3	0.72693
70	3	0.75337
71	3	0.7695
72	3	0.72636
73	3	0.72008
79	3	0.74775
83	3	0.73561
86	3	0.72767
87	3	0.77828
89	3	0.7653
90	3	0.72601
91	3	0.80827
92	3	0.78979
94	3	0.76672
98	3	0.77559
106	3	0.74732
108	3	0.74929
109	3	0.72415
110	3	0.81508
114	3	0.79123
115	3	0.75407
116	3	0.75248
118	3	0.7481
121	3	0.76258
122	3	0.74571
123	3	0.74261
124	3	0.78355
125	3	0.74523
129	3	0.75765
130	3	0.72665
131	3	0.74072
132	3	0.79849
136	3	0.72553
137	3	0.74229
138	3	0.75906
140	3	0.72509
142	3	0.7414
145	3	0.76747
5	4	0.86456
6	4	0.85812
7	4	0.88524
8	4	0.7164
9	4	0.75771
12	4	0.81054
13	4	0.87471
16	4	0.84225
18	4	0.81071
21	4	0.82806
24	4	0.88178
28	4	0.81394
29	4	0.70259
32	4	0.8424
33	4	0.80605
35	4	0.80643
38	4	0.81725
39	4	0.84672
41	4	0.86603
46	4	0.82272
47	4	0.87934
48	4	0.8588
49	4	0.89512
50	4	0.75871
54	4	0.8323
56	4	0.81372
62	4	0.86284
63	4	0.82261
66	4	0.82846
67	4	0.8282
77	4	0.84964
80	4	0.83925
84	4	0.81406
85	4	0.83579
88	4	0.81522
93	4	0.7632
95	4	0.87171
96	4	0.82923
97	4	0.89
99	4	0.82592
103	4	0.83946
104	4	0.88928
105	4	0.5551
107	4	0.85296
112	4	0.86971
113	4	0.84019
127	4	0.84025
128	4	0.93697
130	4	0.84436
133	4	0.84129
134	4	0.82756
141	4	0.8542
146	4	0.87111
147	4	0.80709
148	4	0.86346
150	4	0.84737
4	5	0.86456
6	5	0.83615
7	5	0.83107
8	5	0.73334
9	5	0.76478
12	5	0.82509
13	5	0.90138
15	5	0.89812
16	5	0.84939
18	5	0.91669
19	5	0.92228
20	5	0.90268
21	5	0.92784
22	5	0.77804
23	5	0.85091
24	5	0.91164
25	5	0.86718
26	5	0.90544
27	5	0.88068
28	5	0.89658
29	5	0.84754
31	5	0.88394
33	5	0.92762
35	5	0.84575
36	5	0.92049
37	5	0.8401
38	5	0.93191
39	5	0.86252
40	5	0.87846
41	5	0.82877
42	5	0.84889
46	5	0.90002
47	5	0.93552
48	5	0.88912
50	5	0.72698
51	5	0.82418
52	5	0.83421
53	5	0.82829
54	5	0.84267
56	5	0.92206
62	5	0.86773
74	5	0.89533
80	5	0.87291
85	5	0.90641
93	5	0.86851
95	5	0.8945
96	5	0.92418
97	5	0.87047
103	5	0.85489
104	5	0.91665
105	5	0.30294
141	5	0.82348
143	5	0.8277
144	5	0.74071
146	5	0.82399
148	5	0.89284
4	6	0.85812
5	6	0.83615
7	6	0.85624
8	6	0.72985
11	6	0.85153
13	6	0.91986
19	6	0.79737
21	6	0.83735
27	6	0.85348
28	6	0.81732
30	6	0.90572
31	6	0.89474
32	6	0.9431
34	6	0.81242
36	6	0.88226
38	6	0.89884
39	6	0.94809
41	6	0.89351
42	6	0.91476
43	6	0.91146
44	6	0.95321
45	6	0.91152
47	6	0.85098
48	6	0.93019
49	6	0.88377
51	6	0.94555
52	6	0.86738
53	6	0.89429
54	6	0.92789
58	6	0.90808
59	6	0.91924
61	6	0.9413
62	6	0.92092
63	6	0.95008
64	6	0.90198
65	6	0.92484
66	6	0.9138
67	6	0.91857
69	6	0.92091
70	6	0.94491
72	6	0.94258
75	6	0.90897
76	6	0.90959
77	6	0.90316
85	6	0.89945
86	6	0.91491
87	6	0.8857
88	6	0.95367
91	6	0.92803
92	6	0.95285
94	6	0.90343
95	6	0.9299
97	6	0.92313
98	6	0.89893
103	6	0.83098
104	6	0.95447
105	6	0.32643
106	6	0.90389
107	6	0.93908
109	6	0.93142
110	6	0.91684
112	6	0.92815
113	6	0.92657
115	6	0.93425
120	6	0.9005
123	6	0.937
125	6	0.90385
127	6	0.96018
128	6	0.86883
130	6	0.96103
131	6	0.90819
133	6	0.94455
137	6	0.86955
140	6	0.85038
146	6	0.93908
147	6	0.91893
148	6	0.9015
150	6	0.94564
2	7	0.86532
4	7	0.88524
5	7	0.83107
6	7	0.85624
8	7	0.85041
9	7	0.73157
12	7	0.8725
13	7	0.90222
16	7	0.86401
17	7	0.76278
18	7	0.87698
20	7	0.84155
21	7	0.81012
26	7	0.8434
29	7	0.74625
31	7	0.85116
32	7	0.9054
33	7	0.85676
34	7	0.86005
35	7	0.87876
36	7	0.87859
37	7	0.8657
39	7	0.84254
41	7	0.91347
45	7	0.85156
47	7	0.84906
48	7	0.85677
49	7	0.8616
50	7	0.72437
52	7	0.85486
53	7	0.90083
54	7	0.84102
56	7	0.82162
62	7	0.88915
63	7	0.85555
75	7	0.85729
76	7	0.87631
78	7	0.84011
79	7	0.90199
80	7	0.89212
81	7	0.83132
82	7	0.87324
84	7	0.88665
88	7	0.83934
93	7	0.7821
95	7	0.87604
96	7	0.86039
97	7	0.94645
99	7	0.87144
103	7	0.89411
104	7	0.87613
105	7	0.4243
107	7	0.93063
120	7	0.87235
123	7	0.84602
128	7	0.8434
133	7	0.85592
141	7	0.84685
143	7	0.84237
144	7	0.75
148	7	0.8532
2	8	0.75383
4	8	0.7164
5	8	0.73334
6	8	0.72985
7	8	0.85041
10	8	0.65221
11	8	0.75163
12	8	0.76448
13	8	0.8105
18	8	0.78246
20	8	0.77675
26	8	0.73525
27	8	0.7164
31	8	0.72972
32	8	0.78955
33	8	0.76055
34	8	0.81653
36	8	0.81467
37	8	0.77319
38	8	0.71807
39	8	0.74431
41	8	0.77398
45	8	0.74453
47	8	0.74733
48	8	0.77779
49	8	0.73633
52	8	0.78652
53	8	0.82705
54	8	0.75134
62	8	0.78139
63	8	0.74138
73	8	0.76823
74	8	0.71563
75	8	0.75476
76	8	0.78703
78	8	0.75385
79	8	0.8417
80	8	0.78276
82	8	0.74983
84	8	0.73076
95	8	0.78321
96	8	0.76173
97	8	0.80089
103	8	0.80871
104	8	0.76208
107	8	0.81202
114	8	0.73922
116	8	0.75677
127	8	0.72365
133	8	0.76678
143	8	0.88884
4	9	0.75771
5	9	0.76478
7	9	0.73157
10	9	0.55764
12	9	0.74425
13	9	0.70379
14	9	0.69584
15	9	0.76864
16	9	0.87952
18	9	0.72931
19	9	0.80132
20	9	0.7633
22	9	0.85979
24	9	0.82968
25	9	0.75312
26	9	0.79105
27	9	0.73664
28	9	0.92153
29	9	0.75383
31	9	0.77648
33	9	0.79663
34	9	0.6781
35	9	0.75785
36	9	0.72896
37	9	0.83133
38	9	0.70934
39	9	0.66556
40	9	0.84727
46	9	0.86075
48	9	0.74357
51	9	0.69807
52	9	0.72947
55	9	0.73247
56	9	0.83804
60	9	0.69883
74	9	0.76377
80	9	0.70921
84	9	0.74935
85	9	0.8078
87	9	0.72027
93	9	0.81873
96	9	0.82312
97	9	0.75737
101	9	0.7324
104	9	0.68052
105	9	0.62873
107	9	0.66914
111	9	0.66707
134	9	0.74089
141	9	0.71162
144	9	0.75636
148	9	0.71231
2	10	0.58445
3	10	0.72226
8	10	0.65221
9	10	0.55764
11	10	0.60092
12	10	0.60852
14	10	0.56317
20	10	0.61348
22	10	0.66719
25	10	0.5629
26	10	0.53636
28	10	0.58766
31	10	0.55577
32	10	0.54086
34	10	0.66801
36	10	0.56772
37	10	0.60721
40	10	0.55167
45	10	0.62124
46	10	0.54104
48	10	0.5745
51	10	0.55154
52	10	0.65448
53	10	0.56533
55	10	0.60651
57	10	0.56619
58	10	0.59292
60	10	0.5366
73	10	0.72799
74	10	0.58719
78	10	0.54042
79	10	0.60679
82	10	0.53319
84	10	0.56933
87	10	0.58774
92	10	0.54083
94	10	0.53535
96	10	0.55271
97	10	0.54439
98	10	0.53502
100	10	0.58655
107	10	0.55801
114	10	0.5873
116	10	0.60792
121	10	0.53254
132	10	0.55107
138	10	0.54396
141	10	0.53868
143	10	0.61659
144	10	0.55359
3	11	0.8023
6	11	0.85153
8	11	0.75163
10	11	0.60092
14	11	0.82447
17	11	0.68481
32	11	0.82889
34	11	0.80509
39	11	0.82569
44	11	0.85728
45	11	0.87204
48	11	0.86589
51	11	0.8369
52	11	0.84224
58	11	0.83894
59	11	0.83353
66	11	0.8516
67	11	0.8379
70	11	0.85311
71	11	0.86733
72	11	0.84851
83	11	0.83322
86	11	0.82422
88	11	0.82429
89	11	0.82724
91	11	0.87124
92	11	0.84975
94	11	0.84136
98	11	0.84146
107	11	0.82376
109	11	0.82262
110	11	0.87386
112	11	0.85767
113	11	0.83031
114	11	0.88409
115	11	0.85691
116	11	0.87813
118	11	0.85025
123	11	0.83939
124	11	0.87667
127	11	0.82744
129	11	0.84826
130	11	0.86783
132	11	0.89422
133	11	0.85201
136	11	0.82237
137	11	0.82297
138	11	0.82326
140	11	0.82973
141	11	0.82746
142	11	0.83923
145	11	0.87519
146	11	0.8366
147	11	0.8296
149	11	0.72727
150	11	0.84017
2	12	0.90339
4	12	0.81054
5	12	0.82509
7	12	0.8725
8	12	0.76448
9	12	0.74425
10	12	0.60852
13	12	0.88133
14	12	0.89358
15	12	0.81851
16	12	0.75805
17	12	0.81124
18	12	0.87636
20	12	0.93759
22	12	0.79697
24	12	0.90715
25	12	0.85409
26	12	0.87923
27	12	0.84663
28	12	0.86033
29	12	0.72258
31	12	0.90522
33	12	0.85557
34	12	0.83078
35	12	0.79331
36	12	0.92519
37	12	0.8715
40	12	0.85653
41	12	0.89854
45	12	0.91601
46	12	0.90683
48	12	0.91841
50	12	0.72685
52	12	0.88751
53	12	0.85518
55	12	0.87495
56	12	0.74785
57	12	0.89645
58	12	0.88737
60	12	0.91986
62	12	0.88026
64	12	0.88668
69	12	0.87226
73	12	0.79766
74	12	0.89429
76	12	0.87125
78	12	0.93612
79	12	0.93922
80	12	0.95716
81	12	0.87115
84	12	0.95015
85	12	0.87518
87	12	0.89081
96	12	0.93383
97	12	0.91109
99	12	0.92002
100	12	0.92129
101	12	0.93912
102	12	0.89543
103	12	0.82178
105	12	0.35445
106	12	0.88711
107	12	0.89191
108	12	0.90361
111	12	0.91832
113	12	0.89609
114	12	0.89947
116	12	0.9387
132	12	0.8902
134	12	0.93367
138	12	0.89023
141	12	0.95043
143	12	0.77095
144	12	0.83573
146	12	0.89306
148	12	0.90232
2	13	0.88458
4	13	0.87471
5	13	0.90138
6	13	0.91986
7	13	0.90222
8	13	0.8105
9	13	0.70379
12	13	0.88133
15	13	0.89158
16	13	0.77383
18	13	0.8813
19	13	0.88352
20	13	0.93071
21	13	0.92724
23	13	0.9312
24	13	0.89757
25	13	0.87529
26	13	0.87997
27	13	0.90527
28	13	0.85011
29	13	0.75574
31	13	0.93469
32	13	0.88612
33	13	0.92677
34	13	0.83137
35	13	0.78672
36	13	0.94778
37	13	0.83566
38	13	0.9461
39	13	0.94986
40	13	0.88073
41	13	0.90482
42	13	0.89894
46	13	0.87081
47	13	0.91577
48	13	0.92023
49	13	0.85248
50	13	0.71456
51	13	0.88599
53	13	0.90053
54	13	0.97009
56	13	0.82182
57	13	0.81541
61	13	0.89976
62	13	0.92939
63	13	0.8935
64	13	0.9168
69	13	0.89217
73	13	0.68163
74	13	0.88562
76	13	0.89271
78	13	0.89018
79	13	0.8955
80	13	0.91924
81	13	0.8363
82	13	0.8939
85	13	0.9005
88	13	0.89261
92	13	0.89925
93	13	0.79102
95	13	0.97439
96	13	0.91711
97	13	0.9482
103	13	0.88646
104	13	0.94045
105	13	0.29553
107	13	0.93207
120	13	0.88307
127	13	0.89463
133	13	0.88693
141	13	0.88355
143	13	0.83669
148	13	0.89213
2	14	0.89356
3	14	0.75646
9	14	0.69584
10	14	0.56317
11	14	0.82447
12	14	0.89358
15	14	0.86672
19	14	0.85035
20	14	0.9086
22	14	0.81515
23	14	0.8944
24	14	0.9105
25	14	0.92421
27	14	0.90891
28	14	0.87912
31	14	0.91853
36	14	0.88946
38	14	0.89924
39	14	0.93357
40	14	0.85159
42	14	0.88677
43	14	0.89451
46	14	0.92131
48	14	0.96961
50	14	0.70804
51	14	0.90726
52	14	0.88006
54	14	0.89663
55	14	0.94479
57	14	0.84894
58	14	0.97234
59	14	0.92804
61	14	0.93653
62	14	0.8991
64	14	0.94245
65	14	0.9347
67	14	0.89902
68	14	0.89725
69	14	0.90495
70	14	0.93759
73	14	0.6927
74	14	0.933
78	14	0.90649
81	14	0.83345
85	14	0.90433
87	14	0.9661
88	14	0.92035
90	14	0.90143
91	14	0.91699
92	14	0.95647
96	14	0.90486
104	14	0.91528
108	14	0.90826
109	14	0.91182
110	14	0.89494
111	14	0.89021
116	14	0.89661
121	14	0.9316
125	14	0.91606
128	14	0.84589
130	14	0.92641
131	14	0.92586
132	14	0.8963
133	14	0.92056
134	14	0.92095
138	14	0.92893
141	14	0.94227
146	14	0.90559
147	14	0.9122
148	14	0.91498
150	14	0.93212
2	15	0.86901
5	15	0.89812
9	15	0.76864
12	15	0.81851
13	15	0.89158
14	15	0.86672
16	15	0.72429
18	15	0.83711
19	15	0.97055
20	15	0.94005
21	15	0.87621
22	15	0.81814
23	15	0.92835
24	15	0.89474
25	15	0.95096
26	15	0.87146
27	15	0.94054
28	15	0.91724
29	15	0.77029
31	15	0.94979
33	15	0.95839
36	15	0.92043
37	15	0.87721
38	15	0.93175
39	15	0.89297
40	15	0.95873
42	15	0.88789
46	15	0.92711
47	15	0.82201
48	15	0.88498
50	15	0.68755
51	15	0.81872
52	15	0.83036
54	15	0.86328
55	15	0.92202
56	15	0.82692
58	15	0.83481
62	15	0.84729
64	15	0.86075
69	15	0.81957
74	15	0.94225
78	15	0.86083
80	15	0.83668
81	15	0.82813
85	15	0.90028
87	15	0.88193
92	15	0.82895
93	15	0.81965
95	15	0.88652
96	15	0.9293
97	15	0.851
104	15	0.86008
107	15	0.82198
141	15	0.83122
143	15	0.81204
144	15	0.70854
148	15	0.85491
4	16	0.84225
5	16	0.84939
7	16	0.86401
9	16	0.87952
12	16	0.75805
13	16	0.77383
15	16	0.72429
18	16	0.83484
19	16	0.75543
20	16	0.73902
21	16	0.78009
22	16	0.77871
24	16	0.81356
26	16	0.84146
28	16	0.83128
29	16	0.84434
31	16	0.74209
32	16	0.74674
33	16	0.82273
35	16	0.94255
36	16	0.77355
37	16	0.85495
38	16	0.72321
40	16	0.79567
41	16	0.76889
46	16	0.80443
47	16	0.82033
48	16	0.74371
51	16	0.71738
52	16	0.73633
53	16	0.76442
56	16	0.93774
62	16	0.7409
80	16	0.80106
81	16	0.74894
84	16	0.79783
85	16	0.77144
93	16	0.88767
95	16	0.73162
96	16	0.83475
97	16	0.83788
101	16	0.76624
103	16	0.79891
104	16	0.7738
105	16	0.56529
107	16	0.73697
128	16	0.72332
134	16	0.74401
143	16	0.72722
144	16	0.75356
148	16	0.77626
2	17	0.72977
7	17	0.76278
11	17	0.68481
12	17	0.81124
18	17	0.74444
20	17	0.68346
26	17	0.66761
34	17	0.72471
35	17	0.68817
36	17	0.67221
37	17	0.70628
41	17	0.75359
45	17	0.78893
48	17	0.65768
50	17	0.70384
52	17	0.72107
53	17	0.75594
57	17	0.69985
60	17	0.71627
63	17	0.66076
75	17	0.68892
76	17	0.7097
78	17	0.69985
79	17	0.769
80	17	0.71241
82	17	0.70172
84	17	0.83724
94	17	0.66562
97	17	0.72084
98	17	0.70032
99	17	0.71025
100	17	0.80063
101	17	0.8456
102	17	0.78055
106	17	0.68783
107	17	0.69503
108	17	0.68888
110	17	0.65978
111	17	0.69098
112	17	0.66025
113	17	0.69732
114	17	0.77138
116	17	0.79641
132	17	0.70931
133	17	0.67788
134	17	0.67266
138	17	0.6694
141	17	0.74092
144	17	0.84162
146	17	0.70559
2	18	0.86408
4	18	0.81071
5	18	0.91669
7	18	0.87698
8	18	0.78246
9	18	0.72931
12	18	0.87636
13	18	0.8813
15	18	0.83711
16	18	0.83484
17	18	0.74444
19	18	0.80975
20	18	0.88651
21	18	0.85199
22	18	0.79583
23	18	0.84293
24	18	0.86693
26	18	0.94229
28	18	0.84638
29	18	0.82818
31	18	0.86978
33	18	0.88695
34	18	0.85407
35	18	0.85845
36	18	0.90091
37	18	0.85897
38	18	0.87956
40	18	0.84343
41	18	0.86159
46	18	0.86395
47	18	0.87213
48	18	0.87477
50	18	0.76521
52	18	0.88625
53	18	0.89666
56	18	0.89004
57	18	0.83492
62	18	0.87301
69	18	0.84367
74	18	0.84103
76	18	0.85452
78	18	0.87358
79	18	0.87033
80	18	0.88239
82	18	0.83587
84	18	0.89103
93	18	0.81069
95	18	0.85088
96	18	0.90184
97	18	0.88116
101	18	0.86485
103	18	0.83341
104	18	0.89439
105	18	0.30696
107	18	0.84149
116	18	0.86378
133	18	0.84548
141	18	0.84035
143	18	0.86081
144	18	0.85464
148	18	0.84415
2	19	0.80749
5	19	0.92228
6	19	0.79737
9	19	0.80132
13	19	0.88352
14	19	0.85035
15	19	0.97055
16	19	0.75543
18	19	0.80975
20	19	0.92517
21	19	0.886
22	19	0.82126
23	19	0.88169
24	19	0.90396
25	19	0.95299
26	19	0.86832
27	19	0.94403
28	19	0.93463
29	19	0.75994
31	19	0.93304
33	19	0.94215
36	19	0.91174
37	19	0.85526
38	19	0.93115
39	19	0.8779
40	19	0.95627
42	19	0.89563
46	19	0.93942
47	19	0.83912
48	19	0.87482
51	19	0.81734
52	19	0.79588
54	19	0.84106
55	19	0.9031
56	19	0.83876
62	19	0.81539
64	19	0.82695
74	19	0.93709
78	19	0.81803
80	19	0.8267
81	19	0.79719
85	19	0.9279
87	19	0.88392
92	19	0.81123
93	19	0.83951
95	19	0.86876
96	19	0.92971
97	19	0.83007
104	19	0.85955
134	19	0.81019
141	19	0.80832
143	19	0.7738
148	19	0.85473
2	20	0.92024
5	20	0.90268
7	20	0.84155
8	20	0.77675
9	20	0.7633
10	20	0.61348
12	20	0.93759
13	20	0.93071
14	20	0.9086
15	20	0.94005
16	20	0.73902
17	20	0.68346
18	20	0.88651
19	20	0.92517
21	20	0.85378
22	20	0.83071
23	20	0.90327
24	20	0.92623
25	20	0.95969
26	20	0.90196
27	20	0.95508
28	20	0.9224
29	20	0.75064
31	20	0.97271
33	20	0.9319
34	20	0.82036
35	20	0.75481
36	20	0.96519
37	20	0.89071
38	20	0.94222
39	20	0.92185
40	20	0.93564
42	20	0.92444
45	20	0.88001
46	20	0.946
47	20	0.80601
48	20	0.93858
50	20	0.7133
52	20	0.89765
53	20	0.86797
54	20	0.90897
55	20	0.93804
56	20	0.79859
57	20	0.8441
58	20	0.88972
62	20	0.87476
64	20	0.89336
69	20	0.87386
73	20	0.72535
74	20	0.95752
78	20	0.91597
79	20	0.89814
80	20	0.91936
81	20	0.85331
84	20	0.88688
85	20	0.93546
87	20	0.93317
92	20	0.88416
93	20	0.75564
95	20	0.89686
96	20	0.9599
97	20	0.90165
100	20	0.86595
101	20	0.86514
104	20	0.89749
107	20	0.86978
116	20	0.90718
134	20	0.88816
141	20	0.9174
143	20	0.81562
144	20	0.79862
148	20	0.89355
4	21	0.82806
5	21	0.92784
6	21	0.83735
7	21	0.81012
13	21	0.92724
15	21	0.87621
16	21	0.78009
18	21	0.85199
19	21	0.886
20	21	0.85378
23	21	0.91057
24	21	0.8783
25	21	0.81551
26	21	0.8721
27	21	0.84261
28	21	0.81208
29	21	0.83797
31	21	0.85856
33	21	0.92889
35	21	0.77144
36	21	0.90804
37	21	0.8095
38	21	0.92214
39	21	0.86876
40	21	0.86807
41	21	0.83868
42	21	0.82482
46	21	0.83559
47	21	0.94922
48	21	0.85148
51	21	0.81313
54	21	0.89249
56	21	0.86024
61	21	0.81051
62	21	0.88792
64	21	0.86096
74	21	0.87718
78	21	0.82732
80	21	0.8838
81	21	0.8219
85	21	0.83906
88	21	0.8233
93	21	0.82925
95	21	0.93478
96	21	0.89076
97	21	0.86585
103	21	0.90597
104	21	0.89152
107	21	0.83121
127	21	0.81218
143	21	0.79467
146	21	0.81183
148	21	0.87971
2	22	0.82433
5	22	0.77804
9	22	0.85979
10	22	0.66719
12	22	0.79697
14	22	0.81515
15	22	0.81814
16	22	0.77871
18	22	0.79583
19	22	0.82126
20	22	0.83071
24	22	0.80818
25	22	0.8195
26	22	0.89862
27	22	0.79935
28	22	0.91722
29	22	0.76815
31	22	0.84879
32	22	0.77202
33	22	0.8274
34	22	0.82087
36	22	0.82791
37	22	0.84819
38	22	0.79373
40	22	0.8838
42	22	0.7749
46	22	0.87159
48	22	0.84231
51	22	0.86637
52	22	0.8936
53	22	0.79189
55	22	0.84858
56	22	0.78022
58	22	0.7919
74	22	0.86422
78	22	0.78733
79	22	0.78986
80	22	0.78817
84	22	0.80482
85	22	0.82349
87	22	0.82623
92	22	0.77619
93	22	0.81537
96	22	0.85592
97	22	0.79183
98	22	0.77984
101	22	0.78636
104	22	0.77261
105	22	0.33
107	22	0.78873
116	22	0.7847
141	22	0.78281
143	22	0.75739
144	22	0.7424
148	22	0.77812
2	23	0.90392
5	23	0.85091
13	23	0.9312
14	23	0.8944
15	23	0.92835
18	23	0.84293
19	23	0.88169
20	23	0.90327
21	23	0.91057
24	23	0.89095
25	23	0.89284
26	23	0.86383
27	23	0.88766
28	23	0.82266
29	23	0.7184
31	23	0.92806
33	23	0.93599
36	23	0.91604
37	23	0.83811
38	23	0.92673
39	23	0.92823
40	23	0.90159
42	23	0.85683
46	23	0.87959
47	23	0.86496
48	23	0.90548
50	23	0.72251
54	23	0.93997
55	23	0.91523
56	23	0.77396
57	23	0.81027
58	23	0.88519
61	23	0.90789
62	23	0.93149
64	23	0.96056
65	23	0.88832
69	23	0.89518
70	23	0.87664
73	23	0.66637
74	23	0.90865
75	23	0.88333
76	23	0.88001
78	23	0.92333
79	23	0.88606
80	23	0.89733
81	23	0.90178
82	23	0.9204
87	23	0.87623
88	23	0.90896
92	23	0.88938
93	23	0.7668
95	23	0.95285
96	23	0.91717
97	23	0.90155
103	23	0.8392
104	23	0.9101
106	23	0.88588
107	23	0.90084
108	23	0.87531
120	23	0.8977
121	23	0.8904
133	23	0.87705
134	23	0.85762
141	23	0.88594
143	23	0.77656
148	23	0.90575
4	24	0.88178
5	24	0.91164
9	24	0.82968
12	24	0.90715
13	24	0.89757
14	24	0.9105
15	24	0.89474
16	24	0.81356
18	24	0.86693
19	24	0.90396
20	24	0.92623
21	24	0.8783
22	24	0.80818
23	24	0.89095
25	24	0.9117
26	24	0.90069
27	24	0.90786
28	24	0.93248
29	24	0.76436
31	24	0.9152
33	24	0.91841
35	24	0.77535
36	24	0.89731
37	24	0.85699
38	24	0.91846
39	24	0.89688
40	24	0.91541
41	24	0.85347
46	24	0.96169
47	24	0.85383
48	24	0.93036
50	24	0.76354
54	24	0.87954
55	24	0.8874
56	24	0.85461
57	24	0.81436
62	24	0.87631
64	24	0.89246
74	24	0.93172
78	24	0.86116
80	24	0.90777
81	24	0.86599
85	24	0.89825
87	24	0.88751
92	24	0.85187
93	24	0.81554
95	24	0.89213
96	24	0.9608
97	24	0.87988
99	24	0.85392
101	24	0.86395
104	24	0.9056
105	24	0.42599
111	24	0.87332
128	24	0.84844
134	24	0.93407
141	24	0.92077
144	24	0.74167
146	24	0.86171
148	24	0.92112
150	24	0.85154
2	25	0.87873
5	25	0.86718
9	25	0.75312
10	25	0.5629
12	25	0.85409
13	25	0.87529
14	25	0.92421
15	25	0.95096
19	25	0.95299
20	25	0.95969
21	25	0.81551
22	25	0.8195
23	25	0.89284
24	25	0.9117
26	25	0.85837
27	25	0.97628
28	25	0.92739
31	25	0.96578
33	25	0.91228
36	25	0.91293
37	25	0.83788
38	25	0.94207
39	25	0.92767
40	25	0.92692
42	25	0.94319
46	25	0.93971
48	25	0.92708
51	25	0.8589
52	25	0.85092
54	25	0.88265
55	25	0.95954
56	25	0.74676
58	25	0.89041
61	25	0.85207
62	25	0.8408
64	25	0.88258
69	25	0.84242
74	25	0.96054
78	25	0.8617
80	25	0.84064
81	25	0.833
85	25	0.92803
87	25	0.95841
88	25	0.84707
92	25	0.89235
93	25	0.74331
95	25	0.87138
96	25	0.93019
97	25	0.84348
104	25	0.8732
116	25	0.84088
121	25	0.84103
130	25	0.83684
134	25	0.87227
141	25	0.8833
148	25	0.8865
2	26	0.87386
5	26	0.90544
7	26	0.8434
8	26	0.73525
9	26	0.79105
10	26	0.53636
12	26	0.87923
13	26	0.87997
15	26	0.87146
16	26	0.84146
17	26	0.66761
18	26	0.94229
19	26	0.86832
20	26	0.90196
21	26	0.8721
22	26	0.89862
23	26	0.86383
24	26	0.90069
25	26	0.85837
27	26	0.8546
28	26	0.91264
29	26	0.85889
31	26	0.90114
33	26	0.92327
34	26	0.86405
35	26	0.80744
36	26	0.9143
37	26	0.90339
38	26	0.90144
39	26	0.85227
40	26	0.91421
46	26	0.90962
47	26	0.85657
48	26	0.91225
50	26	0.71592
51	26	0.9074
52	26	0.92938
53	26	0.88109
55	26	0.88566
56	26	0.89569
62	26	0.9009
69	26	0.85636
74	26	0.91681
78	26	0.88643
79	26	0.87394
80	26	0.90232
81	26	0.84805
84	26	0.87456
93	26	0.87488
95	26	0.86783
96	26	0.93992
97	26	0.89089
100	26	0.81346
101	26	0.88347
103	26	0.83839
104	26	0.90152
107	26	0.8598
116	26	0.86897
141	26	0.86236
143	26	0.83005
144	26	0.81061
148	26	0.88292
150	26	0.84855
2	27	0.87908
5	27	0.88068
6	27	0.85348
8	27	0.7164
9	27	0.73664
12	27	0.84663
13	27	0.90527
14	27	0.90891
15	27	0.94054
19	27	0.94403
20	27	0.95508
21	27	0.84261
22	27	0.79935
23	27	0.88766
24	27	0.90786
25	27	0.97628
26	27	0.8546
28	27	0.91488
31	27	0.96138
33	27	0.90559
36	27	0.92322
37	27	0.81417
38	27	0.96246
39	27	0.94877
40	27	0.90041
42	27	0.94901
43	27	0.83979
44	27	0.83814
46	27	0.91323
47	27	0.80151
48	27	0.927
50	27	0.69343
51	27	0.85506
52	27	0.84908
54	27	0.90406
55	27	0.91986
56	27	0.75029
58	27	0.87627
61	27	0.85908
62	27	0.85189
64	27	0.88228
69	27	0.85347
74	27	0.94163
78	27	0.84088
80	27	0.83941
85	27	0.92679
87	27	0.9364
88	27	0.84681
92	27	0.89239
93	27	0.73774
95	27	0.89479
96	27	0.90931
97	27	0.84431
104	27	0.88459
116	27	0.85051
130	27	0.84612
141	27	0.87275
143	27	0.74936
148	27	0.87704
2	28	0.83189
4	28	0.81394
5	28	0.89658
6	28	0.81732
9	28	0.92153
10	28	0.58766
12	28	0.86033
13	28	0.85011
14	28	0.87912
15	28	0.91724
16	28	0.83128
18	28	0.84638
19	28	0.93463
20	28	0.9224
21	28	0.81208
22	28	0.91722
23	28	0.82266
24	28	0.93248
25	28	0.92739
26	28	0.91264
27	28	0.91488
29	28	0.80413
31	28	0.93069
33	28	0.91194
34	28	0.77812
35	28	0.74855
36	28	0.88935
37	28	0.88351
38	28	0.89359
39	28	0.86213
40	28	0.94565
42	28	0.86455
46	28	0.9634
48	28	0.91444
50	28	0.69725
51	28	0.86513
52	28	0.87677
55	28	0.909
56	28	0.85771
58	28	0.83218
62	28	0.81873
74	28	0.93212
80	28	0.83572
84	28	0.84016
85	28	0.9324
87	28	0.90165
92	28	0.83319
93	28	0.85
95	28	0.82433
96	28	0.93717
97	28	0.86741
101	28	0.82993
104	28	0.86002
105	28	0.43275
130	28	0.82276
134	28	0.85699
141	28	0.86595
143	28	0.75356
144	28	0.78357
148	28	0.86874
4	29	0.70259
5	29	0.84754
7	29	0.74625
9	29	0.75383
12	29	0.72258
13	29	0.75574
15	29	0.77029
16	29	0.84434
18	29	0.82818
19	29	0.75994
20	29	0.75064
21	29	0.83797
22	29	0.76815
23	29	0.7184
24	29	0.76436
26	29	0.85889
28	29	0.80413
31	29	0.73191
33	29	0.86781
34	29	0.70889
35	29	0.78393
36	29	0.77849
37	29	0.86325
38	29	0.74645
40	29	0.80845
41	29	0.71449
46	29	0.74885
47	29	0.794
48	29	0.73581
51	29	0.71043
52	29	0.7536
53	29	0.75804
56	29	0.91875
62	29	0.74813
74	29	0.78088
78	29	0.70102
79	29	0.72878
80	29	0.77784
81	29	0.73727
84	29	0.70354
85	29	0.7115
93	29	0.8745
95	29	0.74759
96	29	0.8228
97	29	0.79618
103	29	0.7997
104	29	0.73673
107	29	0.71479
143	29	0.796
148	29	0.74747
3	30	0.79
6	30	0.90572
32	30	0.937
59	30	0.9462
61	30	0.91312
63	30	0.90195
65	30	0.94342
66	30	0.92805
67	30	0.93895
68	30	0.94168
70	30	0.93701
71	30	0.95068
72	30	0.97173
75	30	0.93411
76	30	0.899
77	30	0.92387
82	30	0.89637
83	30	0.94741
86	30	0.97137
88	30	0.92783
89	30	0.96383
90	30	0.94102
91	30	0.96296
92	30	0.90922
94	30	0.91777
98	30	0.92159
107	30	0.92046
108	30	0.92885
109	30	0.94306
110	30	0.96075
112	30	0.91015
114	30	0.93087
115	30	0.96487
117	30	0.90802
118	30	0.94997
119	30	0.95735
120	30	0.93234
121	30	0.93335
122	30	0.93457
123	30	0.97043
124	30	0.95442
125	30	0.92629
127	30	0.91183
129	30	0.97115
130	30	0.91138
131	30	0.93078
135	30	0.90445
136	30	0.91714
137	30	0.93117
138	30	0.92478
139	30	0.9263
140	30	0.8782
142	30	0.94438
145	30	0.94225
147	30	0.9143
149	30	0.74543
150	30	0.91485
2	31	0.9474
5	31	0.88394
6	31	0.89474
7	31	0.85116
8	31	0.72972
9	31	0.77648
10	31	0.55577
12	31	0.90522
13	31	0.93469
14	31	0.91853
15	31	0.94979
16	31	0.74209
18	31	0.86978
19	31	0.93304
20	31	0.97271
21	31	0.85856
22	31	0.84879
23	31	0.92806
24	31	0.9152
25	31	0.96578
26	31	0.90114
27	31	0.96138
28	31	0.93069
29	31	0.73191
33	31	0.93098
34	31	0.80794
35	31	0.72251
36	31	0.94485
37	31	0.87325
38	31	0.95299
39	31	0.95341
40	31	0.94422
42	31	0.95015
45	31	0.89035
46	31	0.94003
47	31	0.80934
48	31	0.94667
50	31	0.72076
51	31	0.90044
52	31	0.89453
53	31	0.87102
54	31	0.92497
55	31	0.96296
56	31	0.78761
57	31	0.82163
58	31	0.91401
60	31	0.87849
61	31	0.8969
62	31	0.89769
64	31	0.92048
69	31	0.90663
73	31	0.66899
74	31	0.94016
78	31	0.91115
79	31	0.89698
80	31	0.89611
81	31	0.85145
84	31	0.8826
85	31	0.9414
87	31	0.95161
88	31	0.91592
92	31	0.91751
93	31	0.75938
95	31	0.91575
96	31	0.94475
97	31	0.92338
100	31	0.84702
101	31	0.86428
104	31	0.91453
105	31	0.33675
107	31	0.90672
116	31	0.88792
121	31	0.8896
130	31	0.89291
133	31	0.88946
134	31	0.88139
141	31	0.92512
143	31	0.77712
144	31	0.77393
148	31	0.91574
3	32	0.77027
4	32	0.8424
6	32	0.9431
7	32	0.9054
8	32	0.78955
10	32	0.54086
11	32	0.82889
13	32	0.88612
16	32	0.74674
22	32	0.77202
30	32	0.937
34	32	0.82924
35	32	0.73481
41	32	0.91196
45	32	0.9216
47	32	0.80103
48	32	0.91211
49	32	0.87485
51	32	0.9171
52	32	0.87749
53	32	0.87902
59	32	0.91914
60	32	0.89508
61	32	0.89841
62	32	0.92195
63	32	0.93475
65	32	0.91914
66	32	0.92098
67	32	0.93121
70	32	0.91023
72	32	0.93621
75	32	0.91974
76	32	0.91649
77	32	0.94563
79	32	0.93129
80	32	0.87856
82	32	0.90786
84	32	0.87972
85	32	0.84754
86	32	0.92345
88	32	0.929
90	32	0.89942
91	32	0.92655
92	32	0.91991
93	32	0.70741
94	32	0.92046
95	32	0.89765
97	32	0.95305
98	32	0.9272
99	32	0.91343
103	32	0.88018
104	32	0.91449
105	32	0.32997
107	32	0.97143
108	32	0.91423
109	32	0.91366
110	32	0.9309
112	32	0.92238
113	32	0.90101
114	32	0.92058
115	32	0.9235
118	32	0.9178
120	32	0.92542
121	32	0.91191
123	32	0.95393
124	32	0.88242
127	32	0.91627
128	32	0.86238
129	32	0.90382
130	32	0.91642
133	32	0.91847
137	32	0.87895
143	32	0.75281
146	32	0.90821
150	32	0.92557
2	33	0.86003
4	33	0.80605
5	33	0.92762
7	33	0.85676
8	33	0.76055
9	33	0.79663
12	33	0.85557
13	33	0.92677
15	33	0.95839
16	33	0.82273
18	33	0.88695
19	33	0.94215
20	33	0.9319
21	33	0.92889
22	33	0.8274
23	33	0.93599
24	33	0.91841
25	33	0.91228
26	33	0.92327
27	33	0.90559
28	33	0.91194
29	33	0.86781
31	33	0.93098
35	33	0.79212
36	33	0.93189
37	33	0.94141
38	33	0.93367
39	33	0.88997
40	33	0.95418
42	33	0.85316
46	33	0.91484
47	33	0.88704
48	33	0.9004
50	33	0.71531
52	33	0.85607
54	33	0.88715
55	33	0.89346
56	33	0.91106
62	33	0.8988
64	33	0.86407
74	33	0.94008
78	33	0.87454
79	33	0.85807
80	33	0.89824
81	33	0.90285
85	33	0.87857
87	33	0.8475
93	33	0.89624
95	33	0.92223
96	33	0.96275
97	33	0.90943
103	33	0.85481
104	33	0.89238
107	33	0.8609
141	33	0.85724
143	33	0.85529
144	33	0.73204
148	33	0.89638
2	34	0.86929
6	34	0.81242
7	34	0.86005
8	34	0.81653
9	34	0.6781
10	34	0.66801
11	34	0.80509
12	34	0.83078
13	34	0.83137
17	34	0.72471
18	34	0.85407
20	34	0.82036
22	34	0.82087
26	34	0.86405
28	34	0.77812
29	34	0.70889
31	34	0.80794
32	34	0.82924
35	34	0.72215
36	34	0.84498
37	34	0.78615
38	34	0.77594
39	34	0.78449
41	34	0.80518
45	34	0.84015
48	34	0.81547
51	34	0.83144
52	34	0.91866
53	34	0.91446
60	34	0.80015
62	34	0.80545
63	34	0.83206
69	34	0.80503
72	34	0.79521
73	34	0.71255
75	34	0.83514
76	34	0.85314
78	34	0.78821
79	34	0.86543
80	34	0.79666
82	34	0.81769
84	34	0.86747
92	34	0.77411
96	34	0.77618
97	34	0.8369
101	34	0.80673
104	34	0.78528
107	34	0.85739
108	34	0.80032
114	34	0.85774
116	34	0.87757
120	34	0.77453
123	34	0.82228
132	34	0.77977
133	34	0.78817
143	34	0.8159
144	34	0.74872
4	35	0.80643
5	35	0.84575
7	35	0.87876
9	35	0.75785
12	35	0.79331
13	35	0.78672
16	35	0.94255
17	35	0.68817
18	35	0.85845
20	35	0.75481
21	35	0.77144
24	35	0.77535
26	35	0.80744
28	35	0.74855
29	35	0.78393
31	35	0.72251
32	35	0.73481
33	35	0.79212
34	35	0.72215
36	35	0.80587
37	35	0.83362
40	35	0.73826
41	35	0.80946
46	35	0.77143
47	35	0.83518
48	35	0.72103
49	35	0.73024
52	35	0.71986
53	35	0.77177
56	35	0.89316
62	35	0.74473
78	35	0.72924
79	35	0.74077
80	35	0.83564
81	35	0.75612
84	35	0.81159
85	35	0.7573
93	35	0.79211
95	35	0.73852
96	35	0.82306
97	35	0.82671
99	35	0.72812
101	35	0.77569
103	35	0.84038
104	35	0.76787
105	35	0.48234
107	35	0.73657
128	35	0.73223
134	35	0.744
143	35	0.76255
144	35	0.77473
148	35	0.75604
2	36	0.90854
5	36	0.92049
6	36	0.88226
7	36	0.87859
8	36	0.81467
9	36	0.72896
10	36	0.56772
12	36	0.92519
13	36	0.94778
14	36	0.88946
15	36	0.92043
16	36	0.77355
17	36	0.67221
18	36	0.90091
19	36	0.91174
20	36	0.96519
21	36	0.90804
22	36	0.82791
23	36	0.91604
24	36	0.89731
25	36	0.91293
26	36	0.9143
27	36	0.92322
28	36	0.88935
29	36	0.77849
31	36	0.94485
33	36	0.93189
34	36	0.84498
35	36	0.80587
37	36	0.88135
38	36	0.94216
39	36	0.91658
40	36	0.90854
41	36	0.87103
42	36	0.90825
46	36	0.91545
47	36	0.87347
48	36	0.93255
50	36	0.69563
52	36	0.90197
53	36	0.88656
54	36	0.91225
55	36	0.89609
56	36	0.8202
57	36	0.83948
62	36	0.90611
64	36	0.89069
69	36	0.88875
73	36	0.72201
74	36	0.93931
76	36	0.88948
78	36	0.92818
79	36	0.91691
80	36	0.93467
81	36	0.85309
84	36	0.87332
85	36	0.9308
87	36	0.89942
92	36	0.88662
93	36	0.78432
95	36	0.92606
96	36	0.95202
97	36	0.91485
100	36	0.8407
101	36	0.84507
103	36	0.87866
104	36	0.91598
107	36	0.89751
116	36	0.89791
133	36	0.88458
141	36	0.88439
143	36	0.86193
144	36	0.75532
148	36	0.90027
2	37	0.82691
5	37	0.8401
7	37	0.8657
8	37	0.77319
9	37	0.83133
10	37	0.60721
12	37	0.8715
13	37	0.83566
15	37	0.87721
16	37	0.85495
17	37	0.70628
18	37	0.85897
19	37	0.85526
20	37	0.89071
21	37	0.8095
22	37	0.84819
23	37	0.83811
24	37	0.85699
25	37	0.83788
26	37	0.90339
27	37	0.81417
28	37	0.88351
29	37	0.86325
31	37	0.87325
33	37	0.94141
34	37	0.78615
35	37	0.83362
36	37	0.88135
38	37	0.80969
40	37	0.92057
46	37	0.88438
48	37	0.83384
52	37	0.83324
55	37	0.83699
56	37	0.88856
62	37	0.82274
73	37	0.66471
74	37	0.8764
78	37	0.85213
79	37	0.85025
80	37	0.88652
81	37	0.88844
84	37	0.82746
85	37	0.81086
93	37	0.84978
96	37	0.93719
97	37	0.87808
100	37	0.8274
101	37	0.81206
103	37	0.81374
107	37	0.82165
134	37	0.81994
141	37	0.82858
143	37	0.83144
144	37	0.80711
148	37	0.83523
2	38	0.88471
4	38	0.81725
5	38	0.93191
6	38	0.89884
8	38	0.71807
9	38	0.70934
13	38	0.9461
14	38	0.89924
15	38	0.93175
16	38	0.72321
18	38	0.87956
19	38	0.93115
20	38	0.94222
21	38	0.92214
22	38	0.79373
23	38	0.92673
24	38	0.91846
25	38	0.94207
26	38	0.90144
27	38	0.96246
28	38	0.89359
29	38	0.74645
31	38	0.95299
33	38	0.93367
34	38	0.77594
36	38	0.94216
37	38	0.80969
39	38	0.95934
40	38	0.8965
42	38	0.94864
43	38	0.88099
44	38	0.87266
46	38	0.89737
47	38	0.88919
48	38	0.9405
50	38	0.74936
51	38	0.90503
52	38	0.87546
53	38	0.84435
54	38	0.93878
55	38	0.90668
56	38	0.81232
58	38	0.87871
61	38	0.89787
62	38	0.90945
64	38	0.91266
69	38	0.89391
74	38	0.93651
80	38	0.86999
81	38	0.823
85	38	0.91932
87	38	0.907
88	38	0.8857
92	38	0.91018
93	38	0.7887
95	38	0.94505
96	38	0.91787
97	38	0.88893
103	38	0.803
104	38	0.94189
133	38	0.87275
141	38	0.8808
143	38	0.7866
148	38	0.9129
150	38	0.87625
2	39	0.9099
4	39	0.84672
5	39	0.86252
6	39	0.94809
7	39	0.84254
8	39	0.74431
9	39	0.66556
11	39	0.82569
13	39	0.94986
14	39	0.93357
15	39	0.89297
19	39	0.8779
20	39	0.92185
21	39	0.86876
23	39	0.92823
24	39	0.89688
25	39	0.92767
26	39	0.85227
27	39	0.94877
28	39	0.86213
31	39	0.95341
33	39	0.88997
34	39	0.78449
36	39	0.91658
38	39	0.95934
40	39	0.85089
41	39	0.89745
42	39	0.94973
43	39	0.93522
44	39	0.91586
45	39	0.90395
46	39	0.87063
47	39	0.85516
48	39	0.96037
49	39	0.84184
50	39	0.71127
51	39	0.92327
52	39	0.87452
53	39	0.84646
54	39	0.97694
55	39	0.92047
58	39	0.93847
61	39	0.9598
62	39	0.94277
63	39	0.88867
64	39	0.95348
65	39	0.92536
69	39	0.92137
70	39	0.9416
74	39	0.90433
81	39	0.83585
82	39	0.9076
85	39	0.9091
87	39	0.93697
88	39	0.94252
91	39	0.90469
92	39	0.96619
93	39	0.7217
95	39	0.96731
96	39	0.8925
97	39	0.92077
103	39	0.81026
104	39	0.95436
106	39	0.9276
107	39	0.92642
113	39	0.91253
116	39	0.88723
120	39	0.91244
121	39	0.91798
123	39	0.90512
127	39	0.9363
130	39	0.93776
131	39	0.90443
133	39	0.92425
134	39	0.86546
141	39	0.92533
143	39	0.7518
146	39	0.91303
148	39	0.92746
150	39	0.93255
2	40	0.86125
5	40	0.87846
9	40	0.84727
10	40	0.55167
12	40	0.85653
13	40	0.88073
14	40	0.85159
15	40	0.95873
16	40	0.79567
18	40	0.84343
19	40	0.95627
20	40	0.93564
21	40	0.86807
22	40	0.8838
23	40	0.90159
24	40	0.91541
25	40	0.92692
26	40	0.91421
27	40	0.90041
28	40	0.94565
29	40	0.80845
31	40	0.94422
33	40	0.95418
35	40	0.73826
36	40	0.90854
37	40	0.92057
38	40	0.8965
39	40	0.85089
42	40	0.85216
46	40	0.95696
48	40	0.87183
51	40	0.83527
52	40	0.83744
54	40	0.8355
55	40	0.92956
56	40	0.85227
60	40	0.82692
62	40	0.83068
64	40	0.8539
74	40	0.94285
78	40	0.87337
80	40	0.87688
81	40	0.84633
85	40	0.89356
87	40	0.88446
93	40	0.84525
95	40	0.85137
96	40	0.95498
97	40	0.86475
100	40	0.79918
104	40	0.83895
105	40	0.34794
107	40	0.82406
134	40	0.84821
141	40	0.85198
143	40	0.77068
144	40	0.77273
148	40	0.8606
4	41	0.86603
5	41	0.82877
6	41	0.89351
7	41	0.91347
8	41	0.77398
12	41	0.89854
13	41	0.90482
16	41	0.76889
17	41	0.75359
18	41	0.86159
21	41	0.83868
24	41	0.85347
29	41	0.71449
32	41	0.91196
34	41	0.80518
35	41	0.80946
36	41	0.87103
39	41	0.89745
45	41	0.90447
47	41	0.86538
48	41	0.89589
49	41	0.92218
50	41	0.70455
53	41	0.87887
54	41	0.91379
56	41	0.76147
61	41	0.87004
62	41	0.93743
63	41	0.91458
64	41	0.88629
70	41	0.87031
75	41	0.882
76	41	0.89148
77	41	0.89424
79	41	0.91133
80	41	0.91437
81	41	0.86916
82	41	0.9074
84	41	0.89148
88	41	0.88471
95	41	0.92067
97	41	0.93846
99	41	0.90789
100	41	0.81975
101	41	0.87355
102	41	0.88734
103	41	0.89625
104	41	0.92734
106	41	0.91887
107	41	0.91521
108	41	0.89849
111	41	0.86554
112	41	0.90114
113	41	0.92762
114	41	0.89701
116	41	0.88464
118	41	0.87709
120	41	0.89985
123	41	0.88469
127	41	0.8831
128	41	0.88754
133	41	0.88848
134	41	0.86865
139	41	0.90427
141	41	0.90953
146	41	0.91985
148	41	0.91606
150	41	0.9028
2	42	0.8788
5	42	0.84889
6	42	0.91476
13	42	0.89894
14	42	0.88677
15	42	0.88789
19	42	0.89563
20	42	0.92444
21	42	0.82482
22	42	0.7749
23	42	0.85683
25	42	0.94319
27	42	0.94901
28	42	0.86455
31	42	0.95015
33	42	0.85316
36	42	0.90825
38	42	0.94864
39	42	0.94973
40	42	0.85216
43	42	0.8889
44	42	0.92037
45	42	0.87528
46	42	0.85098
48	42	0.91494
51	42	0.89924
53	42	0.83687
54	42	0.91701
55	42	0.91263
58	42	0.9027
61	42	0.90008
64	42	0.87788
65	42	0.86251
69	42	0.88067
70	42	0.87611
74	42	0.89715
85	42	0.93765
87	42	0.94603
88	42	0.89984
91	42	0.86714
92	42	0.93309
95	42	0.89258
96	42	0.85856
97	42	0.8599
104	42	0.89485
106	42	0.87906
116	42	0.86604
121	42	0.86146
127	42	0.85168
130	42	0.8935
133	42	0.86748
141	42	0.86576
146	42	0.86107
148	42	0.87807
6	43	0.91146
14	43	0.89451
27	43	0.83979
38	43	0.88099
39	43	0.93522
42	43	0.8889
44	43	0.94432
54	43	0.91912
58	43	0.91605
59	43	0.91763
61	43	0.96186
64	43	0.92357
65	43	0.91831
67	43	0.88889
68	43	0.93742
69	43	0.90134
70	43	0.95487
71	43	0.91089
72	43	0.89704
83	43	0.91205
88	43	0.9307
89	43	0.89371
90	43	0.9266
91	43	0.91291
92	43	0.93751
102	43	0.86885
106	43	0.91825
108	43	0.89834
109	43	0.91555
110	43	0.89714
112	43	0.88872
113	43	0.90922
117	43	0.95415
118	43	0.89218
119	43	0.91373
121	43	0.9032
125	43	0.94751
126	43	0.90641
127	43	0.94245
130	43	0.94263
131	43	0.93668
132	43	0.89627
133	43	0.91264
135	43	0.89868
136	43	0.92567
138	43	0.8975
139	43	0.91413
140	43	0.85368
141	43	0.88911
142	43	0.90775
145	43	0.92345
146	43	0.91867
147	43	0.9338
149	43	0.74929
150	43	0.92341
3	44	0.75644
6	44	0.95321
11	44	0.85728
27	44	0.83814
38	44	0.87266
39	44	0.91586
42	44	0.92037
43	44	0.94432
45	44	0.906
48	44	0.90111
51	44	0.92591
58	44	0.93193
59	44	0.92024
61	44	0.94546
63	44	0.89377
65	44	0.92266
68	44	0.91624
69	44	0.92766
70	44	0.95548
71	44	0.93319
72	44	0.92822
83	44	0.91635
85	44	0.85507
86	44	0.90503
87	44	0.90228
88	44	0.93714
89	44	0.90393
91	44	0.94937
92	44	0.95771
94	44	0.89945
98	44	0.89903
102	44	0.88716
104	44	0.89937
106	44	0.91397
108	44	0.90938
109	44	0.94803
110	44	0.93709
113	44	0.91313
114	44	0.90019
115	44	0.92834
116	44	0.90701
117	44	0.90942
119	44	0.90534
121	44	0.90234
122	44	0.88692
123	44	0.9152
124	44	0.89636
125	44	0.93416
126	44	0.86145
127	44	0.92659
129	44	0.90845
130	44	0.9518
131	44	0.92084
132	44	0.92214
133	44	0.92454
136	44	0.91072
137	44	0.87832
138	44	0.90838
140	44	0.90992
142	44	0.9196
145	44	0.93692
146	44	0.92287
147	44	0.93731
149	44	0.77546
150	44	0.92952
2	45	0.91534
3	45	0.78142
6	45	0.91152
7	45	0.85156
8	45	0.74453
10	45	0.62124
11	45	0.87204
12	45	0.91601
17	45	0.78893
20	45	0.88001
31	45	0.89035
32	45	0.9216
34	45	0.84015
39	45	0.90395
41	45	0.90447
42	45	0.87528
44	45	0.906
48	45	0.9226
51	45	0.89244
52	45	0.90193
53	45	0.89405
58	45	0.93134
59	45	0.91238
60	45	0.91529
61	45	0.91361
63	45	0.91747
65	45	0.91905
66	45	0.92024
67	45	0.92145
69	45	0.90159
70	45	0.91152
71	45	0.91738
72	45	0.92059
73	45	0.69635
75	45	0.92402
76	45	0.91637
79	45	0.93248
82	45	0.91355
84	45	0.93207
85	45	0.85039
87	45	0.8994
88	45	0.92022
91	45	0.94954
92	45	0.92865
94	45	0.93179
97	45	0.92345
98	45	0.93829
99	45	0.89855
100	45	0.87191
101	45	0.89617
102	45	0.91654
106	45	0.92924
107	45	0.92643
108	45	0.93138
109	45	0.91976
110	45	0.94583
111	45	0.85817
112	45	0.91052
113	45	0.93909
114	45	0.97096
116	45	0.95489
121	45	0.91728
123	45	0.93413
124	45	0.89457
130	45	0.93064
132	45	0.94219
133	45	0.92063
134	45	0.85997
137	45	0.87668
138	45	0.94455
140	45	0.87428
141	45	0.93896
142	45	0.90897
144	45	0.75114
145	45	0.90241
146	45	0.92278
150	45	0.90716
2	46	0.85755
4	46	0.82272
5	46	0.90002
9	46	0.86075
10	46	0.54104
12	46	0.90683
13	46	0.87081
14	46	0.92131
15	46	0.92711
16	46	0.80443
18	46	0.86395
19	46	0.93942
20	46	0.946
21	46	0.83559
22	46	0.87159
23	46	0.87959
24	46	0.96169
25	46	0.93971
26	46	0.90962
27	46	0.91323
28	46	0.9634
29	46	0.74885
31	46	0.94003
33	46	0.91484
35	46	0.77143
36	46	0.91545
37	46	0.88438
38	46	0.89737
39	46	0.87063
40	46	0.95696
42	46	0.85098
47	46	0.79813
48	46	0.92607
50	46	0.71781
51	46	0.84677
52	46	0.86034
55	46	0.93603
56	46	0.83553
57	46	0.84372
58	46	0.86221
62	46	0.84686
64	46	0.86954
74	46	0.95301
78	46	0.89286
80	46	0.89739
81	46	0.84631
84	46	0.85832
85	46	0.93471
87	46	0.92172
92	46	0.8469
93	46	0.81334
95	46	0.84975
96	46	0.97174
97	46	0.86883
99	46	0.84779
101	46	0.85791
104	46	0.88137
105	46	0.42717
134	46	0.92544
141	46	0.9013
143	46	0.75893
144	46	0.80764
148	46	0.89399
4	47	0.87934
5	47	0.93552
6	47	0.85098
7	47	0.84906
8	47	0.74733
13	47	0.91577
15	47	0.82201
16	47	0.82033
18	47	0.87213
19	47	0.83912
20	47	0.80601
21	47	0.94922
23	47	0.86496
24	47	0.85383
26	47	0.85657
27	47	0.80151
29	47	0.794
31	47	0.80934
32	47	0.80103
33	47	0.88704
35	47	0.83518
36	47	0.87347
38	47	0.88919
39	47	0.85516
41	47	0.86538
46	47	0.79813
48	47	0.84432
49	47	0.89233
51	47	0.81185
53	47	0.80678
54	47	0.86669
56	47	0.88524
62	47	0.89804
64	47	0.81744
74	47	0.80533
80	47	0.85674
81	47	0.8003
85	47	0.81679
93	47	0.85627
95	47	0.93426
96	47	0.86
97	47	0.86641
103	47	0.92313
104	47	0.92266
107	47	0.82928
127	47	0.831
128	47	0.81255
133	47	0.81499
143	47	0.82834
146	47	0.81325
148	47	0.86109
150	47	0.82643
2	48	0.91415
3	48	0.75887
4	48	0.8588
5	48	0.88912
6	48	0.93019
7	48	0.85677
8	48	0.77779
9	48	0.74357
10	48	0.5745
11	48	0.86589
12	48	0.91841
13	48	0.92023
14	48	0.96961
15	48	0.88498
16	48	0.74371
17	48	0.65768
18	48	0.87477
19	48	0.87482
20	48	0.93858
21	48	0.85148
22	48	0.84231
23	48	0.90548
24	48	0.93036
25	48	0.92708
26	48	0.91225
27	48	0.927
28	48	0.91444
29	48	0.73581
31	48	0.94667
32	48	0.91211
33	48	0.9004
34	48	0.81547
35	48	0.72103
36	48	0.93255
37	48	0.83384
38	48	0.9405
39	48	0.96037
40	48	0.87183
41	48	0.89589
42	48	0.91494
44	48	0.90111
45	48	0.9226
46	48	0.92607
47	48	0.84432
49	48	0.83004
50	48	0.74907
51	48	0.94486
52	48	0.9335
53	48	0.86192
54	48	0.92772
55	48	0.94231
56	48	0.78303
57	48	0.83441
58	48	0.95329
61	48	0.93445
62	48	0.94535
64	48	0.93113
65	48	0.92409
