3	2	0.81236
4	2	0.88735
7	2	0.89277
8	2	0.86721
9	2	0.91433
10	2	0.77683
11	2	0.86234
13	2	0.93015
14	2	0.91535
15	2	0.87157
16	2	0.77874
18	2	0.91188
20	2	0.9006
21	2	0.91413
22	2	0.85509
26	2	0.79957
28	2	0.91434
29	2	0.8039
30	2	0.90435
32	2	0.95859
33	2	0.93472
34	2	0.69669
36	2	0.93337
38	2	0.96026
41	2	0.96612
42	2	0.94933
45	2	0.91936
47	2	0.86996
48	2	0.93926
49	2	0.88953
50	2	0.74195
51	2	0.81771
52	2	0.85831
56	2	0.9156
57	2	0.75538
58	2	0.93589
60	2	0.8804
62	2	0.88972
63	2	0.92633
67	2	0.84738
72	2	0.90522
73	2	0.90532
74	2	0.9137
75	2	0.90568
77	2	0.86552
78	2	0.87339
84	2	0.88821
85	2	0.8643
89	2	0.81187
90	2	0.89035
91	2	0.91302
92	2	0.86658
93	2	0.86872
94	2	0.85793
95	2	0.93855
96	2	0.92293
97	2	0.92775
99	2	0.87787
101	2	0.92762
104	2	0.91263
105	2	0.87673
107	2	0.95694
108	2	0.90569
111	2	0.94103
114	2	0.87368
120	2	0.92566
124	2	0.87027
127	2	0.85893
128	2	0.84588
134	2	0.87313
135	2	0.90167
139	2	0.89234
141	2	0.86475
142	2	0.87133
143	2	0.86779
145	2	0.88566
150	2	0.968
2	3	0.81236
4	3	0.90049
8	3	0.90637
9	3	0.89586
10	3	0.94167
11	3	0.89185
14	3	0.90685
15	3	0.82583
16	3	0.81696
20	3	0.80345
21	3	0.87842
22	3	0.89342
28	3	0.84873
29	3	0.91021
33	3	0.85437
34	3	0.68279
36	3	0.88488
37	3	0.8655
38	3	0.83618
42	3	0.82287
45	3	0.86281
47	3	0.82834
48	3	0.85792
49	3	0.80422
50	3	0.89764
51	3	0.81766
55	3	0.81076
56	3	0.89487
57	3	0.87747
58	3	0.805
60	3	0.80493
63	3	0.83312
73	3	0.95959
74	3	0.93087
77	3	0.88226
85	3	0.93066
87	3	0.81863
93	3	0.90284
95	3	0.86547
96	3	0.90546
97	3	0.93194
101	3	0.85873
103	3	0.86329
105	3	0.81148
107	3	0.8535
111	3	0.81858
127	3	0.79847
135	3	0.80892
141	3	0.80599
143	3	0.89437
144	3	0.86072
2	4	0.88735
3	4	0.90049
5	4	0.85294
7	4	0.86321
8	4	0.883
9	4	0.92096
10	4	0.77496
11	4	0.85752
13	4	0.9016
14	4	0.96182
15	4	0.8599
16	4	0.81616
19	4	0.85491
20	4	0.87423
21	4	0.89737
22	4	0.83134
24	4	0.89231
26	4	0.75156
28	4	0.94728
29	4	0.8898
32	4	0.90482
33	4	0.90131
34	4	0.66267
35	4	0.77388
36	4	0.91478
37	4	0.87746
38	4	0.87991
41	4	0.89378
42	4	0.91058
45	4	0.8915
47	4	0.94375
48	4	0.90964
49	4	0.82438
50	4	0.81848
51	4	0.82076
56	4	0.95491
57	4	0.85846
58	4	0.85977
63	4	0.92159
73	4	0.89589
74	4	0.92136
77	4	0.88244
85	4	0.89609
90	4	0.79953
91	4	0.85138
93	4	0.91546
95	4	0.91671
96	4	0.95937
97	4	0.94156
101	4	0.92726
103	4	0.80688
104	4	0.80849
105	4	0.88614
107	4	0.86934
110	4	0.8477
111	4	0.9255
124	4	0.86628
127	4	0.84697
128	4	0.79237
135	4	0.84565
141	4	0.84312
143	4	0.90197
144	4	0.83155
147	4	0.83472
150	4	0.87293
4	5	0.85294
7	5	0.96379
8	5	0.87059
9	5	0.82317
12	5	0.95254
15	5	0.88002
17	5	0.856
18	5	0.89691
19	5	0.97036
20	5	0.97288
21	5	0.93988
24	5	0.92706
25	5	0.91844
26	5	0.79924
27	5	0.82262
28	5	0.89922
29	5	0.86372
35	5	0.92176
36	5	0.83826
37	5	0.89057
40	5	0.93782
42	5	0.90363
44	5	0.85123
45	5	0.90482
46	5	0.97642
52	5	0.91852
53	5	0.9432
55	5	0.88849
56	5	0.88208
60	5	0.92902
62	5	0.94362
74	5	0.83751
76	5	0.91266
77	5	0.85685
78	5	0.93589
79	5	0.95994
80	5	0.95405
81	5	0.93017
82	5	0.86968
84	5	0.94254
87	5	0.96298
93	5	0.86885
96	5	0.93183
98	5	0.91332
99	5	0.89022
100	5	0.95739
101	5	0.93303
102	5	0.86723
103	5	0.89571
108	5	0.88662
110	5	0.95853
111	5	0.89582
114	5	0.89076
116	5	0.90679
126	5	0.85416
132	5	0.79133
134	5	0.88148
135	5	0.88391
138	5	0.90489
141	5	0.89868
144	5	0.93569
146	5	0.88751
147	5	0.83049
148	5	0.91835
7	6	0.87136
13	6	0.8777
18	6	0.91656
23	6	0.82189
25	6	0.87147
27	6	0.89017
30	6	0.92455
31	6	0.88957
39	6	0.93066
43	6	0.8498
44	6	0.94067
54	6	0.9252
55	6	0.88038
59	6	0.89327
61	6	0.95707
62	6	0.89359
63	6	0.9024
64	6	0.85167
65	6	0.48977
66	6	0.94676
68	6	0.97265
69	6	0.89887
70	6	0.6103
71	6	0.94346
72	6	0.89882
82	6	0.92155
83	6	0.93603
86	6	0.80725
88	6	0.78124
92	6	0.90679
94	6	0.88699
98	6	0.86782
99	6	0.9209
102	6	0.88685
106	6	0.93024
108	6	0.94029
109	6	0.94762
110	6	0.88017
112	6	0.88225
113	6	0.91873
115	6	0.9392
117	6	0.93997
118	6	0.89485
119	6	0.91769
120	6	0.86511
121	6	0.67648
122	6	0.884
123	6	0.94437
125	6	0.89591
126	6	0.87587
129	6	0.60884
130	6	0.90639
131	6	0.90082
133	6	0.8226
134	6	0.87729
136	6	0.9284
137	6	0.83043
139	6	0.8166
140	6	0.8269
142	6	0.93262
145	6	0.83701
146	6	0.87032
147	6	0.87176
148	6	0.87695
149	6	0.64643
150	6	0.89394
2	7	0.89277
4	7	0.86321
5	7	0.96379
6	7	0.87136
8	7	0.84457
12	7	0.95106
15	7	0.84643
17	7	0.85936
18	7	0.96815
19	7	0.93247
20	7	0.97633
21	7	0.8974
24	7	0.92787
25	7	0.9477
26	7	0.87411
27	7	0.90693
28	7	0.89619
30	7	0.92816
31	7	0.89157
32	7	0.88456
35	7	0.85168
36	7	0.85738
37	7	0.88033
40	7	0.86913
41	7	0.85401
42	7	0.92582
44	7	0.92294
45	7	0.94034
46	7	0.92642
47	7	0.82285
48	7	0.89183
52	7	0.90205
53	7	0.91369
55	7	0.91282
60	7	0.93139
61	7	0.87966
62	7	0.97249
63	7	0.93605
66	7	0.89419
68	7	0.87526
69	7	0.86521
72	7	0.92078
75	7	0.8913
76	7	0.91746
78	7	0.94518
79	7	0.96351
80	7	0.93922
81	7	0.94113
82	7	0.92173
83	7	0.83538
84	7	0.98918
87	7	0.94224
88	7	0.77975
96	7	0.92067
98	7	0.9307
99	7	0.94279
100	7	0.94056
101	7	0.94782
102	7	0.92445
103	7	0.85037
106	7	0.88898
108	7	0.95963
110	7	0.96914
111	7	0.95381
113	7	0.9096
114	7	0.96209
115	7	0.86063
116	7	0.9302
123	7	0.90444
126	7	0.89899
132	7	0.85683
134	7	0.94606
135	7	0.94449
138	7	0.92875
141	7	0.92866
142	7	0.85844
144	7	0.85863
146	7	0.94208
147	7	0.91131
148	7	0.95617
150	7	0.90957
2	8	0.86721
3	8	0.90637
4	8	0.883
5	8	0.87059
7	8	0.84457
9	8	0.89768
10	8	0.85468
11	8	0.87665
12	8	0.85352
14	8	0.8979
15	8	0.85045
16	8	0.71171
17	8	0.81065
19	8	0.88248
20	8	0.86413
21	8	0.91723
28	8	0.87829
29	8	0.86011
34	8	0.58954
35	8	0.77756
36	8	0.88912
42	8	0.83165
45	8	0.90702
46	8	0.82298
48	8	0.84609
52	8	0.88022
55	8	0.82613
56	8	0.8831
57	8	0.73875
58	8	0.82713
60	8	0.87969
63	8	0.823
73	8	0.92512
74	8	0.95483
77	8	0.88485
78	8	0.82089
79	8	0.82244
80	8	0.84223
84	8	0.82829
85	8	0.82883
87	8	0.89785
93	8	0.86034
95	8	0.81671
96	8	0.93547
97	8	0.89738
101	8	0.9105
103	8	0.87601
107	8	0.85202
110	8	0.84613
111	8	0.83739
135	8	0.8854
138	8	0.83863
141	8	0.90561
143	8	0.85979
144	8	0.943
2	9	0.91433
3	9	0.89586
4	9	0.92096
5	9	0.82317
8	9	0.89768
10	9	0.85666
13	9	0.85257
14	9	0.93287
15	9	0.89694
16	9	0.87864
19	9	0.83782
20	9	0.85202
21	9	0.94564
22	9	0.85127
24	9	0.81803
28	9	0.93472
29	9	0.92132
32	9	0.86232
33	9	0.93102
34	9	0.77163
36	9	0.93021
37	9	0.82795
38	9	0.91938
41	9	0.87248
42	9	0.90032
45	9	0.86485
47	9	0.85571
48	9	0.8798
49	9	0.82489
50	9	0.84204
52	9	0.82365
56	9	0.96878
57	9	0.89183
58	9	0.8664
63	9	0.83966
73	9	0.94586
74	9	0.96311
77	9	0.89552
85	9	0.94465
91	9	0.81412
93	9	0.94446
95	9	0.89094
96	9	0.94334
97	9	0.95443
101	9	0.89127
103	9	0.79857
104	9	0.80178
105	9	0.8498
107	9	0.90368
111	9	0.8623
128	9	0.78264
143	9	0.93278
144	9	0.84613
150	9	0.84174
2	10	0.77683
3	10	0.94167
4	10	0.77496
8	10	0.85468
9	10	0.85666
11	10	0.87534
14	10	0.84269
16	10	0.83813
21	10	0.79878
22	10	0.85287
28	10	0.76685
29	10	0.79983
32	10	0.72676
33	10	0.79655
34	10	0.78952
36	10	0.84398
38	10	0.81273
41	10	0.74876
42	10	0.72302
45	10	0.78667
48	10	0.805
49	10	0.83991
50	10	0.85626
52	10	0.74172
56	10	0.78519
57	10	0.83561
58	10	0.76177
63	10	0.72233
67	10	0.75857
73	10	0.95755
74	10	0.9039
77	10	0.78043
85	10	0.87836
90	10	0.73127
91	10	0.75902
93	10	0.83199
95	10	0.81755
96	10	0.81432
97	10	0.89466
101	10	0.77777
103	10	0.79045
105	10	0.7427
107	10	0.85751
127	10	0.78069
128	10	0.78962
135	10	0.73033
139	10	0.72422
141	10	0.7355
143	10	0.89283
144	10	0.77223
2	11	0.86234
3	11	0.89185
4	11	0.85752
8	11	0.87665
10	11	0.87534
13	11	0.83986
14	11	0.93299
16	11	0.70002
17	11	0.73185
22	11	0.8022
28	11	0.82961
30	11	0.86969
32	11	0.86583
34	11	0.63433
36	11	0.86599
38	11	0.85144
41	11	0.85941
45	11	0.93213
48	11	0.94421
49	11	0.89329
50	11	0.71339
55	11	0.83834
57	11	0.72392
58	11	0.88575
60	11	0.82133
61	11	0.84455
63	11	0.89825
66	11	0.82472
67	11	0.8597
72	11	0.87227
73	11	0.89685
74	11	0.88704
77	11	0.82816
83	11	0.83397
85	11	0.82061
87	11	0.84311
89	11	0.81948
90	11	0.8802
91	11	0.92591
92	11	0.89753
94	11	0.88562
95	11	0.91315
96	11	0.87707
97	11	0.90891
101	11	0.86676
105	11	0.83279
107	11	0.87064
110	11	0.83104
111	11	0.85936
114	11	0.83538
124	11	0.8521
127	11	0.88289
128	11	0.8197
135	11	0.92487
139	11	0.88411
141	11	0.91907
142	11	0.87671
143	11	0.81013
145	11	0.81726
150	11	0.85959
5	12	0.95254
7	12	0.95106
8	12	0.85352
17	12	0.93458
18	12	0.8637
19	12	0.89524
20	12	0.9388
21	12	0.85166
24	12	0.8784
25	12	0.93691
26	12	0.7993
30	12	0.86663
35	12	0.84067
37	12	0.84026
40	12	0.85242
44	12	0.86696
45	12	0.9151
46	12	0.90317
52	12	0.91945
53	12	0.94036
55	12	0.88305
60	12	0.901
62	12	0.90429
63	12	0.84437
76	12	0.9673
78	12	0.86602
79	12	0.94075
80	12	0.9836
81	12	0.95596
84	12	0.94804
87	12	0.9757
96	12	0.87598
98	12	0.91595
99	12	0.87898
100	12	0.98262
101	12	0.8998
102	12	0.89129
103	12	0.87588
106	12	0.84716
108	12	0.8623
110	12	0.9534
111	12	0.87075
113	12	0.87246
114	12	0.93006
116	12	0.94806
126	12	0.92578
132	12	0.8859
135	12	0.91316
138	12	0.95888
141	12	0.91511
144	12	0.8991
146	12	0.9048
148	12	0.92316
2	13	0.93015
4	13	0.9016
6	13	0.8777
9	13	0.85257
11	13	0.83986
14	13	0.90766
15	13	0.87145
16	13	0.75146
18	13	0.91818
20	13	0.88376
22	13	0.87953
24	13	0.89645
28	13	0.89553
29	13	0.80643
30	13	0.91187
32	13	0.97627
33	13	0.96007
34	13	0.63444
36	13	0.85127
37	13	0.86858
38	13	0.95213
39	13	0.80382
41	13	0.95622
42	13	0.96706
45	13	0.88161
47	13	0.91557
48	13	0.95596
49	13	0.87378
50	13	0.80501
51	13	0.93293
54	13	0.78666
55	13	0.89212
56	13	0.90146
57	13	0.78871
58	13	0.92158
59	13	0.88336
61	13	0.87363
63	13	0.97147
66	13	0.89185
67	13	0.89829
72	13	0.91196
73	13	0.83517
77	13	0.87235
83	13	0.89099
85	13	0.88826
89	13	0.7941
90	13	0.88122
91	13	0.91902
92	13	0.92645
93	13	0.86897
94	13	0.91165
95	13	0.96789
96	13	0.87473
97	13	0.8894
104	13	0.86347
105	13	0.9328
107	13	0.90272
108	13	0.89706
109	13	0.87015
111	13	0.93172
117	13	0.8942
119	13	0.84346
120	13	0.97224
124	13	0.95331
127	13	0.91292
128	13	0.85985
139	13	0.9311
142	13	0.91293
143	13	0.79707
145	13	0.93859
147	13	0.82564
150	13	0.97134
2	14	0.91535
3	14	0.90685
4	14	0.96182
8	14	0.8979
9	14	0.93287
10	14	0.84269
11	14	0.93299
13	14	0.90766
15	14	0.86535
16	14	0.80833
20	14	0.8784
21	14	0.90264
22	14	0.83215
28	14	0.95755
29	14	0.84687
30	14	0.85691
32	14	0.92528
33	14	0.90532
34	14	0.70821
36	14	0.93375
38	14	0.91325
41	14	0.91858
42	14	0.91246
45	14	0.94593
47	14	0.88172
48	14	0.96801
49	14	0.88759
50	14	0.78497
55	14	0.86932
56	14	0.91901
57	14	0.83723
58	14	0.91788
63	14	0.92701
67	14	0.82589
72	14	0.86792
73	14	0.92519
74	14	0.94562
77	14	0.89012
85	14	0.90617
87	14	0.85737
90	14	0.86085
91	14	0.90846
92	14	0.89613
93	14	0.90105
94	14	0.85343
95	14	0.94843
96	14	0.96142
97	14	0.97585
101	14	0.92299
105	14	0.88629
107	14	0.89025
111	14	0.92573
124	14	0.88835
127	14	0.88574
128	14	0.83663
135	14	0.88352
139	14	0.87137
141	14	0.88133
143	14	0.89743
144	14	0.82268
150	14	0.90478
2	15	0.87157
3	15	0.82583
4	15	0.8599
5	15	0.88002
7	15	0.84643
8	15	0.85045
9	15	0.89694
13	15	0.87145
14	15	0.86535
19	15	0.94644
20	15	0.92042
21	15	0.95893
24	15	0.88936
28	15	0.86742
29	15	0.9249
33	15	0.9105
35	15	0.89844
37	15	0.86213
38	15	0.89851
40	15	0.9418
42	15	0.9407
45	15	0.86949
46	15	0.89215
48	15	0.87156
50	15	0.7422
51	15	0.81581
53	15	0.84117
55	15	0.93082
56	15	0.93839
57	15	0.78665
58	15	0.90566
60	15	0.93472
62	15	0.8829
63	15	0.87688
64	15	0.78911
67	15	0.80421
73	15	0.82551
74	15	0.83581
77	15	0.98611
78	15	0.89678
79	15	0.87687
82	15	0.86693
85	15	0.91044
87	15	0.8371
91	15	0.84024
92	15	0.882
93	15	0.88459
95	15	0.87242
96	15	0.88347
97	15	0.85289
98	15	0.85933
99	15	0.87402
104	15	0.80489
105	15	0.88826
108	15	0.84956
110	15	0.88745
120	15	0.87111
144	15	0.84678
150	15	0.86356
2	16	0.77874
3	16	0.81696
4	16	0.81616
8	16	0.71171
9	16	0.87864
10	16	0.83813
11	16	0.70002
13	16	0.75146
14	16	0.80833
21	16	0.72313
22	16	0.80984
28	16	0.76365
29	16	0.76499
32	16	0.75557
33	16	0.86014
34	16	0.95532
36	16	0.80545
38	16	0.85392
41	16	0.79423
42	16	0.71618
47	16	0.80984
48	16	0.72713
49	16	0.83713
50	16	0.89904
56	16	0.824
57	16	0.95566
58	16	0.75696
67	16	0.75254
73	16	0.88287
74	16	0.83865
77	16	0.71187
85	16	0.88776
90	16	0.75172
91	16	0.72609
93	16	0.8138
95	16	0.83429
96	16	0.75243
97	16	0.89024
101	16	0.69897
104	16	0.78273
105	16	0.79123
107	16	0.86988
120	16	0.73245
124	16	0.80567
127	16	0.83893
128	16	0.87678
139	16	0.71988
143	16	0.9511
145	16	0.71514
150	16	0.68914
5	17	0.856
7	17	0.85936
8	17	0.81065
11	17	0.73185
12	17	0.93458
18	17	0.75822
19	17	0.75191
20	17	0.80555
21	17	0.73047
25	17	0.80221
26	17	0.83576
30	17	0.7483
36	17	0.77964
45	17	0.82534
46	17	0.76735
52	17	0.88358
53	17	0.83509
60	17	0.76338
62	17	0.77918
72	17	0.74328
74	17	0.75592
75	17	0.76706
76	17	0.87641
78	17	0.74085
79	17	0.8259
80	17	0.90571
81	17	0.88456
84	17	0.8926
87	17	0.90622
96	17	0.80754
98	17	0.76522
99	17	0.74133
100	17	0.91179
101	17	0.86819
102	17	0.78651
103	17	0.8777
108	17	0.73268
110	17	0.82968
111	17	0.78984
113	17	0.75194
114	17	0.87473
116	17	0.86786
126	17	0.78054
132	17	0.89611
135	17	0.86824
138	17	0.95347
141	17	0.88968
144	17	0.85942
146	17	0.80949
148	17	0.82266
2	18	0.91188
5	18	0.89691
6	18	0.91656
7	18	0.96815
12	18	0.8637
13	18	0.91818
17	18	0.75822
19	18	0.87066
20	18	0.94437
23	18	0.80146
24	18	0.91356
25	18	0.92796
26	18	0.87428
27	18	0.92642
28	18	0.85849
30	18	0.94289
31	18	0.92234
32	18	0.92801
35	18	0.77978
36	18	0.83566
37	18	0.88538
39	18	0.85054
40	18	0.81753
41	18	0.89796
42	18	0.9415
43	18	0.76376
44	18	0.9437
45	18	0.89419
46	18	0.87232
47	18	0.85256
48	18	0.89069
51	18	0.85352
52	18	0.84338
53	18	0.84619
54	18	0.82164
55	18	0.89087
60	18	0.8987
61	18	0.90748
62	18	0.96624
63	18	0.94738
64	18	0.8115
66	18	0.91801
68	18	0.89902
69	18	0.88781
70	18	0.57574
71	18	0.85759
72	18	0.94345
75	18	0.92336
76	18	0.84759
78	18	0.93558
79	18	0.93254
80	18	0.86873
81	18	0.88262
82	18	0.92599
83	18	0.87647
84	18	0.9569
86	18	0.76577
87	18	0.85775
88	18	0.7853
94	18	0.83416
98	18	0.91695
99	18	0.95784
100	18	0.85362
101	18	0.91009
102	18	0.91325
103	18	0.79862
104	18	0.80585
106	18	0.90593
108	18	0.97856
109	18	0.90819
110	18	0.92881
111	18	0.95251
112	18	0.78021
113	18	0.91607
114	18	0.92754
115	18	0.91171
116	18	0.9026
117	18	0.88526
118	18	0.81698
120	18	0.89527
122	18	0.83659
123	18	0.9263
126	18	0.86458
129	18	0.5819
132	18	0.82584
133	18	0.75546
134	18	0.96227
135	18	0.90592
136	18	0.82841
137	18	0.75771
138	18	0.84186
139	18	0.83231
140	18	0.73767
141	18	0.86065
142	18	0.8929
145	18	0.838
146	18	0.92686
147	18	0.88678
148	18	0.92974
149	18	0.50426
150	18	0.94933
4	19	0.85491
5	19	0.97036
7	19	0.93247
8	19	0.88248
9	19	0.83782
12	19	0.89524
15	19	0.94644
17	19	0.75191
18	19	0.87066
20	19	0.95854
21	19	0.95212
23	19	0.79185
24	19	0.90606
25	19	0.87104
27	19	0.81911
28	19	0.87929
29	19	0.8834
31	19	0.86047
35	19	0.95006
37	19	0.85925
40	19	0.9606
42	19	0.91909
45	19	0.89153
46	19	0.96268
52	19	0.87975
53	19	0.93623
55	19	0.91259
56	19	0.89845
60	19	0.9634
62	19	0.94674
63	19	0.86724
64	19	0.81477
74	19	0.83114
76	19	0.87569
77	19	0.92809
78	19	0.95863
79	19	0.95431
80	19	0.91309
81	19	0.88127
82	19	0.91736
84	19	0.89022
87	19	0.924
88	19	0.80226
93	19	0.85511
96	19	0.91129
98	19	0.90803
99	19	0.90105
100	19	0.90929
101	19	0.88666
103	19	0.83633
105	19	0.82392
108	19	0.89778
110	19	0.94576
111	19	0.85757
116	19	0.85903
121	19	0.64528
134	19	0.88962
135	19	0.86903
138	19	0.85276
141	19	0.88349
144	19	0.91836
147	19	0.84218
148	19	0.87669
2	20	0.9006
3	20	0.80345
4	20	0.87423
5	20	0.97288
7	20	0.97633
8	20	0.86413
9	20	0.85202
12	20	0.9388
13	20	0.88376
14	20	0.8784
15	20	0.92042
17	20	0.80555
18	20	0.94437
19	20	0.95854
21	20	0.95281
24	20	0.96107
25	20	0.95696
26	20	0.79589
27	20	0.84782
28	20	0.9234
29	20	0.85921
30	20	0.93367
31	20	0.85458
32	20	0.88568
33	20	0.85874
35	20	0.88387
36	20	0.87127
37	20	0.92171
40	20	0.92752
42	20	0.95981
44	20	0.8971
45	20	0.95423
46	20	0.95025
47	20	0.83116
48	20	0.91001
51	20	0.83568
52	20	0.92801
53	20	0.91684
55	20	0.96035
56	20	0.90798
60	20	0.95739
62	20	0.96804
63	20	0.93599
66	20	0.90855
72	20	0.88156
74	20	0.85058
75	20	0.8568
76	20	0.92693
77	20	0.89826
78	20	0.93874
79	20	0.96559
80	20	0.94242
81	20	0.92066
82	20	0.90315
84	20	0.95548
87	20	0.95298
88	20	0.77877
92	20	0.87949
93	20	0.88682
96	20	0.94063
98	20	0.94619
99	20	0.94483
100	20	0.92732
101	20	0.93761
102	20	0.87992
103	20	0.85992
106	20	0.89182
108	20	0.94075
110	20	0.97372
111	20	0.94549
113	20	0.87031
114	20	0.92814
116	20	0.94531
126	20	0.90701
134	20	0.90428
135	20	0.9183
138	20	0.88346
141	20	0.89838
142	20	0.85865
144	20	0.88431
146	20	0.90293
147	20	0.83847
148	20	0.91313
150	20	0.91118
2	21	0.91413
3	21	0.87842
4	21	0.89737
5	21	0.93988
7	21	0.8974
8	21	0.91723
9	21	0.94564
10	21	0.79878
12	21	0.85166
14	21	0.90264
15	21	0.95893
16	21	0.72313
17	21	0.73047
19	21	0.95212
20	21	0.95281
22	21	0.82825
24	21	0.91058
28	21	0.93755
29	21	0.95038
33	21	0.91516
34	21	0.56663
35	21	0.86899
36	21	0.89383
37	21	0.90238
38	21	0.89772
40	21	0.92023
42	21	0.95568
45	21	0.914
46	21	0.93674
47	21	0.82798
48	21	0.89674
50	21	0.77577
52	21	0.90554
53	21	0.86154
55	21	0.90809
56	21	0.96281
57	21	0.78124
58	21	0.86988
60	21	0.93407
62	21	0.90005
63	21	0.88806
73	21	0.90045
74	21	0.92347
76	21	0.83892
77	21	0.94959
78	21	0.90589
79	21	0.90298
80	21	0.87074
85	21	0.90605
87	21	0.91346
93	21	0.95717
95	21	0.86881
96	21	0.95718
97	21	0.89398
99	21	0.86964
101	21	0.92664
103	21	0.88763
104	21	0.79828
105	21	0.8636
107	21	0.878
110	21	0.90991
111	21	0.89185
141	21	0.86179
143	21	0.83183
144	21	0.92619
150	21	0.8709
2	22	0.85509
3	22	0.89342
4	22	0.83134
9	22	0.85127
10	22	0.85287
11	22	0.8022
13	22	0.87953
14	22	0.83215
16	22	0.80984
21	22	0.82825
24	22	0.8154
28	22	0.8184
29	22	0.82793
30	22	0.80963
32	22	0.88633
33	22	0.9098
34	22	0.70497
36	22	0.88577
37	22	0.90268
38	22	0.87033
41	22	0.88703
42	22	0.86043
45	22	0.8162
47	22	0.89357
48	22	0.85328
49	22	0.87653
50	22	0.93248
51	22	0.93219
56	22	0.87077
57	22	0.81994
63	22	0.85742
73	22	0.90961
74	22	0.84139
85	22	0.90328
93	22	0.883
94	22	0.79888
95	22	0.87078
96	22	0.83959
97	22	0.88172
101	22	0.83434
103	22	0.80331
107	22	0.86601
111	22	0.86257
120	22	0.84709
124	22	0.84091
127	22	0.81051
128	22	0.85342
139	22	0.83275
143	22	0.85325
145	22	0.79913
150	22	0.83654
6	23	0.82189
18	23	0.80146
19	23	0.79185
27	23	0.84274
31	23	0.95013
39	23	0.86397
42	23	0.76974
54	23	0.88783
58	23	0.77191
59	23	0.84904
60	23	0.83593
61	23	0.83484
62	23	0.85345
64	23	0.98604
65	23	0.84451
67	23	0.76852
68	23	0.82012
69	23	0.87692
70	23	0.90957
75	23	0.83442
78	23	0.88687
79	23	0.82018
82	23	0.93623
86	23	0.89299
88	23	0.88497
89	23	0.80315
91	23	0.77075
98	23	0.77789
99	23	0.86261
102	23	0.8478
104	23	0.84854
105	23	0.78539
106	23	0.85742
108	23	0.86798
113	23	0.80282
117	23	0.78494
118	23	0.95287
119	23	0.86858
120	23	0.83041
121	23	0.96224
122	23	0.89441
123	23	0.91214
125	23	0.89931
129	23	0.8814
130	23	0.84612
131	23	0.80883
133	23	0.8419
134	23	0.87635
147	23	0.78828
150	23	0.77115
4	24	0.89231
5	24	0.92706
7	24	0.92787
9	24	0.81803
12	24	0.8784
13	24	0.89645
15	24	0.88936
18	24	0.91356
19	24	0.90606
20	24	0.96107
21	24	0.91058
22	24	0.8154
25	24	0.91781
26	24	0.76501
28	24	0.91712
29	24	0.86532
30	24	0.87632
32	24	0.87087
33	24	0.87111
35	24	0.86255
37	24	0.94797
40	24	0.91554
42	24	0.94931
44	24	0.89779
45	24	0.88769
46	24	0.93425
47	24	0.89177
48	24	0.8703
50	24	0.72965
51	24	0.88309
53	24	0.84852
55	24	0.93312
56	24	0.90654
60	24	0.8898
62	24	0.90502
63	24	0.92539
77	24	0.87163
78	24	0.89878
79	24	0.90239
80	24	0.88141
84	24	0.88562
85	24	0.81741
87	24	0.88709
93	24	0.90608
96	24	0.90397
98	24	0.92426
99	24	0.88025
100	24	0.85772
101	24	0.89394
103	24	0.81553
108	24	0.88716
110	24	0.93212
111	24	0.92714
115	24	0.8562
116	24	0.87475
126	24	0.85093
134	24	0.86749
144	24	0.80805
146	24	0.90602
148	24	0.86303
150	24	0.86916
5	25	0.91844
6	25	0.87147
7	25	0.9477
12	25	0.93691
17	25	0.80221
18	25	0.92796
19	25	0.87104
20	25	0.95696
24	25	0.91781
26	25	0.78462
27	25	0.87235
30	25	0.92423
35	25	0.82922
37	25	0.87303
40	25	0.87189
42	25	0.87208
44	25	0.95027
45	25	0.89626
46	25	0.88246
52	25	0.8895
53	25	0.89992
55	25	0.92505
60	25	0.89276
62	25	0.93958
63	25	0.88023
66	25	0.92373
68	25	0.8834
69	25	0.88917
71	25	0.83833
76	25	0.94738
78	25	0.8714
79	25	0.94144
80	25	0.9351
81	25	0.95471
84	25	0.94125
87	25	0.90708
98	25	0.94929
99	25	0.93723
100	25	0.93528
102	25	0.91619
106	25	0.91993
108	25	0.91662
109	25	0.86752
110	25	0.94683
111	25	0.88964
112	25	0.75744
113	25	0.9294
114	25	0.9301
115	25	0.89988
116	25	0.958
123	25	0.87751
126	25	0.96684
132	25	0.86005
134	25	0.8665
135	25	0.8767
136	25	0.81739
137	25	0.77463
138	25	0.87556
140	25	0.78458
146	25	0.91997
148	25	0.94969
149	25	0.49685
2	26	0.79957
4	26	0.75156
5	26	0.79924
7	26	0.87411
12	26	0.7993
17	26	0.83576
18	26	0.87428
20	26	0.79589
24	26	0.76501
25	26	0.78462
27	26	0.79509
28	26	0.80592
30	26	0.77596
32	26	0.81991
36	26	0.83897
41	26	0.8202
42	26	0.76026
44	26	0.79568
45	26	0.77957
47	26	0.80667
52	26	0.76284
62	26	0.79258
63	26	0.78347
72	26	0.8493
75	26	0.78526
78	26	0.75235
79	26	0.75254
80	26	0.74732
81	26	0.79209
84	26	0.91219
87	26	0.76587
96	26	0.80739
100	26	0.76956
101	26	0.89125
102	26	0.749
103	26	0.75711
108	26	0.79798
110	26	0.7527
111	26	0.89347
114	26	0.87345
116	26	0.76578
132	26	0.79161
134	26	0.82845
135	26	0.80175
138	26	0.80393
141	26	0.77526
146	26	0.82568
147	26	0.78133
148	26	0.81843
150	26	0.78634
5	27	0.82262
6	27	0.89017
7	27	0.90693
18	27	0.92642
19	27	0.81911
20	27	0.84782
23	27	0.84274
25	27	0.87235
26	27	0.79509
30	27	0.83063
31	27	0.9593
39	27	0.86273
43	27	0.71689
44	27	0.9183
54	27	0.83027
60	27	0.82763
61	27	0.85599
62	27	0.93342
64	27	0.86391
65	27	0.57306
66	27	0.82502
68	27	0.86523
69	27	0.90364
70	27	0.69961
71	27	0.85182
72	27	0.85291
75	27	0.84979
78	27	0.90097
79	27	0.88736
81	27	0.87598
82	27	0.93309
84	27	0.89547
86	27	0.78514
98	27	0.86584
99	27	0.90336
100	27	0.83197
102	27	0.94152
106	27	0.89107
108	27	0.94613
110	27	0.84525
111	27	0.81818
113	27	0.94806
114	27	0.86322
115	27	0.88995
118	27	0.86679
121	27	0.7101
122	27	0.82576
123	27	0.94455
125	27	0.77989
126	27	0.8286
129	27	0.6678
132	27	0.84258
133	27	0.82185
134	27	0.9684
136	27	0.81271
137	27	0.7652
146	27	0.88279
147	27	0.89382
148	27	0.9528
149	27	0.5643
150	27	0.83536
2	28	0.91434
3	28	0.84873
4	28	0.94728
5	28	0.89922
7	28	0.89619
8	28	0.87829
9	28	0.93472
10	28	0.76685
11	28	0.82961
13	28	0.89553
14	28	0.95755
15	28	0.86742
16	28	0.76365
18	28	0.85849
19	28	0.87929
20	28	0.9234
21	28	0.93755
22	28	0.8184
24	28	0.91712
26	28	0.80592
29	28	0.86279
30	28	0.85393
32	28	0.91424
33	28	0.9074
34	28	0.64054
36	28	0.93875
37	28	0.85631
38	28	0.88257
40	28	0.81301
41	28	0.90792
42	28	0.94298
45	28	0.92528
46	28	0.8884
47	28	0.90748
48	28	0.92793
49	28	0.81983
50	28	0.75456
52	28	0.84172
55	28	0.86642
56	28	0.93496
57	28	0.7759
58	28	0.85175
63	28	0.90606
73	28	0.89045
74	28	0.92517
77	28	0.86116
84	28	0.87991
85	28	0.8662
87	28	0.88553
93	28	0.95189
95	28	0.88533
96	28	0.97349
97	28	0.92903
101	28	0.95372
103	28	0.81129
105	28	0.83721
107	28	0.8525
110	28	0.85835
111	28	0.94853
114	28	0.85488
124	28	0.81522
128	28	0.76865
141	28	0.84276
143	28	0.88334
144	28	0.83909
150	28	0.89168
2	29	0.8039
3	29	0.91021
4	29	0.8898
5	29	0.86372
8	29	0.86011
9	29	0.92132
10	29	0.79983
13	29	0.80643
14	29	0.84687
15	29	0.9249
16	29	0.76499
19	29	0.8834
20	29	0.85921
21	29	0.95038
22	29	0.82793
24	29	0.86532
28	29	0.86279
33	29	0.88215
34	29	0.57026
35	29	0.86046
36	29	0.82605
37	29	0.9105
38	29	0.83494
40	29	0.90315
42	29	0.88113
45	29	0.80498
46	29	0.8712
47	29	0.82091
48	29	0.80473
50	29	0.86272
55	29	0.81963
56	29	0.95827
57	29	0.86358
60	29	0.84918
63	29	0.81253
73	29	0.87289
74	29	0.88095
77	29	0.93232
78	29	0.83475
79	29	0.80594
85	29	0.92987
87	29	0.81958
93	29	0.94807
95	29	0.819
96	29	0.90312
97	29	0.8557
101	29	0.84478
103	29	0.87301
105	29	0.84744
107	29	0.82115
110	29	0.83392
143	29	0.82397
144	29	0.90017
2	30	0.90435
6	30	0.92455
7	30	0.92816
11	30	0.86969
12	30	0.86663
13	30	0.91187
14	30	0.85691
17	30	0.7483
18	30	0.94289
20	30	0.93367
22	30	0.80963
24	30	0.87632
25	30	0.92423
26	30	0.77596
27	30	0.83063
28	30	0.85393
31	30	0.83758
32	30	0.92457
36	30	0.83304
39	30	0.83116
41	30	0.89955
42	30	0.92387
43	30	0.7994
44	30	0.90948
45	30	0.95123
48	30	0.94747
49	30	0.81085
51	30	0.86589
52	30	0.87514
54	30	0.79745
55	30	0.9463
58	30	0.86818
59	30	0.82541
60	30	0.90519
61	30	0.95294
62	30	0.92257
63	30	0.95163
66	30	0.97996
67	30	0.79636
68	30	0.94506
71	30	0.9097
72	30	0.95377
75	30	0.92205
76	30	0.89049
79	30	0.90251
80	30	0.86641
81	30	0.85552
82	30	0.88798
83	30	0.89809
84	30	0.9255
86	30	0.75433
87	30	0.88678
89	30	0.79546
90	30	0.80355
91	30	0.87251
92	30	0.93355
94	30	0.95072
95	30	0.87166
98	30	0.89459
99	30	0.94639
101	30	0.88047
102	30	0.86376
106	30	0.91722
108	30	0.95086
109	30	0.95298
110	30	0.92349
111	30	0.93187
112	30	0.85718
113	30	0.89238
114	30	0.95068
115	30	0.88094
116	30	0.9422
117	30	0.90899
119	30	0.82482
120	30	0.87861
122	30	0.81842
123	30	0.90151
124	30	0.81799
126	30	0.9183
130	30	0.83345
131	30	0.85244
132	30	0.807
134	30	0.86462
135	30	0.93189
136	30	0.86485
137	30	0.75075
138	30	0.85318
139	30	0.89139
140	30	0.78523
141	30	0.88383
142	30	0.97792
145	30	0.84693
146	30	0.87021
147	30	0.81964
148	30	0.85983
149	30	0.55453
150	30	0.95066
6	31	0.88957
7	31	0.89157
18	31	0.92234
19	31	0.86047
20	31	0.85458
23	31	0.95013
27	31	0.9593
30	31	0.83758
35	31	0.78915
39	31	0.88714
42	31	0.85185
43	31	0.73289
44	31	0.86951
53	31	0.8397
54	31	0.88348
59	31	0.8158
60	31	0.89048
61	31	0.88375
62	31	0.95131
64	31	0.94458
65	31	0.70354
68	31	0.87933
69	31	0.9329
70	31	0.8104
71	31	0.83843
75	31	0.90127
78	31	0.94763
79	31	0.91217
81	31	0.83715
82	31	0.97569
84	31	0.86363
86	31	0.87584
88	31	0.86863
98	31	0.87685
99	31	0.93789
102	31	0.94196
104	31	0.827
106	31	0.92235
108	31	0.96064
109	31	0.83969
110	31	0.85793
113	31	0.91919
115	31	0.86243
117	31	0.83357
118	31	0.92829
119	31	0.83834
120	31	0.84446
121	31	0.84978
122	31	0.89347
123	31	0.96803
125	31	0.8556
129	31	0.78454
130	31	0.82959
132	31	0.79552
133	31	0.86692
134	31	0.9718
137	31	0.77824
147	31	0.86821
148	31	0.90522
149	31	0.48059
150	31	0.85587
2	32	0.95859
4	32	0.90482
7	32	0.88456
9	32	0.86232
10	32	0.72676
11	32	0.86583
13	32	0.97627
14	32	0.92528
16	32	0.75557
18	32	0.92801
20	32	0.88568
22	32	0.88633
24	32	0.87087
26	32	0.81991
28	32	0.91424
30	32	0.92457
33	32	0.93079
34	32	0.6663
36	32	0.91846
37	32	0.85388
38	32	0.93381
41	32	0.99101
42	32	0.94685
45	32	0.91368
47	32	0.92918
48	32	0.96199
49	32	0.9232
50	32	0.76573
51	32	0.89749
56	32	0.88812
57	32	0.74816
58	32	0.90642
59	32	0.83774
63	32	0.96309
66	32	0.88347
67	32	0.84382
72	32	0.9553
73	32	0.85726
74	32	0.85596
75	32	0.85696
83	32	0.86499
84	32	0.87392
85	32	0.84953
89	32	0.78996
90	32	0.87419
91	32	0.90513
92	32	0.89959
93	32	0.8524
94	32	0.90321
95	32	0.95265
96	32	0.90356
97	32	0.91404
101	32	0.91148
104	32	0.8498
105	32	0.8743
107	32	0.90476
108	32	0.89689
111	32	0.96985
114	32	0.87339
117	32	0.88197
120	32	0.93801
124	32	0.94657
127	32	0.89736
128	32	0.89269
134	32	0.85613
135	32	0.88268
139	32	0.95526
142	32	0.91407
143	32	0.83211
145	32	0.92619
147	32	0.82978
150	32	0.98367
2	33	0.93472
3	33	0.85437
4	33	0.90131
9	33	0.93102
10	33	0.79655
13	33	0.96007
14	33	0.90532
15	33	0.9105
16	33	0.86014
20	33	0.85874
21	33	0.91516
22	33	0.9098
24	33	0.87111
28	33	0.9074
29	33	0.88215
32	33	0.93079
34	33	0.74651
36	33	0.87162
37	33	0.86519
38	33	0.9808
41	33	0.9297
42	33	0.95959
47	33	0.90648
48	33	0.91597
49	33	0.85468
50	33	0.88945
51	33	0.89798
55	33	0.86207
56	33	0.94894
57	33	0.88934
58	33	0.91971
63	33	0.90861
67	33	0.87936
73	33	0.90579
74	33	0.86719
77	33	0.91036
85	33	0.96207
90	33	0.85181
91	33	0.87665
92	33	0.86251
93	33	0.93153
94	33	0.84305
95	33	0.95692
96	33	0.88479
97	33	0.93074
104	33	0.88143
105	33	0.9271
107	33	0.93631
111	33	0.88454
120	33	0.94314
124	33	0.89953
127	33	0.88949
128	33	0.85393
139	33	0.85987
143	33	0.87852
145	33	0.87413
150	33	0.92011
2	34	0.69669
3	34	0.68279
4	34	0.66267
8	34	0.58954
9	34	0.77163
10	34	0.78952
11	34	0.63433
13	34	0.63444
14	34	0.70821
16	34	0.95532
21	34	0.56663
22	34	0.70497
28	34	0.64054
29	34	0.57026
32	34	0.6663
33	34	0.74651
36	34	0.71622
38	34	0.77264
41	34	0.72868
42	34	0.57068
47	34	0.6648
48	34	0.635
49	34	0.82947
50	34	0.77841
56	34	0.66084
57	34	0.85073
58	34	0.67672
67	34	0.68262
73	34	0.79907
74	34	0.74218
85	34	0.76492
90	34	0.70926
91	34	0.65596
93	34	0.66283
95	34	0.74441
96	34	0.61146
97	34	0.80583
101	34	0.5672
104	34	0.69034
105	34	0.66506
107	34	0.79722
111	34	0.55704
120	34	0.62029
124	34	0.7424
127	34	0.79038
128	34	0.87999
139	34	0.69477
143	34	0.88099
145	34	0.66319
150	34	0.59397
4	35	0.77388
5	35	0.92176
7	35	0.85168
8	35	0.77756
12	35	0.84067
15	35	0.89844
18	35	0.77978
19	35	0.95006
20	35	0.88387
21	35	0.86899
24	35	0.86255
25	35	0.82922
29	35	0.86046
31	35	0.78915
37	35	0.82812
40	35	0.98086
42	35	0.81769
46	35	0.92342
52	35	0.77283
53	35	0.92952
55	35	0.83792
56	35	0.8362
60	35	0.88835
62	35	0.86977
69	35	0.8038
76	35	0.81361
77	35	0.87239
78	35	0.90688
79	35	0.89882
80	35	0.86805
81	35	0.84194
82	35	0.84404
84	35	0.78806
87	35	0.83874
88	35	0.77354
96	35	0.8036
98	35	0.87944
99	35	0.83155
100	35	0.88227
102	35	0.81894
106	35	0.79519
108	35	0.7941
110	35	0.89571
116	35	0.7757
123	35	0.77596
126	35	0.78558
134	35	0.80705
144	35	0.87152
146	35	0.79591
148	35	0.84456
2	36	0.93337
3	36	0.88488
4	36	0.91478
5	36	0.83826
7	36	0.85738
8	36	0.88912
9	36	0.93021
10	36	0.84398
11	36	0.86599
13	36	0.85127
14	36	0.93375
16	36	0.80545
17	36	0.77964
18	36	0.83566
20	36	0.87127
21	36	0.89383
22	36	0.88577
26	36	0.83897
28	36	0.93875
29	36	0.82605
30	36	0.83304
32	36	0.91846
33	36	0.87162
34	36	0.71622
37	36	0.85504
38	36	0.86737
41	36	0.92594
42	36	0.88255
45	36	0.91871
47	36	0.90259
48	36	0.90338
49	36	0.89573
50	36	0.78194
52	36	0.8851
56	36	0.90921
57	36	0.76929
63	36	0.87186
72	36	0.85651
73	36	0.93847
74	36	0.96947
84	36	0.86828
85	36	0.84863
87	36	0.8471
93	36	0.90291
95	36	0.87184
96	36	0.96506
97	36	0.9487
101	36	0.96433
103	36	0.85382
107	36	0.88809
111	36	0.94506
114	36	0.84871
124	36	0.81258
128	36	0.8302
135	36	0.87975
139	36	0.83076
141	36	0.85926
143	36	0.92625
144	36	0.8329
150	36	0.88082
3	37	0.8655
4	37	0.87746
5	37	0.89057
7	37	0.88033
9	37	0.82795
12	37	0.84026
13	37	0.86858
15	37	0.86213
18	37	0.88538
19	37	0.85925
20	37	0.92171
21	37	0.90238
22	37	0.90268
24	37	0.94797
25	37	0.87303
28	37	0.85631
29	37	0.9105
32	37	0.85388
33	37	0.86519
35	37	0.82812
36	37	0.85504
40	37	0.88277
42	37	0.91272
45	37	0.85819
46	37	0.86841
47	37	0.90051
48	37	0.8374
50	37	0.82386
51	37	0.92083
52	37	0.83487
53	37	0.84401
55	37	0.88075
56	37	0.91843
57	37	0.72647
60	37	0.87693
62	37	0.86682
63	37	0.89632
73	37	0.8226
77	37	0.85787
78	37	0.88417
79	37	0.88384
80	37	0.87822
84	37	0.84116
85	37	0.85003
87	37	0.8559
93	37	0.90489
96	37	0.89817
98	37	0.92035
99	37	0.86452
101	37	0.89179
103	37	0.8936
110	37	0.90769
111	37	0.9025
116	37	0.88504
144	37	0.83472
146	37	0.88508
150	37	0.83882
2	38	0.96026
3	38	0.83618
4	38	0.87991
9	38	0.91938
10	38	0.81273
11	38	0.85144
13	38	0.95213
14	38	0.91325
15	38	0.89851
16	38	0.85392
21	38	0.89772
22	38	0.87033
28	38	0.88257
29	38	0.83494
32	38	0.93381
33	38	0.9808
34	38	0.77264
36	38	0.86737
41	38	0.93851
42	38	0.94235
45	38	0.86044
47	38	0.85546
48	38	0.93466
49	38	0.88735
50	38	0.8343
51	38	0.8538
56	38	0.9173
57	38	0.86485
58	38	0.96632
59	38	0.85432
63	38	0.90799
67	38	0.93086
73	38	0.90933
74	38	0.87732
77	38	0.9075
85	38	0.94008
89	38	0.81705
90	38	0.9285
91	38	0.93885
92	38	0.89031
93	38	0.88105
94	38	0.87655
95	38	0.97858
96	38	0.87278
97	38	0.93775
104	38	0.92288
105	38	0.94633
107	38	0.97177
111	38	0.871
120	38	0.95755
124	38	0.91596
127	38	0.92808
128	38	0.87873
139	38	0.89754
143	38	0.87331
145	38	0.91536
150	38	0.9399
6	39	0.93066
13	39	0.80382
18	39	0.85054
23	39	0.86397
27	39	0.86273
30	39	0.83116
31	39	0.88714
43	39	0.8788
44	39	0.82979
54	39	0.98186
59	39	0.93573
61	39	0.92544
64	39	0.8713
65	39	0.68459
66	39	0.84554
68	39	0.91325
69	39	0.84795
70	39	0.77491
71	39	0.91831
72	39	0.84911
75	39	0.86607
82	39	0.87241
83	39	0.86085
86	39	0.88406
89	39	0.8785
94	39	0.80748
99	39	0.84931
102	39	0.82082
106	39	0.86075
108	39	0.88689
109	39	0.91003
112	39	0.84796
113	39	0.85953
115	39	0.87578
117	39	0.95565
118	39	0.94472
119	39	0.93502
120	39	0.85471
121	39	0.7905
122	39	0.95377
123	39	0.92037
125	39	0.96199
129	39	0.80716
130	39	0.87359
133	39	0.85834
134	39	0.84884
136	39	0.8897
137	39	0.81063
139	39	0.805
140	39	0.74512
142	39	0.86131
145	39	0.88006
147	39	0.80741
149	39	0.71203
150	39	0.84452
5	40	0.93782
7	40	0.86913
12	40	0.85242
15	40	0.9418
18	40	0.81753
19	40	0.9606
20	40	0.92752
21	40	0.92023
24	40	0.91554
25	40	0.87189
28	40	0.81301
29	40	0.90315
35	40	0.98086
37	40	0.88277
42	40	0.88081
45	40	0.81444
46	40	0.95092
52	40	0.81829
53	40	0.92436
55	40	0.89671
56	40	0.87801
60	40	0.91681
62	40	0.89485
63	40	0.81715
69	40	0.81877
76	40	0.84234
77	40	0.91164
78	40	0.9116
79	40	0.91881
80	40	0.88635
81	40	0.84414
82	40	0.8489
84	40	0.80971
87	40	0.87069
88	40	0.77984
93	40	0.83795
96	40	0.84279
98	40	0.90957
99	40	0.86553
100	40	0.87804
102	40	0.81129
103	40	0.80089
106	40	0.82883
108	40	0.82588
110	40	0.91915
116	40	0.83052
126	40	0.82287
131	40	0.80493
134	40	0.81063
144	40	0.87586
146	40	0.80709
148	40	0.84147
2	41	0.96612
4	41	0.89378
7	41	0.85401
9	41	0.87248
10	41	0.74876
11	41	0.85941
13	41	0.95622
14	41	0.91858
16	41	0.79423
18	41	0.89796
22	41	0.88703
26	41	0.8202
28	41	0.90792
30	41	0.89955
32	41	0.99101
33	41	0.9297
34	41	0.72868
36	41	0.92594
38	41	0.93851
42	41	0.92465
45	41	0.89592
47	41	0.92082
48	41	0.94451
49	41	0.94383
50	41	0.77043
51	41	0.86416
56	41	0.87858
57	41	0.75919
58	41	0.89823
59	41	0.8144
63	41	0.93776
67	41	0.83609
72	41	0.93319
73	41	0.87859
74	41	0.86682
85	41	0.84676
89	41	0.78643
90	41	0.87085
91	41	0.89359
92	41	0.85745
93	41	0.84362
94	41	0.88219
95	41	0.94564
96	41	0.89039
97	41	0.92378
101	41	0.90065
104	41	0.8583
105	41	0.85033
107	41	0.9186
108	41	0.8647
111	41	0.95513
117	41	0.86052
120	41	0.92035
124	41	0.93871
127	41	0.90016
128	41	0.92263
135	41	0.86084
139	41	0.95159
142	41	0.89195
143	41	0.86539
145	41	0.92249
150	41	0.96726
2	42	0.94933
3	42	0.82287
4	42	0.91058
5	42	0.90363
7	42	0.92582
8	42	0.83165
9	42	0.90032
10	42	0.72302
13	42	0.96706
14	42	0.91246
15	42	0.9407
16	42	0.71618
18	42	0.9415
19	42	0.91909
20	42	0.95981
21	42	0.95568
22	42	0.86043
23	42	0.76974
24	42	0.94931
25	42	0.87208
26	42	0.76026
28	42	0.94298
29	42	0.88113
30	42	0.92387
31	42	0.85185
32	42	0.94685
33	42	0.95959
34	42	0.57068
35	42	0.81769
36	42	0.88255
37	42	0.91272
38	42	0.94235
40	42	0.88081
41	42	0.92465
45	42	0.92094
46	42	0.91069
47	42	0.89794
48	42	0.94655
49	42	0.80278
50	42	0.77715
51	42	0.89423
52	42	0.84419
55	42	0.93867
56	42	0.94718
57	42	0.76483
58	42	0.91571
60	42	0.92423
62	42	0.93165
63	42	0.96045
66	42	0.89542
67	42	0.83625
72	42	0.88459
73	42	0.85983
74	42	0.86272
75	42	0.85201
77	42	0.92575
78	42	0.92276
79	42	0.90272
82	42	0.89206
83	42	0.83052
84	42	0.89141
85	42	0.89492
87	42	0.86933
90	42	0.82681
91	42	0.88236
92	42	0.91169
93	42	0.92834
94	42	0.86924
95	42	0.93093
96	42	0.93146
97	42	0.89301
98	42	0.88541
99	42	0.917
101	42	0.91993
103	42	0.80955
104	42	0.85626
105	42	0.91177
107	42	0.89699
108	42	0.93236
110	42	0.91788
111	42	0.94744
120	42	0.93779
124	42	0.85807
127	42	0.82481
128	42	0.76137
134	42	0.89531
139	42	0.84926
142	42	0.88033
143	42	0.80454
144	42	0.81019
145	42	0.851
147	42	0.82744
150	42	0.95999
6	43	0.8498
18	43	0.76376
27	43	0.71689
30	43	0.7994
31	43	0.73289
39	43	0.8788
44	43	0.82805
54	43	0.87862
59	43	0.76469
61	43	0.83406
65	43	0.50835
66	43	0.80108
68	43	0.8713
69	43	0.83501
70	43	0.58312
71	43	0.92516
72	43	0.75229
75	43	0.81023
82	43	0.71535
83	43	0.84582
86	43	0.85885
88	43	0.76635
89	43	0.76511
94	43	0.7543
98	43	0.73583
99	43	0.78804
102	43	0.78564
106	43	0.8368
108	43	0.77181
109	43	0.93035
112	43	0.9548
113	43	0.84017
115	43	0.85702
116	43	0.74929
117	43	0.87405
118	43	0.82753
119	43	0.76833
122	43	0.9057
123	43	0.82282
125	43	0.83011
126	43	0.7685
129	43	0.65035
130	43	0.8878
131	43	0.81898
132	43	0.79131
133	43	0.86365
136	43	0.93667
137	43	0.90938
140	43	0.93522
142	43	0.81078
146	43	0.73414
148	43	0.71663
149	43	0.84382
5	44	0.85123
6	44	0.94067
7	44	0.92294
12	44	0.86696
18	44	0.9437
20	44	0.8971
24	44	0.89779
25	44	0.95027
26	44	0.79568
27	44	0.9183
30	44	0.90948
31	44	0.86951
39	44	0.82979
43	44	0.82805
46	44	0.84398
53	44	0.84394
54	44	0.81622
55	44	0.87247
61	44	0.86971
62	44	0.91663
63	44	0.88215
66	44	0.90212
68	44	0.91118
69	44	0.91431
71	44	0.89887
72	44	0.88469
76	44	0.85088
78	44	0.86208
79	44	0.90703
80	44	0.87194
81	44	0.87691
82	44	0.87368
83	44	0.88495
84	44	0.90485
98	44	0.92773
99	44	0.91771
100	44	0.86152
102	44	0.91983
106	44	0.92017
108	44	0.93112
109	44	0.91718
110	44	0.91471
111	44	0.86967
112	44	0.8617
113	44	0.95738
114	44	0.89078
115	44	0.9635
116	44	0.89475
117	44	0.84414
118	44	0.80742
122	44	0.81529
123	44	0.9122
126	44	0.92085
130	44	0.82839
131	44	0.83793
132	44	0.85727
133	44	0.80048
134	44	0.89897
136	44	0.902
137	44	0.8571
140	44	0.85
142	44	0.85977
146	44	0.95433
147	44	0.84583
148	44	0.95253
149	44	0.63307
2	45	0.91936
3	45	0.86281
4	45	0.8915
5	45	0.90482
7	45	0.94034
8	45	0.90702
9	45	0.86485
10	45	0.78667
11	45	0.93213
12	45	0.9151
13	45	0.88161
14	45	0.94593
15	45	0.86949
17	45	0.82534
18	45	0.89419
19	45	0.89153
20	45	0.95423
21	45	0.914
22	45	0.8162
24	45	0.88769
25	45	0.89626
26	45	0.77957
28	45	0.92528
29	45	0.80498
30	45	0.95123
32	45	0.91368
36	45	0.91871
37	45	0.85819
38	45	0.86044
40	45	0.81444
41	45	0.89592
42	45	0.92094
46	45	0.85374
47	45	0.81826
48	45	0.96441
49	45	0.82708
51	45	0.82098
52	45	0.93183
53	45	0.84558
55	45	0.94376
56	45	0.87448
58	45	0.88748
60	45	0.92008
61	45	0.8802
62	45	0.89841
63	45	0.94701
66	45	0.91334
72	45	0.92587
73	45	0.87909
74	45	0.90739
75	45	0.8644
76	45	0.89928
77	45	0.87891
79	45	0.89782
80	45	0.90064
81	45	0.86208
84	45	0.93449
85	45	0.8232
87	45	0.9486
90	45	0.80725
91	45	0.87933
92	45	0.91795
93	45	0.85492
94	45	0.8918
95	45	0.88947
96	45	0.95344
97	45	0.90504
99	45	0.89367
100	45	0.87408
101	45	0.94601
103	45	0.8326
108	45	0.89851
110	45	0.93789
111	45	0.95264
114	45	0.95066
116	45	0.93426
126	45	0.87623
135	45	0.96788
138	45	0.9075
139	45	0.84767
141	45	0.94929
142	45	0.90911
143	45	0.78288
144	45	0.86754
146	45	0.86148
147	45	0.83168
150	45	0.92389
5	46	0.97642
7	46	0.92642
8	46	0.82298
12	46	0.90317
15	46	0.89215
17	46	0.76735
18	46	0.87232
19	46	0.96268
20	46	0.95025
21	46	0.93674
24	46	0.93425
25	46	0.88246
28	46	0.8884
29	46	0.8712
35	46	0.92342
37	46	0.86841
40	46	0.95092
42	46	0.91069
44	46	0.84398
45	46	0.85374
52	46	0.84675
53	46	0.9204
55	46	0.883
56	46	0.86829
60	46	0.91337
62	46	0.92306
63	46	0.84894
76	46	0.86933
77	46	0.86911
78	46	0.92549
79	46	0.93964
80	46	0.91345
81	46	0.86928
82	46	0.86406
84	46	0.88787
87	46	0.93007
88	46	0.77277
93	46	0.88525
96	46	0.88989
98	46	0.89349
99	46	0.87008
100	46	0.89876
101	46	0.88549
102	46	0.84233
103	46	0.86033
108	46	0.86841
110	46	0.93753
111	46	0.85069
116	46	0.85881
134	46	0.85704
138	46	0.82671
144	46	0.89708
146	46	0.8467
148	46	0.88493
2	47	0.86996
3	47	0.82834
4	47	0.94375
7	47	0.82285
9	47	0.85571
13	47	0.91557
14	47	0.88172
16	47	0.80984
18	47	0.85256
20	47	0.83116
21	47	0.82798
22	47	0.89357
24	47	0.89177
26	47	0.80667
28	47	0.90748
29	47	0.82091
32	47	0.92918
33	47	0.90648
34	47	0.6648
36	47	0.90259
37	47	0.90051
38	47	0.85546
41	47	0.92082
42	47	0.89794
45	47	0.81826
48	47	0.85872
49	47	0.83717
50	47	0.84969
51	47	0.87971
56	47	0.91327
57	47	0.81429
63	47	0.89526
72	47	0.83451
73	47	0.84466
74	47	0.84132
85	47	0.851
93	47	0.89532
95	47	0.8796
96	47	0.8957
97	47	0.88997
101	47	0.89388
104	47	0.79985
105	47	0.82423
107	47	0.84079
111	47	0.93187
120	47	0.85601
124	47	0.88076
127	47	0.82392
128	47	0.83596
139	47	0.82371
143	47	0.87676
145	47	0.81087
146	47	0.81256
150	47	0.87405
