3	2	0.83658
4	2	0.93781
12	2	0.88162
13	2	0.9583
14	2	0.99008
25	2	0.97116
27	2	0.96864
32	2	0.94049
34	2	0.86783
36	2	0.86967
38	2	0.93924
39	2	0.95647
41	2	0.93311
42	2	0.96021
43	2	0.97458
44	2	0.98379
45	2	0.99846
48	2	0.96957
50	2	0.83427
51	2	0.97103
55	2	0.95897
58	2	0.99755
59	2	0.96087
61	2	0.9952
62	2	0.97559
63	2	0.97395
66	2	0.94297
67	2	0.97059
68	2	0.9624
70	2	0.96179
71	2	0.98077
72	2	0.93787
73	2	0.68751
75	2	0.97932
76	2	0.94998
79	2	0.96841
83	2	0.97809
84	2	0.88551
85	2	0.84693
86	2	0.96677
87	2	0.96673
89	2	0.96401
90	2	0.98088
91	2	0.97567
92	2	0.99099
94	2	0.98873
95	2	0.90809
97	2	0.9357
101	2	0.9325
105	2	0.87241
106	2	0.98747
107	2	0.96872
108	2	0.95949
109	2	0.95664
110	2	0.98737
111	2	0.8572
112	2	0.94466
113	2	0.93182
114	2	0.97251
115	2	0.95977
116	2	0.84239
117	2	0.96914
120	2	0.97767
123	2	0.98015
125	2	0.95861
127	2	0.97932
128	2	0.97847
129	2	0.98008
130	2	0.94948
132	2	0.97652
135	2	0.9733
136	2	0.95127
142	2	0.97232
145	2	0.954
146	2	0.97049
147	2	0.96765
149	2	0.80951
150	2	0.9426
2	3	0.83658
4	3	0.83114
8	3	0.73371
10	3	0.74127
11	3	0.88715
13	3	0.81674
14	3	0.80707
20	3	0.82485
22	3	0.69881
25	3	0.82425
27	3	0.817
32	3	0.84265
34	3	0.84918
36	3	0.81363
38	3	0.81822
44	3	0.83319
45	3	0.83894
48	3	0.80131
50	3	0.82199
51	3	0.88186
52	3	0.87108
53	3	0.86701
58	3	0.81572
61	3	0.82039
62	3	0.80534
66	3	0.80337
67	3	0.79872
71	3	0.79897
72	3	0.7963
74	3	0.7961
75	3	0.84377
76	3	0.80362
79	3	0.82109
86	3	0.80455
87	3	0.82376
90	3	0.79667
91	3	0.80344
92	3	0.804
94	3	0.85469
97	3	0.81988
98	3	0.81905
101	3	0.80539
106	3	0.82696
107	3	0.84652
108	3	0.80326
110	3	0.83861
114	3	0.90456
123	3	0.80061
124	3	0.79799
129	3	0.81267
132	3	0.88181
135	3	0.79832
150	3	0.84165
2	4	0.93781
3	4	0.83114
5	4	0.87934
7	4	0.93782
8	4	0.65895
9	4	0.7204
10	4	0.86412
11	4	0.92228
12	4	0.94049
13	4	0.94292
14	4	0.93614
15	4	0.87826
16	4	0.9631
17	4	0.9072
18	4	0.91851
20	4	0.96633
22	4	0.68045
23	4	0.92911
24	4	0.90371
25	4	0.94991
28	4	0.91324
29	4	0.77464
34	4	0.93475
35	4	0.83468
36	4	0.92508
37	4	0.89721
38	4	0.93678
41	4	0.97144
43	4	0.94808
44	4	0.93444
45	4	0.94665
46	4	0.83518
47	4	0.89818
48	4	0.95602
49	4	0.59216
50	4	0.89196
51	4	0.96317
52	4	0.86075
53	4	0.94005
55	4	0.96734
56	4	0.84692
57	4	0.8375
62	4	0.95173
69	4	0.94944
73	4	0.78764
74	4	0.90857
75	4	0.94009
76	4	0.96791
77	4	0.92941
79	4	0.93061
80	4	0.92273
85	4	0.91864
87	4	0.96843
92	4	0.93831
94	4	0.93817
95	4	0.94525
96	4	0.93542
97	4	0.97274
98	4	0.94559
99	4	0.95692
100	4	0.95688
101	4	0.98988
102	4	0.84313
103	4	0.78325
106	4	0.96648
107	4	0.93033
110	4	0.95828
111	4	0.94644
113	4	0.96908
114	4	0.955
116	4	0.9057
120	4	0.95299
123	4	0.93623
126	4	0.90779
128	4	0.93072
129	4	0.95125
135	4	0.96727
139	4	0.9306
140	4	0.95233
143	4	0.83137
148	4	0.9236
4	5	0.87934
6	5	0.93426
7	5	0.91971
9	5	0.71881
15	5	0.97889
16	5	0.90796
17	5	0.83954
18	5	0.96774
19	5	0.95557
20	5	0.88959
21	5	0.93493
22	5	0.59293
23	5	0.92893
24	5	0.92473
25	5	0.87022
26	5	0.92568
28	5	0.91929
29	5	0.78265
30	5	0.90454
31	5	0.86325
33	5	0.96974
35	5	0.82863
37	5	0.96482
38	5	0.89237
40	5	0.95576
41	5	0.88216
43	5	0.88339
46	5	0.961
47	5	0.90917
49	5	0.50197
54	5	0.86474
55	5	0.87685
56	5	0.99041
57	5	0.75151
60	5	0.88281
69	5	0.87633
74	5	0.89364
77	5	0.94475
78	5	0.89563
80	5	0.91086
81	5	0.92925
87	5	0.88344
88	5	0.88989
93	5	0.95831
96	5	0.94036
99	5	0.93763
100	5	0.9191
102	5	0.91297
103	5	0.85343
108	5	0.87241
121	5	0.87585
129	5	0.86671
134	5	0.88652
139	5	0.89368
140	5	0.94977
141	5	0.92318
143	5	0.72669
144	5	0.96705
148	5	0.94075
5	6	0.93426
7	6	0.93968
15	6	0.92781
18	6	0.89969
19	6	0.97512
21	6	0.90373
23	6	0.96995
25	6	0.95625
26	6	0.96993
27	6	0.94507
28	6	0.87783
30	6	0.98272
31	6	0.9474
33	6	0.98837
37	6	0.87946
38	6	0.96147
39	6	0.9551
40	6	0.903
42	6	0.93942
43	6	0.94395
44	6	0.93605
46	6	0.87147
52	6	0.844
54	6	0.9727
55	6	0.91986
56	6	0.93635
59	6	0.94422
60	6	0.92347
62	6	0.92988
65	6	0.93801
69	6	0.92785
70	6	0.94998
72	6	0.92298
74	6	0.86729
75	6	0.93814
77	6	0.97686
78	6	0.96883
79	6	0.93453
81	6	0.95673
82	6	0.9653
88	6	0.97112
91	6	0.94488
93	6	0.94391
102	6	0.79193
107	6	0.93622
108	6	0.96278
119	6	0.95187
121	6	0.97146
123	6	0.94182
129	6	0.93778
131	6	0.94314
134	6	0.92828
138	6	0.95369
139	6	0.96407
140	6	0.93541
141	6	0.97422
142	6	0.92948
144	6	0.98531
148	6	0.96777
4	7	0.93782
5	7	0.91971
6	7	0.93968
11	7	0.93882
12	7	0.86459
15	7	0.87446
16	7	0.95151
19	7	0.96759
21	7	0.79435
23	7	0.95946
24	7	0.86501
25	7	0.95359
26	7	0.94302
27	7	0.94487
28	7	0.91244
30	7	0.9609
31	7	0.96254
33	7	0.93183
35	7	0.85994
37	7	0.87096
39	7	0.94955
40	7	0.9014
43	7	0.93195
46	7	0.87162
53	7	0.92573
54	7	0.93589
56	7	0.92006
57	7	0.82729
59	7	0.94256
60	7	0.95376
65	7	0.94493
69	7	0.97043
70	7	0.93651
75	7	0.94188
77	7	0.97819
78	7	0.97402
79	7	0.95206
82	7	0.9411
84	7	0.9119
86	7	0.9303
88	7	0.96137
91	7	0.9287
93	7	0.84265
98	7	0.98564
99	7	0.94667
101	7	0.94063
102	7	0.8997
106	7	0.93335
107	7	0.93169
108	7	0.95622
110	7	0.93192
111	7	0.8657
113	7	0.9038
120	7	0.93877
121	7	0.94902
122	7	0.93546
123	7	0.94319
129	7	0.93128
130	7	0.94841
131	7	0.95297
134	7	0.97813
135	7	0.94676
138	7	0.92782
139	7	0.93926
140	7	0.9653
141	7	0.97638
144	7	0.94286
148	7	0.94822
3	8	0.73371
4	8	0.65895
9	8	0.71348
10	8	0.86151
11	8	0.67362
12	8	0.69096
13	8	0.61061
14	8	0.58288
15	8	0.60581
16	8	0.60178
17	8	0.78411
18	8	0.59192
20	8	0.765
22	8	0.91686
24	8	0.57815
29	8	0.84137
34	8	0.83194
36	8	0.79337
37	8	0.63045
38	8	0.59872
41	8	0.69221
47	8	0.60723
48	8	0.67202
49	8	0.82178
50	8	0.78921
51	8	0.6529
52	8	0.77736
53	8	0.67584
62	8	0.56159
73	8	0.85513
74	8	0.79935
76	8	0.71919
80	8	0.68386
85	8	0.71043
87	8	0.65944
92	8	0.56852
94	8	0.61857
95	8	0.74432
96	8	0.71222
97	8	0.69717
99	8	0.56139
100	8	0.68896
101	8	0.6016
103	8	0.73956
111	8	0.5919
114	8	0.62945
116	8	0.82232
126	8	0.78938
129	8	0.56977
143	8	0.83336
4	9	0.7204
5	9	0.71881
8	9	0.71348
10	9	0.86308
11	9	0.65725
12	9	0.86028
13	9	0.65648
15	9	0.71046
16	9	0.63613
17	9	0.84898
18	9	0.76737
19	9	0.63571
20	9	0.83813
22	9	0.7292
24	9	0.89012
28	9	0.83541
29	9	0.88526
34	9	0.76827
35	9	0.79125
36	9	0.76483
37	9	0.77926
40	9	0.68474
41	9	0.7495
46	9	0.82748
47	9	0.72812
48	9	0.67742
49	9	0.80579
50	9	0.63579
55	9	0.65688
56	9	0.64884
57	9	0.67842
73	9	0.76529
74	9	0.77412
76	9	0.7279
80	9	0.79274
85	9	0.89535
87	9	0.69542
95	9	0.76988
96	9	0.86134
97	9	0.7364
99	9	0.76083
100	9	0.76618
101	9	0.66251
102	9	0.78819
103	9	0.83066
111	9	0.80241
113	9	0.66268
116	9	0.7842
126	9	0.83168
143	9	0.84471
3	10	0.74127
4	10	0.86412
8	10	0.86151
9	10	0.86308
11	10	0.80362
12	10	0.89624
13	10	0.75246
16	10	0.81313
17	10	0.90977
18	10	0.78782
20	10	0.90271
22	10	0.81451
24	10	0.83267
28	10	0.77386
29	10	0.86843
34	10	0.90645
36	10	0.84642
37	10	0.79026
41	10	0.86463
47	10	0.7598
48	10	0.79283
49	10	0.83745
50	10	0.91419
51	10	0.77356
52	10	0.75595
53	10	0.83716
55	10	0.74851
57	10	0.82544
73	10	0.93261
74	10	0.83524
76	10	0.85033
80	10	0.82609
85	10	0.90651
87	10	0.79548
94	10	0.76717
95	10	0.86281
96	10	0.87845
97	10	0.87151
99	10	0.81784
100	10	0.84941
101	10	0.845
102	10	0.78015
103	10	0.82602
111	10	0.88216
113	10	0.82585
114	10	0.78158
116	10	0.92397
126	10	0.94821
135	10	0.75346
143	10	0.96743
3	11	0.88715
4	11	0.92228
7	11	0.93882
8	11	0.67362
9	11	0.65725
10	11	0.80362
12	11	0.86758
16	11	0.93449
19	11	0.91882
20	11	0.91507
21	11	0.76105
22	11	0.68498
23	11	0.86343
25	11	0.89901
26	11	0.92145
27	11	0.88069
28	11	0.86768
30	11	0.92315
31	11	0.88658
33	11	0.86587
34	11	0.87703
35	11	0.84606
36	11	0.86571
37	11	0.86122
38	11	0.89387
40	11	0.81843
44	11	0.87284
51	11	0.91066
52	11	0.91864
53	11	0.97284
57	11	0.80307
59	11	0.86354
62	11	0.8794
69	11	0.87962
74	11	0.89896
75	11	0.8958
77	11	0.92007
78	11	0.88945
79	11	0.89386
87	11	0.88593
91	11	0.8627
98	11	0.92886
99	11	0.88589
100	11	0.87401
101	11	0.90571
102	11	0.85198
106	11	0.87576
107	11	0.90174
108	11	0.89818
110	11	0.87352
114	11	0.91417
121	11	0.87017
123	11	0.8693
129	11	0.88548
132	11	0.8793
134	11	0.88703
135	11	0.87739
139	11	0.86675
140	11	0.87837
141	11	0.89742
143	11	0.71387
2	12	0.88162
4	12	0.94049
7	12	0.86459
8	12	0.69096
9	12	0.86028
10	12	0.89624
11	12	0.86758
13	12	0.88398
14	12	0.89024
17	12	0.91532
18	12	0.87367
20	12	0.96039
22	12	0.65438
24	12	0.92294
28	12	0.9476
29	12	0.7879
34	12	0.89436
35	12	0.86558
36	12	0.88067
41	12	0.93763
43	12	0.86393
45	12	0.89797
46	12	0.87277
48	12	0.91123
49	12	0.67166
50	12	0.84972
51	12	0.86995
55	12	0.89629
57	12	0.79948
62	12	0.87284
73	12	0.81328
74	12	0.86969
76	12	0.93324
80	12	0.89357
84	12	0.862
85	12	0.98893
87	12	0.92015
92	12	0.87282
94	12	0.89614
95	12	0.91607
96	12	0.93439
97	12	0.94652
98	12	0.89146
99	12	0.94452
100	12	0.91654
101	12	0.91787
102	12	0.87838
103	12	0.76108
106	12	0.90075
110	12	0.89032
111	12	0.95829
113	12	0.92883
114	12	0.91679
116	12	0.89846
126	12	0.89757
128	12	0.89013
129	12	0.8692
134	12	0.86628
135	12	0.8958
143	12	0.83426
2	13	0.9583
3	13	0.81674
4	13	0.94292
8	13	0.61061
9	13	0.65648
10	13	0.75246
12	13	0.88398
14	13	0.96835
17	13	0.87498
18	13	0.89849
20	13	0.93952
21	13	0.74944
22	13	0.67784
25	13	0.95858
27	13	0.92972
28	13	0.8945
29	13	0.7607
34	13	0.93499
36	13	0.94911
38	13	0.97761
41	13	0.93695
42	13	0.95688
43	13	0.9582
44	13	0.9593
45	13	0.96576
47	13	0.87146
48	13	0.96889
49	13	0.53537
50	13	0.79166
51	13	0.97011
52	13	0.85945
54	13	0.92156
55	13	0.98255
58	13	0.94685
59	13	0.91423
61	13	0.94963
62	13	0.94238
63	13	0.9164
70	13	0.91551
73	13	0.68961
74	13	0.90793
75	13	0.94566
76	13	0.95066
77	13	0.92885
79	13	0.91776
80	13	0.90644
81	13	0.91383
82	13	0.92414
83	13	0.93614
85	13	0.87938
87	13	0.98582
91	13	0.93792
92	13	0.96385
94	13	0.94622
95	13	0.94179
96	13	0.90239
97	13	0.9305
100	13	0.91871
103	13	0.75058
106	13	0.95413
107	13	0.92936
108	13	0.9279
110	13	0.93719
114	13	0.91687
116	13	0.86277
120	13	0.93459
123	13	0.94277
126	13	0.8484
129	13	0.95202
135	13	0.92336
139	13	0.93653
142	13	0.97017
143	13	0.72296
146	13	0.92011
2	14	0.99008
3	14	0.80707
4	14	0.93614
8	14	0.58288
12	14	0.89024
13	14	0.96835
17	14	0.86307
20	14	0.9071
22	14	0.57643
25	14	0.96269
27	14	0.95459
34	14	0.88131
36	14	0.90153
38	14	0.94816
39	14	0.94364
41	14	0.94958
42	14	0.9548
43	14	0.97372
44	14	0.97755
45	14	0.99114
47	14	0.88219
48	14	0.98808
49	14	0.52209
50	14	0.81631
51	14	0.96305
55	14	0.96694
58	14	0.99068
61	14	0.98672
62	14	0.97712
63	14	0.94479
66	14	0.9227
67	14	0.9459
68	14	0.95032
70	14	0.9535
71	14	0.95983
73	14	0.70918
74	14	0.86672
75	14	0.96642
76	14	0.96942
79	14	0.95151
80	14	0.89775
81	14	0.94031
82	14	0.94842
83	14	0.97678
85	14	0.86384
87	14	0.98051
89	14	0.94177
90	14	0.96818
91	14	0.9665
92	14	0.99648
94	14	0.98025
95	14	0.93885
97	14	0.94318
100	14	0.91052
101	14	0.91635
105	14	0.83673
106	14	0.9821
107	14	0.9605
108	14	0.95133
110	14	0.96664
111	14	0.85933
113	14	0.91421
114	14	0.95439
115	14	0.9443
116	14	0.86815
117	14	0.97123
120	14	0.96482
123	14	0.96889
126	14	0.82363
127	14	0.96628
128	14	0.96253
129	14	0.97812
132	14	0.94384
135	14	0.95319
139	14	0.95453
142	14	0.96474
145	14	0.93447
146	14	0.96485
147	14	0.94967
4	15	0.87826
5	15	0.97889
6	15	0.92781
7	15	0.87446
8	15	0.60581
9	15	0.71046
16	15	0.90291
17	15	0.88659
18	15	0.97652
19	15	0.92597
20	15	0.9062
21	15	0.9416
22	15	0.68806
23	15	0.91729
24	15	0.8912
25	15	0.87445
26	15	0.92175
28	15	0.88374
29	15	0.84387
30	15	0.90145
33	15	0.96868
34	15	0.86593
36	15	0.91428
37	15	0.96914
38	15	0.91721
40	15	0.89103
41	15	0.90731
43	15	0.89093
46	15	0.92607
47	15	0.94329
48	15	0.88523
49	15	0.58639
52	15	0.8713
55	15	0.87549
56	15	0.95322
62	15	0.88111
74	15	0.94342
76	15	0.87411
77	15	0.92861
78	15	0.87419
80	15	0.94743
81	15	0.93535
87	15	0.90868
93	15	0.96423
95	15	0.90901
96	15	0.95363
99	15	0.91118
100	15	0.94511
102	15	0.84358
103	15	0.9047
121	15	0.87543
126	15	0.84721
129	15	0.88554
139	15	0.90499
140	15	0.92347
141	15	0.89476
143	15	0.76612
144	15	0.96003
148	15	0.92501
4	16	0.9631
5	16	0.90796
7	16	0.95151
8	16	0.60178
9	16	0.63613
10	16	0.81313
11	16	0.93449
15	16	0.90291
17	16	0.8586
18	16	0.91011
20	16	0.91181
21	16	0.77872
22	16	0.64523
23	16	0.93662
24	16	0.87026
25	16	0.9303
26	16	0.90884
29	16	0.72798
30	16	0.92398
33	16	0.90919
34	16	0.87688
35	16	0.80161
36	16	0.87623
37	16	0.91442
38	16	0.90919
40	16	0.8143
41	16	0.92621
43	16	0.91817
47	16	0.88895
49	16	0.51461
50	16	0.84067
51	16	0.92844
52	16	0.8805
53	16	0.94953
55	16	0.90906
56	16	0.8909
57	16	0.8511
62	16	0.93107
69	16	0.9435
73	16	0.72587
74	16	0.88452
75	16	0.91833
77	16	0.94212
78	16	0.92911
79	16	0.91184
80	16	0.89524
81	16	0.90818
85	16	0.82757
87	16	0.91335
88	16	0.90298
93	16	0.83491
95	16	0.88797
96	16	0.90547
97	16	0.92385
98	16	0.92721
99	16	0.93863
100	16	0.95049
101	16	0.96119
102	16	0.8603
103	16	0.78485
106	16	0.91507
107	16	0.91045
108	16	0.90978
110	16	0.90877
111	16	0.88611
112	16	0.90936
113	16	0.90809
116	16	0.835
120	16	0.92502
121	16	0.91875
123	16	0.91162
126	16	0.85753
129	16	0.92571
135	16	0.93696
139	16	0.93249
140	16	0.96105
141	16	0.91268
143	16	0.79387
144	16	0.9241
148	16	0.92287
4	17	0.9072
5	17	0.83954
8	17	0.78411
9	17	0.84898
10	17	0.90977
12	17	0.91532
13	17	0.87498
14	17	0.86307
15	17	0.88659
16	17	0.8586
18	17	0.93545
20	17	0.94722
22	17	0.78855
24	17	0.89904
28	17	0.85929
29	17	0.92211
34	17	0.93168
36	17	0.93884
37	17	0.88978
38	17	0.83982
41	17	0.96299
43	17	0.84412
46	17	0.83563
47	17	0.94264
48	17	0.92443
49	17	0.84778
50	17	0.86163
51	17	0.85244
55	17	0.86929
62	17	0.85091
73	17	0.91244
74	17	0.91984
76	17	0.94987
80	17	0.9761
81	17	0.85406
85	17	0.92648
87	17	0.91185
92	17	0.85274
94	17	0.84881
95	17	0.97985
96	17	0.96758
97	17	0.94282
99	17	0.89606
100	17	0.96254
101	17	0.86781
103	17	0.9303
111	17	0.89653
113	17	0.84186
116	17	0.97463
126	17	0.97952
129	17	0.84481
140	17	0.83779
143	17	0.93579
4	18	0.91851
5	18	0.96774
6	18	0.89969
8	18	0.59192
9	18	0.76737
10	18	0.78782
12	18	0.87367
13	18	0.89849
15	18	0.97652
16	18	0.91011
17	18	0.93545
19	18	0.8991
20	18	0.92951
21	18	0.8683
22	18	0.65972
23	18	0.92623
24	18	0.93783
25	18	0.88177
26	18	0.88963
28	18	0.91566
29	18	0.85433
33	18	0.94032
34	18	0.88056
35	18	0.78549
36	18	0.91565
37	18	0.96204
38	18	0.90726
40	18	0.87042
41	18	0.95414
43	18	0.91485
46	18	0.93187
47	18	0.97298
48	18	0.92005
49	18	0.6595
55	18	0.92014
56	18	0.94169
57	18	0.73421
62	18	0.89738
73	18	0.73398
74	18	0.91991
76	18	0.92005
77	18	0.91757
80	18	0.97932
81	18	0.948
85	18	0.85994
87	18	0.93131
92	18	0.88211
93	18	0.92238
95	18	0.94939
96	18	0.97813
97	18	0.89622
99	18	0.95163
100	18	0.96754
101	18	0.89051
102	18	0.86489
103	18	0.91407
111	18	0.8831
116	18	0.86141
126	18	0.90874
129	18	0.89773
139	18	0.90855
140	18	0.94755
141	18	0.89658
143	18	0.82683
144	18	0.94898
148	18	0.94294
5	19	0.95557
6	19	0.97512
7	19	0.96759
9	19	0.63571
11	19	0.91882
15	19	0.92597
18	19	0.8991
21	19	0.89875
23	19	0.94704
24	19	0.87091
25	19	0.93194
26	19	0.97462
27	19	0.92895
28	19	0.93395
30	19	0.96948
31	19	0.94708
33	19	0.97244
35	19	0.85245
37	19	0.90147
38	19	0.93474
39	19	0.93006
40	19	0.95441
43	19	0.91503
46	19	0.92793
52	19	0.84553
53	19	0.87698
54	19	0.92858
56	19	0.95009
57	19	0.71485
59	19	0.91295
60	19	0.95462
65	19	0.91386
69	19	0.91735
70	19	0.91573
74	19	0.88302
75	19	0.9143
77	19	0.98054
78	19	0.95142
79	19	0.91812
81	19	0.93287
82	19	0.93043
87	19	0.90905
88	19	0.94501
91	19	0.90769
93	19	0.91738
96	19	0.88632
98	19	0.93698
99	19	0.92168
102	19	0.88491
107	19	0.91457
108	19	0.9479
121	19	0.93499
123	19	0.91285
129	19	0.91284
131	19	0.92242
134	19	0.9536
138	19	0.91532
139	19	0.93014
140	19	0.93623
141	19	0.97896
144	19	0.96567
148	19	0.94702
3	20	0.82485
4	20	0.96633
5	20	0.88959
8	20	0.765
9	20	0.83813
10	20	0.90271
11	20	0.91507
12	20	0.96039
13	20	0.93952
14	20	0.9071
15	20	0.9062
16	20	0.91181
17	20	0.94722
18	20	0.92951
21	20	0.76783
22	20	0.79281
24	20	0.93151
25	20	0.89764
26	20	0.89212
28	20	0.9427
29	20	0.88398
34	20	0.97183
35	20	0.84017
36	20	0.97215
37	20	0.92337
38	20	0.9266
40	20	0.80888
41	20	0.95999
43	20	0.8985
45	20	0.90283
46	20	0.88878
47	20	0.89898
48	20	0.94538
49	20	0.68859
50	20	0.85021
51	20	0.93027
52	20	0.89181
53	20	0.90692
55	20	0.93281
57	20	0.77332
62	20	0.90269
73	20	0.81082
74	20	0.96635
76	20	0.95923
77	20	0.90514
80	20	0.94499
85	20	0.9564
87	20	0.96477
92	20	0.89943
94	20	0.89262
95	20	0.96162
96	20	0.97598
97	20	0.95132
99	20	0.93508
100	20	0.96038
101	20	0.9274
102	20	0.85157
103	20	0.85925
106	20	0.90931
111	20	0.91294
113	20	0.89741
114	20	0.90961
116	20	0.92138
126	20	0.93
129	20	0.90649
140	20	0.895
143	20	0.86681
5	21	0.93493
6	21	0.90373
7	21	0.79435
11	21	0.76105
13	21	0.74944
15	21	0.9416
16	21	0.77872
18	21	0.8683
19	21	0.89875
20	21	0.76783
22	21	0.60096
23	21	0.8276
24	21	0.78778
25	21	0.7687
26	21	0.89399
28	21	0.7936
29	21	0.7354
30	21	0.86
33	21	0.93974
36	21	0.79775
37	21	0.91165
38	21	0.83749
40	21	0.90851
43	21	0.76452
46	21	0.87421
47	21	0.81426
52	21	0.8048
54	21	0.78736
55	21	0.75045
56	21	0.93072
60	21	0.76314
74	21	0.85385
77	21	0.85839
78	21	0.80148
80	21	0.80621
81	21	0.83518
82	21	0.76824
87	21	0.77328
88	21	0.79341
93	21	0.97316
96	21	0.82494
99	21	0.76798
100	21	0.7995
103	21	0.80106
108	21	0.7767
121	21	0.79777
129	21	0.75323
139	21	0.80201
140	21	0.82213
141	21	0.82913
144	21	0.91269
148	21	0.84355
3	22	0.69881
4	22	0.68045
5	22	0.59293
8	22	0.91686
9	22	0.7292
10	22	0.81451
11	22	0.68498
12	22	0.65438
13	22	0.67784
14	22	0.57643
15	22	0.68806
16	22	0.64523
17	22	0.78855
18	22	0.65972
20	22	0.79281
21	22	0.60096
24	22	0.66104
26	22	0.61006
28	22	0.60304
29	22	0.91247
34	22	0.86326
36	22	0.85642
37	22	0.7483
38	22	0.67412
41	22	0.68203
47	22	0.663
48	22	0.66855
49	22	0.75685
50	22	0.70132
51	22	0.67169
52	22	0.83522
53	22	0.69598
55	22	0.60917
73	22	0.76461
74	22	0.84989
76	22	0.70625
80	22	0.73332
85	22	0.70462
87	22	0.68585
94	22	0.57915
95	22	0.75407
96	22	0.75279
97	22	0.69517
100	22	0.72896
101	22	0.5985
103	22	0.82504
114	22	0.57535
116	22	0.79281
126	22	0.78277
143	22	0.81131
4	23	0.92911
5	23	0.92893
6	23	0.96995
7	23	0.95946
11	23	0.86343
15	23	0.91729
16	23	0.93662
18	23	0.92623
19	23	0.94704
21	23	0.8276
24	23	0.83711
25	23	0.97397
26	23	0.94468
27	23	0.95768
28	23	0.87839
30	23	0.96249
31	23	0.96755
33	23	0.96834
35	23	0.7685
37	23	0.87709
38	23	0.94848
39	23	0.97855
40	23	0.86047
41	23	0.9193
43	23	0.98108
44	23	0.95714
46	23	0.85327
47	23	0.90068
53	23	0.8676
54	23	0.98041
55	23	0.94881
56	23	0.93042
57	23	0.72237
59	23	0.96643
60	23	0.92699
62	23	0.96946
65	23	0.97014
68	23	0.94687
69	23	0.98194
70	23	0.97997
75	23	0.96221
77	23	0.97168
78	23	0.98696
79	23	0.96631
80	23	0.88712
81	23	0.98047
82	23	0.97669
83	23	0.95954
86	23	0.95313
87	23	0.93929
88	23	0.98773
91	23	0.96873
92	23	0.9464
93	23	0.90632
98	23	0.94432
99	23	0.94212
100	23	0.91461
101	23	0.92875
102	23	0.82328
106	23	0.95287
107	23	0.95777
108	23	0.97444
119	23	0.9598
120	23	0.97168
121	23	0.98314
123	23	0.97349
124	23	0.94493
129	23	0.97155
131	23	0.95786
133	23	0.94243
134	23	0.9538
135	23	0.95545
138	23	0.96152
139	23	0.98567
140	23	0.98238
141	23	0.97876
144	23	0.98217
148	23	0.99035
4	24	0.90371
5	24	0.92473
7	24	0.86501
8	24	0.57815
9	24	0.89012
10	24	0.83267
12	24	0.92294
15	24	0.8912
16	24	0.87026
17	24	0.89904
18	24	0.93783
19	24	0.87091
20	24	0.93151
21	24	0.78778
22	24	0.66104
23	24	0.83711
26	24	0.85017
28	24	0.96379
29	24	0.84748
33	24	0.85315
34	24	0.842
35	24	0.91928
36	24	0.86354
37	24	0.94278
40	24	0.89139
41	24	0.89573
46	24	0.94787
47	24	0.90011
48	24	0.84143
49	24	0.64544
55	24	0.87826
56	24	0.89831
57	24	0.82481
60	24	0.85539
73	24	0.71984
74	24	0.87204
76	24	0.86537
77	24	0.8588
80	24	0.9228
81	24	0.86075
85	24	0.92508
87	24	0.86937
95	24	0.88139
96	24	0.95987
97	24	0.87606
99	24	0.93915
100	24	0.92178
101	24	0.86942
102	24	0.91448
103	24	0.86674
111	24	0.92491
113	24	0.85061
116	24	0.82549
126	24	0.87702
140	24	0.89501
141	24	0.85898
143	24	0.82833
144	24	0.86795
148	24	0.87644
2	25	0.97116
3	25	0.82425
4	25	0.94991
5	25	0.87022
6	25	0.95625
7	25	0.95359
11	25	0.89901
13	25	0.95858
14	25	0.96269
15	25	0.87445
16	25	0.9303
18	25	0.88177
19	25	0.93194
20	25	0.89764
21	25	0.7687
23	25	0.97397
26	25	0.94381
27	25	0.98652
30	25	0.97395
31	25	0.97389
32	25	0.93819
33	25	0.93475
34	25	0.86868
36	25	0.88691
38	25	0.97897
39	25	0.98386
40	25	0.80222
41	25	0.9207
42	25	0.97499
43	25	0.98526
44	25	0.99233
45	25	0.97438
48	25	0.95052
51	25	0.98179
52	25	0.86608
53	25	0.89956
54	25	0.98439
55	25	0.96932
56	25	0.85742
58	25	0.96378
59	25	0.98759
60	25	0.91214
61	25	0.97592
62	25	0.98496
63	25	0.9479
64	25	0.94811
65	25	0.97162
69	25	0.97518
70	25	0.98317
71	25	0.96867
72	25	0.96658
74	25	0.87265
75	25	0.99606
76	25	0.9254
77	25	0.96943
78	25	0.97839
79	25	0.98924
81	25	0.95136
82	25	0.98861
83	25	0.9716
86	25	0.97912
87	25	0.96882
88	25	0.97346
91	25	0.99276
92	25	0.97611
93	25	0.83817
94	25	0.9368
95	25	0.8922
97	25	0.91207
98	25	0.96347
100	25	0.90892
101	25	0.94073
106	25	0.98274
107	25	0.98879
108	25	0.99001
110	25	0.97487
112	25	0.94407
113	25	0.90834
114	25	0.9529
115	25	0.95695
118	25	0.9535
119	25	0.97689
120	25	0.983
121	25	0.98595
123	25	0.99462
124	25	0.96924
129	25	0.99024
130	25	0.95009
131	25	0.96823
132	25	0.96319
133	25	0.92679
134	25	0.94278
135	25	0.9704
137	25	0.92138
138	25	0.9784
139	25	0.98636
140	25	0.94547
141	25	0.96916
142	25	0.97958
144	25	0.94644
146	25	0.95953
148	25	0.95822
150	25	0.94524
5	26	0.92568
6	26	0.96993
7	26	0.94302
11	26	0.92145
15	26	0.92175
16	26	0.90884
18	26	0.88963
19	26	0.97462
20	26	0.89212
21	26	0.89399
22	26	0.61006
23	26	0.94468
24	26	0.85017
25	26	0.94381
27	26	0.92822
28	26	0.90147
30	26	0.97556
31	26	0.94245
33	26	0.97135
35	26	0.84599
36	26	0.88162
37	26	0.91512
38	26	0.95317
39	26	0.9269
40	26	0.89726
43	26	0.91557
44	26	0.92213
46	26	0.86906
47	26	0.86409
51	26	0.91173
52	26	0.89319
53	26	0.88224
54	26	0.93339
56	26	0.92035
59	26	0.92007
60	26	0.92204
62	26	0.92612
69	26	0.91921
70	26	0.91986
74	26	0.91144
75	26	0.92804
77	26	0.95455
78	26	0.94835
79	26	0.92823
81	26	0.93516
82	26	0.93787
87	26	0.92189
88	26	0.93434
91	26	0.92268
93	26	0.91439
98	26	0.91377
102	26	0.79831
107	26	0.9384
108	26	0.94948
119	26	0.9125
121	26	0.94188
123	26	0.92081
129	26	0.92687
134	26	0.91247
138	26	0.92425
139	26	0.94163
140	26	0.92702
141	26	0.97089
144	26	0.96654
148	26	0.94844
2	27	0.96864
3	27	0.817
6	27	0.94507
7	27	0.94487
11	27	0.88069
13	27	0.92972
14	27	0.95459
19	27	0.92895
23	27	0.95768
25	27	0.98652
26	27	0.92822
30	27	0.96099
31	27	0.9907
32	27	0.9688
33	27	0.9084
38	27	0.95059
39	27	0.99313
42	27	0.97461
43	27	0.9715
44	27	0.9873
45	27	0.97171
51	27	0.95406
52	27	0.81834
53	27	0.86088
54	27	0.98192
55	27	0.94122
58	27	0.96461
59	27	0.99308
60	27	0.9372
61	27	0.97295
62	27	0.97206
63	27	0.95508
64	27	0.97436
65	27	0.98645
66	27	0.90309
67	27	0.98452
68	27	0.97512
69	27	0.96295
70	27	0.98839
71	27	0.98355
72	27	0.96239
75	27	0.99111
77	27	0.95402
78	27	0.9728
79	27	0.99344
81	27	0.93699
82	27	0.99157
83	27	0.97236
84	27	0.91784
86	27	0.98936
87	27	0.9429
88	27	0.97408
89	27	0.93683
90	27	0.96798
91	27	0.99067
92	27	0.96678
94	27	0.92558
98	27	0.96788
104	27	0.96434
105	27	0.83286
106	27	0.97457
107	27	0.98761
108	27	0.99494
109	27	0.9743
110	27	0.97129
112	27	0.94865
114	27	0.95376
115	27	0.95942
117	27	0.94666
118	27	0.97716
119	27	0.98477
120	27	0.97033
121	27	0.97795
122	27	0.97653
123	27	0.99133
124	27	0.97898
125	27	0.96795
127	27	0.97189
128	27	0.96627
129	27	0.97775
130	27	0.96941
131	27	0.97957
132	27	0.97173
133	27	0.94765
134	27	0.96202
135	27	0.95879
136	27	0.96731
137	27	0.93461
138	27	0.98779
139	27	0.97063
141	27	0.97172
142	27	0.9672
145	27	0.93275
146	27	0.96782
147	27	0.97149
148	27	0.93848
149	27	0.78486
150	27	0.94323
4	28	0.91324
5	28	0.91929
6	28	0.87783
7	28	0.91244
9	28	0.83541
10	28	0.77386
11	28	0.86768
12	28	0.9476
13	28	0.8945
15	28	0.88374
17	28	0.85929
18	28	0.91566
19	28	0.93395
20	28	0.9427
21	28	0.7936
22	28	0.60304
23	28	0.87839
24	28	0.96379
26	28	0.90147
29	28	0.77491
31	28	0.89194
33	28	0.88686
35	28	0.922
36	28	0.87466
37	28	0.89869
38	28	0.88107
40	28	0.91921
41	28	0.89724
43	28	0.87804
46	28	0.9631
47	28	0.86593
48	28	0.88301
49	28	0.5307
55	28	0.91649
56	28	0.89352
57	28	0.76062
60	28	0.93867
74	28	0.8825
76	28	0.88342
77	28	0.91485
80	28	0.89639
81	28	0.90027
85	28	0.93449
87	28	0.91759
93	28	0.82618
95	28	0.87822
96	28	0.94181
97	28	0.88132
98	28	0.90419
99	28	0.94895
100	28	0.90742
101	28	0.87717
102	28	0.91267
103	28	0.77245
106	28	0.88828
108	28	0.87635
111	28	0.90332
126	28	0.81744
134	28	0.91129
140	28	0.89812
141	28	0.9274
143	28	0.72593
144	28	0.89437
148	28	0.90702
4	29	0.77464
5	29	0.78265
8	29	0.84137
9	29	0.88526
10	29	0.86843
12	29	0.7879
13	29	0.7607
15	29	0.84387
16	29	0.72798
17	29	0.92211
18	29	0.85433
20	29	0.88398
21	29	0.7354
22	29	0.91247
24	29	0.84748
28	29	0.77491
33	29	0.71653
34	29	0.89404
36	29	0.90812
37	29	0.88321
38	29	0.74407
41	29	0.82304
46	29	0.78725
47	29	0.83847
48	29	0.77812
49	29	0.86474
50	29	0.70893
51	29	0.71519
52	29	0.78969
53	29	0.71022
55	29	0.72971
56	29	0.70618
73	29	0.82346
74	29	0.90956
76	29	0.81226
80	29	0.89033
85	29	0.82562
87	29	0.78778
93	29	0.71262
95	29	0.87725
96	29	0.90969
97	29	0.7832
99	29	0.74696
100	29	0.85167
103	29	0.96702
111	29	0.73892
116	29	0.87135
126	29	0.90775
143	29	0.90941
144	29	0.70486
5	30	0.90454
6	30	0.98272
7	30	0.9609
11	30	0.92315
15	30	0.90145
16	30	0.92398
19	30	0.96948
21	30	0.86
23	30	0.96249
25	30	0.97395
26	30	0.97556
27	30	0.96099
31	30	0.95687
33	30	0.96699
37	30	0.86642
38	30	0.96819
39	30	0.96101
40	30	0.86538
42	30	0.93804
43	30	0.94279
44	30	0.95298
46	30	0.82718
51	30	0.94288
52	30	0.89499
53	30	0.90385
54	30	0.97051
56	30	0.9005
59	30	0.96237
60	30	0.91069
62	30	0.94401
65	30	0.94766
69	30	0.9439
70	30	0.95213
72	30	0.94566
74	30	0.8784
75	30	0.96365
77	30	0.98084
78	30	0.98031
79	30	0.96019
81	30	0.93193
82	30	0.97003
86	30	0.94161
87	30	0.92439
88	30	0.96649
91	30	0.95952
93	30	0.8933
98	30	0.94157
102	30	0.78932
107	30	0.96385
108	30	0.97587
119	30	0.95438
120	30	0.92693
121	30	0.9812
123	30	0.95589
124	30	0.9358
129	30	0.95203
131	30	0.94685
134	30	0.93385
138	30	0.96548
139	30	0.96586
140	30	0.93257
141	30	0.97057
142	30	0.93144
144	30	0.96352
148	30	0.94567
5	31	0.86325
6	31	0.9474
7	31	0.96254
11	31	0.88658
19	31	0.94708
23	31	0.96755
25	31	0.97389
26	31	0.94245
27	31	0.9907
28	31	0.89194
30	31	0.95687
32	31	0.95762
33	31	0.92042
35	31	0.80741
39	31	0.99139
40	31	0.83926
43	31	0.96284
44	31	0.96749
46	31	0.82541
54	31	0.97391
56	31	0.86365
59	31	0.98388
60	31	0.96827
62	31	0.96566
64	31	0.96688
65	31	0.9889
67	31	0.97543
68	31	0.9699
69	31	0.97271
70	31	0.98549
71	31	0.96729
72	31	0.93825
75	31	0.97592
77	31	0.95547
78	31	0.97878
79	31	0.98801
81	31	0.94938
82	31	0.98474
83	31	0.96371
84	31	0.93327
86	31	0.97953
88	31	0.98063
91	31	0.97618
93	31	0.82434
98	31	0.97504
99	31	0.92027
102	31	0.80512
104	31	0.95575
106	31	0.96825
107	31	0.97574
108	31	0.99079
109	31	0.9733
110	31	0.96059
112	31	0.94923
114	31	0.94264
118	31	0.96823
119	31	0.97051
120	31	0.96509
121	31	0.97197
122	31	0.97979
123	31	0.98086
124	31	0.97163
128	31	0.96566
129	31	0.96611
130	31	0.97724
131	31	0.97578
132	31	0.95208
133	31	0.95566
134	31	0.98193
135	31	0.95706
136	31	0.96405
137	31	0.92975
138	31	0.97843
139	31	0.96643
140	31	0.93325
141	31	0.98828
144	31	0.93307
146	31	0.96851
147	31	0.96746
148	31	0.95599
2	32	0.94049
3	32	0.84265
25	32	0.93819
27	32	0.9688
31	32	0.95762
39	32	0.95312
44	32	0.94662
45	32	0.94007
58	32	0.94255
59	32	0.96609
61	32	0.94663
63	32	0.9497
64	32	0.96638
65	32	0.95934
66	32	0.90524
67	32	0.98532
68	32	0.95851
70	32	0.94831
71	32	0.97736
75	32	0.95752
79	32	0.96945
82	32	0.94838
84	32	0.91318
86	32	0.97797
89	32	0.95411
90	32	0.96532
91	32	0.95371
104	32	0.97857
105	32	0.9103
106	32	0.94595
107	32	0.95689
108	32	0.94956
109	32	0.97621
110	32	0.95433
114	32	0.94812
115	32	0.94254
118	32	0.96065
119	32	0.94734
122	32	0.95869
123	32	0.95429
124	32	0.97813
125	32	0.97272
127	32	0.969
128	32	0.94597
130	32	0.955
131	32	0.94008
132	32	0.97749
133	32	0.93427
136	32	0.95599
137	32	0.96216
138	32	0.9556
145	32	0.93897
146	32	0.95197
147	32	0.96045
149	32	0.85431
150	32	0.94167
5	33	0.96974
6	33	0.98837
7	33	0.93183
11	33	0.86587
15	33	0.96868
16	33	0.90919
18	33	0.94032
19	33	0.97244
21	33	0.93974
23	33	0.96834
24	33	0.85315
25	33	0.93475
26	33	0.97135
27	33	0.9084
28	33	0.88686
29	33	0.71653
30	33	0.96699
31	33	0.92042
35	33	0.77421
36	33	0.87431
37	33	0.93145
38	33	0.95174
39	33	0.92551
40	33	0.91862
43	33	0.93351
44	33	0.90975
46	33	0.90118
47	33	0.90209
52	33	0.85815
54	33	0.94407
55	33	0.91074
56	33	0.96642
59	33	0.90887
62	33	0.92004
69	33	0.91646
70	33	0.92279
74	33	0.89967
75	33	0.91122
77	33	0.96947
78	33	0.95131
80	33	0.89384
81	33	0.96186
82	33	0.93494
87	33	0.91769
88	33	0.94791
91	33	0.91648
93	33	0.97329
96	33	0.89674
99	33	0.90664
100	33	0.90856
102	33	0.82305
103	33	0.78248
107	33	0.91355
108	33	0.93811
119	33	0.91366
121	33	0.94961
123	33	0.91488
129	33	0.92551
138	33	0.91692
139	33	0.9534
140	33	0.95215
141	33	0.96083
144	33	0.99546
148	33	0.97
2	34	0.86783
3	34	0.84918
4	34	0.93475
8	34	0.83194
9	34	0.76827
10	34	0.90645
11	34	0.87703
12	34	0.89436
13	34	0.93499
14	34	0.88131
15	34	0.86593
16	34	0.87688
17	34	0.93168
18	34	0.88056
20	34	0.97183
22	34	0.86326
24	34	0.842
25	34	0.86868
29	34	0.89404
36	34	0.98214
37	34	0.87566
38	34	0.91834
41	34	0.93288
43	34	0.86708
44	34	0.866
45	34	0.87527
48	34	0.9281
49	34	0.72034
50	34	0.88016
51	34	0.93442
52	34	0.91216
53	34	0.90304
55	34	0.90107
57	34	0.71553
62	34	0.86492
73	34	0.8351
74	34	0.95843
75	34	0.85425
76	34	0.9417
77	34	0.85527
80	34	0.90867
85	34	0.90115
87	34	0.94321
92	34	0.87564
94	34	0.88578
95	34	0.95283
96	34	0.93129
97	34	0.9241
99	34	0.85459
100	34	0.92263
101	34	0.89444
103	34	0.85249
106	34	0.86764
114	34	0.87629
116	34	0.93316
126	34	0.93495
129	34	0.87832
143	34	0.87921
4	35	0.83468
5	35	0.82863
7	35	0.85994
9	35	0.79125
11	35	0.84606
12	35	0.86558
16	35	0.80161
18	35	0.78549
19	35	0.85245
20	35	0.84017
23	35	0.7685
24	35	0.91928
26	35	0.84599
28	35	0.922
31	35	0.80741
33	35	0.77421
37	35	0.83932
40	35	0.87012
41	35	0.7644
46	35	0.86558
53	35	0.78367
55	35	0.78457
56	35	0.82498
57	35	0.8085
60	35	0.88413
69	35	0.79213
74	35	0.76709
77	35	0.79339
81	35	0.76935
84	35	0.79286
85	35	0.84093
87	35	0.76874
96	35	0.82633
97	35	0.77056
98	35	0.83746
99	35	0.8713
100	35	0.78991
101	35	0.81167
102	35	0.87177
106	35	0.78023
111	35	0.85537
113	35	0.81025
114	35	0.77426
130	35	0.77969
134	35	0.835
135	35	0.76673
140	35	0.81979
141	35	0.84683
144	35	0.78702
148	35	0.8046
2	36	0.86967
3	36	0.81363
4	36	0.92508
8	36	0.79337
9	36	0.76483
10	36	0.84642
11	36	0.86571
12	36	0.88067
13	36	0.94911
14	36	0.90153
15	36	0.91428
16	36	0.87623
17	36	0.93884
18	36	0.91565
20	36	0.97215
21	36	0.79775
22	36	0.85642
24	36	0.86354
25	36	0.88691
26	36	0.88162
28	36	0.87466
29	36	0.90812
33	36	0.87431
34	36	0.98214
37	36	0.9143
38	36	0.94498
41	36	0.93635
43	36	0.88467
44	36	0.88212
45	36	0.8797
46	36	0.83033
47	36	0.9028
48	36	0.94535
49	36	0.69411
50	36	0.81654
51	36	0.93271
52	36	0.93273
53	36	0.86611
55	36	0.91635
62	36	0.88995
73	36	0.79078
74	36	0.98468
75	36	0.86954
76	36	0.94766
77	36	0.87885
80	36	0.94615
81	36	0.86922
85	36	0.88878
87	36	0.95968
92	36	0.89674
94	36	0.87326
95	36	0.9655
96	36	0.94873
97	36	0.92225
100	36	0.94723
101	36	0.86976
103	36	0.88188
106	36	0.87674
116	36	0.91674
126	36	0.9092
129	36	0.89627
139	36	0.87544
143	36	0.83759
144	36	0.86928
4	37	0.89721
5	37	0.96482
6	37	0.87946
7	37	0.87096
8	37	0.63045
9	37	0.77926
10	37	0.79026
11	37	0.86122
15	37	0.96914
16	37	0.91442
17	37	0.88978
18	37	0.96204
19	37	0.90147
20	37	0.92337
21	37	0.91165
22	37	0.7483
23	37	0.87709
24	37	0.94278
26	37	0.91512
28	37	0.89869
29	37	0.88321
30	37	0.86642
33	37	0.93145
34	37	0.87566
35	37	0.83932
36	37	0.9143
38	37	0.88574
40	37	0.89098
41	37	0.89162
46	37	0.9153
47	37	0.93035
48	37	0.85202
49	37	0.61353
52	37	0.86057
53	37	0.85548
55	37	0.872
56	37	0.94173
57	37	0.75651
73	37	0.6864
74	37	0.93952
76	37	0.86206
77	37	0.89402
80	37	0.94069
81	37	0.88641
87	37	0.88376
93	37	0.91975
95	37	0.89332
96	37	0.95788
99	37	0.90425
100	37	0.94096
101	37	0.85582
102	37	0.85182
103	37	0.92369
126	37	0.86504
139	37	0.85684
140	37	0.91698
141	37	0.86961
143	37	0.81704
144	37	0.93035
148	37	0.90024
2	38	0.93924
3	38	0.81822
4	38	0.93678
5	38	0.89237
6	38	0.96147
8	38	0.59872
11	38	0.89387
13	38	0.97761
14	38	0.94816
15	38	0.91721
16	38	0.90919
17	38	0.83982
18	38	0.90726
19	38	0.93474
20	38	0.9266
21	38	0.83749
22	38	0.67412
23	38	0.94848
25	38	0.97897
26	38	0.95317
27	38	0.95059
28	38	0.88107
29	38	0.74407
30	38	0.96819
33	38	0.95174
34	38	0.91834
36	38	0.94498
37	38	0.88574
39	38	0.94151
40	38	0.8167
41	38	0.92027
42	38	0.9607
43	38	0.96626
44	38	0.97344
45	38	0.94535
46	38	0.83134
47	38	0.87751
48	38	0.95372
51	38	0.97901
52	38	0.91372
53	38	0.89539
54	38	0.9558
55	38	0.96505
56	38	0.86492
59	38	0.94229
61	38	0.94371
62	38	0.95779
70	38	0.94059
74	38	0.93287
75	38	0.96535
76	38	0.92834
77	38	0.96255
78	38	0.94051
79	38	0.94507
80	38	0.89783
81	38	0.93756
82	38	0.95539
87	38	0.9788
88	38	0.93356
91	38	0.96044
92	38	0.95819
93	38	0.87475
95	38	0.91844
96	38	0.89649
100	38	0.91992
103	38	0.75371
106	38	0.94728
107	38	0.96145
108	38	0.96042
119	38	0.94195
120	38	0.93721
121	38	0.95559
123	38	0.95761
129	38	0.96904
138	38	0.93775
139	38	0.96455
140	38	0.92434
141	38	0.94453
142	38	0.96519
144	38	0.95046
148	38	0.93938
2	39	0.95647
6	39	0.9551
7	39	0.94955
14	39	0.94364
19	39	0.93006
23	39	0.97855
25	39	0.98386
26	39	0.9269
27	39	0.99313
30	39	0.96101
31	39	0.99139
32	39	0.95312
33	39	0.92551
38	39	0.94151
40	39	0.80877
42	39	0.96787
43	39	0.97853
44	39	0.98032
45	39	0.95811
51	39	0.93988
54	39	0.99212
55	39	0.93853
56	39	0.85663
58	39	0.95492
59	39	0.99522
60	39	0.93908
61	39	0.96596
62	39	0.97319
63	39	0.94928
64	39	0.98105
65	39	0.99642
67	39	0.97872
68	39	0.98341
69	39	0.97749
70	39	0.99785
71	39	0.98035
72	39	0.96117
75	39	0.98503
77	39	0.95693
78	39	0.98652
79	39	0.99205
81	39	0.9545
82	39	0.99618
83	39	0.97908
84	39	0.90776
86	39	0.99011
88	39	0.99085
90	39	0.96069
91	39	0.99095
92	39	0.96141
93	39	0.83321
98	39	0.96193
104	39	0.96936
106	39	0.9687
107	39	0.98117
108	39	0.99341
109	39	0.97953
110	39	0.96425
112	39	0.94872
115	39	0.96495
117	39	0.95199
118	39	0.98393
119	39	0.98944
120	39	0.97822
121	39	0.98861
122	39	0.98053
123	39	0.99238
124	39	0.98238
125	39	0.9695
127	39	0.96849
128	39	0.96626
129	39	0.97722
130	39	0.97257
131	39	0.98512
132	39	0.95584
133	39	0.97162
134	39	0.96702
135	39	0.96214
136	39	0.97619
137	39	0.93758
138	39	0.99125
139	39	0.98
140	39	0.93671
141	39	0.97714
142	39	0.9629
144	39	0.93926
145	39	0.92685
146	39	0.96889
147	39	0.97895
148	39	0.95978
149	39	0.79184
150	39	0.93185
5	40	0.95576
6	40	0.903
7	40	0.9014
9	40	0.68474
11	40	0.81843
15	40	0.89103
16	40	0.8143
18	40	0.87042
19	40	0.95441
20	40	0.80888
21	40	0.90851
23	40	0.86047
24	40	0.89139
25	40	0.80222
26	40	0.89726
28	40	0.91921
30	40	0.86538
31	40	0.83926
33	40	0.91862
35	40	0.87012
37	40	0.89098
38	40	0.8167
39	40	0.80877
43	40	0.79585
46	40	0.95984
54	40	0.81085
55	40	0.8061
56	40	0.96396
57	40	0.71308
60	40	0.91368
69	40	0.81503
74	40	0.7957
77	40	0.90637
78	40	0.85045
81	40	0.8544
82	40	0.80487
88	40	0.85401
93	40	0.90764
96	40	0.85002
98	40	0.83982
99	40	0.87408
100	40	0.80734
102	40	0.91304
108	40	0.82286
121	40	0.8139
131	40	0.82185
134	40	0.88295
139	40	0.81394
140	40	0.87851
141	40	0.9047
144	40	0.91154
148	40	0.8851
2	41	0.93311
4	41	0.97144
5	41	0.88216
8	41	0.69221
9	41	0.7495
10	41	0.86463
12	41	0.93763
13	41	0.93695
14	41	0.94958
15	41	0.90731
16	41	0.92621
17	41	0.96299
18	41	0.95414
20	41	0.95999
22	41	0.68203
23	41	0.9193
24	41	0.89573
25	41	0.9207
28	41	0.89724
29	41	0.82304
34	41	0.93288
35	41	0.7644
36	41	0.93635
37	41	0.89162
38	41	0.92027
43	41	0.94998
44	41	0.91753
45	41	0.93722
46	41	0.84968
47	41	0.95063
48	41	0.98109
49	41	0.70502
50	41	0.88714
51	41	0.94085
52	41	0.83457
53	41	0.86902
55	41	0.94964
57	41	0.75589
58	41	0.92169
61	41	0.91794
62	41	0.95027
73	41	0.84685
74	41	0.91842
76	41	0.99028
80	41	0.96986
81	41	0.93616
85	41	0.91859
87	41	0.97285
92	41	0.94933
94	41	0.93624
95	41	0.98843
96	41	0.9613
97	41	0.97487
99	41	0.95856
100	41	0.97649
101	41	0.95494
102	41	0.82132
103	41	0.8473
106	41	0.94413
110	41	0.92631
111	41	0.93935
113	41	0.93455
114	41	0.92198
116	41	0.94944
120	41	0.93492
126	41	0.94961
129	41	0.94928
135	41	0.94283
139	41	0.92608
140	41	0.93195
143	41	0.86883
2	42	0.96021
6	42	0.93942
13	42	0.95688
14	42	0.9548
25	42	0.97499
27	42	0.97461
30	42	0.93804
38	42	0.9607
39	42	0.96787
43	42	0.96337
44	42	0.97992
45	42	0.96239
51	42	0.94701
54	42	0.97757
55	42	0.95414
58	42	0.96002
59	42	0.972
61	42	0.97052
63	42	0.95584
64	42	0.95773
67	42	0.95408
68	42	0.96173
70	42	0.96815
71	42	0.96581
72	42	0.95983
75	42	0.97037
79	42	0.9587
82	42	0.97666
83	42	0.97175
86	42	0.95899
87	42	0.93865
88	42	0.95393
89	42	0.93701
90	42	0.95505
91	42	0.9769
92	42	0.96246
106	42	0.95465
107	42	0.95762
108	42	0.96329
118	42	0.96354
119	42	0.97912
120	42	0.95281
121	42	0.96046
123	42	0.97457
125	42	0.95989
127	42	0.95569
129	42	0.95644
131	42	0.96738
136	42	0.95123
138	42	0.96763
139	42	0.95635
142	42	0.99433
145	42	0.95556
146	42	0.95392
147	42	0.95166
150	42	0.93631
2	43	0.97458
4	43	0.94808
5	43	0.88339
6	43	0.94395
7	43	0.93195
12	43	0.86393
13	43	0.9582
14	43	0.97372
15	43	0.89093
16	43	0.91817
17	43	0.84412
18	43	0.91485
19	43	0.91503
20	43	0.8985
21	43	0.76452
23	43	0.98108
25	43	0.98526
26	43	0.91557
27	43	0.9715
28	43	0.87804
30	43	0.94279
31	43	0.96284
33	43	0.93351
34	43	0.86708
36	43	0.88467
38	43	0.96626
39	43	0.97853
40	43	0.79585
41	43	0.94998
42	43	0.96337
44	43	0.98577
45	43	0.97528
46	43	0.82481
47	43	0.8972
48	43	0.96799
50	43	0.7905
51	43	0.96856
52	43	0.82543
53	43	0.86897
54	43	0.97567
55	43	0.97374
56	43	0.86517
58	43	0.97008
59	43	0.97117
61	43	0.97774
62	43	0.98611
65	43	0.96361
68	43	0.96249
69	43	0.97094
70	43	0.98244
71	43	0.96371
72	43	0.94294
74	43	0.86645
75	43	0.98038
76	43	0.946
77	43	0.95792
78	43	0.96243
79	43	0.97361
80	43	0.89975
81	43	0.97018
82	43	0.97666
83	43	0.9825
86	43	0.96482
87	43	0.97391
88	43	0.96725
91	43	0.98404
92	43	0.98563
93	43	0.85006
94	43	0.94325
95	43	0.92224
96	43	0.88565
97	43	0.92011
98	43	0.94293
99	43	0.93307
100	43	0.92335
101	43	0.9425
106	43	0.97979
107	43	0.97321
108	43	0.97705
110	43	0.97032
111	43	0.86738
113	43	0.91807
114	43	0.93766
116	43	0.82632
117	43	0.95606
119	43	0.9665
120	43	0.98617
121	43	0.97198
123	43	0.9874
126	43	0.82169
128	43	0.9656
129	43	0.9911
131	43	0.95543
134	43	0.93619
135	43	0.9738
138	43	0.9603
139	43	0.98558
140	43	0.95698
141	43	0.95832
142	43	0.97435
144	43	0.94829
146	43	0.96235
147	43	0.96224
148	43	0.96642
2	44	0.98379
3	44	0.83319
4	44	0.93444
6	44	0.93605
11	44	0.87284
13	44	0.9593
14	44	0.97755
23	44	0.95714
25	44	0.99233
26	44	0.92213
27	44	0.9873
30	44	0.95298
31	44	0.96749
32	44	0.94662
33	44	0.90975
34	44	0.866
36	44	0.88212
38	44	0.97344
39	44	0.98032
41	44	0.91753
42	44	0.97992
43	44	0.98577
45	44	0.98329
48	44	0.96035
51	44	0.9823
52	44	0.85366
53	44	0.87544
54	44	0.97671
55	44	0.9611
58	44	0.98109
59	44	0.98299
61	44	0.99035
62	44	0.98417
63	44	0.95324
64	44	0.95513
65	44	0.96583
67	44	0.96667
68	44	0.96478
69	44	0.95763
70	44	0.98164
71	44	0.97996
72	44	0.96445
75	44	0.99441
76	44	0.93259
77	44	0.94341
78	44	0.95815
79	44	0.9865
81	44	0.94023
82	44	0.98365
83	44	0.97726
86	44	0.98034
87	44	0.96942
88	44	0.95612
89	44	0.93859
90	44	0.97199
91	44	0.99418
92	44	0.98817
94	44	0.95435
95	44	0.89384
97	44	0.90404
98	44	0.94379
101	44	0.92428
104	44	0.94719
106	44	0.98258
107	44	0.9921
108	44	0.98522
110	44	0.9755
113	44	0.90058
114	44	0.95832
115	44	0.95962
117	44	0.95384
118	44	0.9597
119	44	0.97871
120	44	0.97765
121	44	0.97309
123	44	0.99212
124	44	0.96813
125	44	0.96028
127	44	0.97524
128	44	0.95793
129	44	0.99168
131	44	0.95577
132	44	0.9696
135	44	0.96274
138	44	0.97449
139	44	0.97638
141	44	0.95049
142	44	0.9821
145	44	0.93712
146	44	0.96149
147	44	0.96222
150	44	0.95348
