5	2	0.90398
6	2	0.96595
9	2	0.7076
13	2	0.92842
15	2	0.87986
19	2	0.93591
20	2	0.91852
21	2	0.88514
23	2	0.89704
25	2	0.9832
27	2	0.92848
28	2	0.92148
30	2	0.93451
31	2	0.97921
32	2	0.65074
33	2	0.86709
36	2	0.90671
38	2	0.94354
39	2	0.93093
40	2	0.90108
41	2	0.98132
42	2	0.97461
43	2	0.95536
51	2	0.97076
52	2	0.93181
54	2	0.95433
57	2	0.83007
59	2	0.945
60	2	0.91704
62	2	0.91999
63	2	0.91634
64	2	0.95283
65	2	0.94999
66	2	0.94229
69	2	0.90024
70	2	0.92022
74	2	0.9486
75	2	0.95279
76	2	0.94102
77	2	0.90024
82	2	0.93901
83	2	0.94531
84	2	0.89372
85	2	0.91589
86	2	0.92622
87	2	0.94082
88	2	0.95076
89	2	0.97074
93	2	0.41244
94	2	0.97228
97	2	0.89132
98	2	0.97828
99	2	0.96571
100	2	0.93712
101	2	0.93999
102	2	0.89689
107	2	0.97951
108	2	0.97266
109	2	0.93721
113	2	0.98722
114	2	0.90838
115	2	0.98312
117	2	0.9596
122	2	0.9225
123	2	0.94433
126	2	0.88376
130	2	0.78187
131	2	0.94286
135	2	0.95532
137	2	0.97966
138	2	0.92944
139	2	0.93583
141	2	0.88677
142	2	0.92835
143	2	0.59072
145	2	0.93676
148	2	0.87192
150	2	0.87719
4	3	0.5907
5	3	0.38064
8	3	0.31733
9	3	0.44564
10	3	0.96924
11	3	0.41567
14	3	0.56773
15	3	0.28505
17	3	0.38923
21	3	0.34414
23	3	0.27219
28	3	0.28952
34	3	0.42199
35	3	0.27038
42	3	0.39283
43	3	0.29627
45	3	0.33033
46	3	0.45021
48	3	0.28264
49	3	0.51426
50	3	0.34754
51	3	0.34071
57	3	0.52245
61	3	0.26646
66	3	0.28941
72	3	0.32767
73	3	0.73376
76	3	0.51691
77	3	0.26627
78	3	0.27461
83	3	0.31786
84	3	0.31669
87	3	0.31372
88	3	0.51123
92	3	0.27405
93	3	0.89279
95	3	0.38579
96	3	0.32212
97	3	0.36362
100	3	0.38644
110	3	0.2882
111	3	0.4108
124	3	0.27263
126	3	0.49694
133	3	0.27476
136	3	0.27412
142	3	0.3486
143	3	0.81871
148	3	0.28394
149	3	0.30645
3	4	0.5907
5	4	0.67602
7	4	0.85195
10	4	0.61934
12	4	0.88441
13	4	0.73004
16	4	0.87398
17	4	0.95327
18	4	0.70562
19	4	0.64957
20	4	0.73785
22	4	0.9012
24	4	0.78212
25	4	0.64623
26	4	0.78807
29	4	0.84157
30	4	0.71172
33	4	0.71523
36	4	0.7826
37	4	0.79201
40	4	0.68929
42	4	0.72892
47	4	0.43976
52	4	0.70231
53	4	0.77495
57	4	0.71673
62	4	0.67979
63	4	0.77437
66	4	0.77257
74	4	0.67835
75	4	0.73805
80	4	0.86441
81	4	0.81555
85	4	0.76056
88	4	0.75082
93	4	0.66069
100	4	0.75662
102	4	0.67124
103	4	0.79094
105	4	0.68416
111	4	0.92823
112	4	0.86475
114	4	0.74853
116	4	0.78815
132	4	0.72814
135	4	0.7132
140	4	0.75608
141	4	0.71516
143	4	0.91882
145	4	0.7158
146	4	0.77264
147	4	0.76466
148	4	0.75988
2	5	0.90398
3	5	0.38064
4	5	0.67602
8	5	0.75894
10	5	0.29148
11	5	0.79978
13	5	0.931
14	5	0.79575
15	5	0.86254
19	5	0.90639
20	5	0.89935
21	5	0.93095
23	5	0.89116
24	5	0.86431
25	5	0.89542
27	5	0.87034
31	5	0.94247
32	5	0.63338
33	5	0.87823
35	5	0.88222
38	5	0.90173
39	5	0.9626
40	5	0.91792
41	5	0.89933
42	5	0.93932
43	5	0.92308
46	5	0.88472
49	5	0.57026
50	5	0.75469
51	5	0.86685
52	5	0.96586
54	5	0.90441
56	5	0.84421
57	5	0.95515
59	5	0.87795
64	5	0.93084
65	5	0.96525
66	5	0.92669
69	5	0.96052
72	5	0.82991
73	5	0.65291
74	5	0.89479
75	5	0.89201
76	5	0.87687
77	5	0.86856
78	5	0.8864
84	5	0.93152
85	5	0.91727
86	5	0.86109
88	5	0.89566
93	5	0.52805
96	5	0.89589
99	5	0.95587
100	5	0.94023
101	5	0.97375
104	5	0.8875
108	5	0.91192
111	5	0.82982
113	5	0.92459
124	5	0.84048
130	5	0.84696
131	5	0.87265
133	5	0.81802
137	5	0.91643
141	5	0.88156
143	5	0.69281
144	5	0.803
148	5	0.93217
149	5	0.78661
150	5	0.97203
2	6	0.96595
25	6	0.94325
27	6	0.92555
28	6	0.96671
30	6	0.88267
31	6	0.92005
32	6	0.67853
34	6	0.92588
38	6	0.921
41	6	0.93742
42	6	0.91232
43	6	0.91657
44	6	0.95827
45	6	0.86144
48	6	0.91762
51	6	0.97387
55	6	0.86511
58	6	0.89053
59	6	0.94569
60	6	0.92241
61	6	0.93127
62	6	0.89139
64	6	0.90895
67	6	0.89332
68	6	0.9063
70	6	0.97111
71	6	0.92641
74	6	0.8948
75	6	0.91014
76	6	0.92193
77	6	0.89896
82	6	0.96672
83	6	0.973
86	6	0.93076
87	6	0.97156
88	6	0.91527
89	6	0.99086
90	6	0.88459
91	6	0.89769
92	6	0.92079
94	6	0.98863
95	6	0.93449
97	6	0.9352
98	6	0.9824
107	6	0.98143
108	6	0.92165
109	6	0.96926
110	6	0.93835
113	6	0.9546
115	6	0.97276
117	6	0.96976
118	6	0.91212
120	6	0.90287
121	6	0.87756
122	6	0.94615
123	6	0.98507
125	6	0.93751
126	6	0.90763
127	6	0.89612
129	6	0.91868
131	6	0.94581
135	6	0.92069
137	6	0.93745
138	6	0.9608
139	6	0.96106
142	6	0.96659
4	7	0.85195
10	7	0.20692
12	7	0.96153
13	7	0.95398
16	7	0.92545
17	7	0.84874
18	7	0.87832
19	7	0.92709
20	7	0.97139
22	7	0.93309
24	7	0.97769
25	7	0.9111
26	7	0.94703
29	7	0.91779
30	7	0.95459
31	7	0.87612
33	7	0.94327
36	7	0.97614
37	7	0.92302
40	7	0.94249
41	7	0.88151
42	7	0.90278
47	7	0.42264
52	7	0.92382
53	7	0.96099
54	7	0.88191
57	7	0.80532
62	7	0.92683
63	7	0.96394
65	7	0.87428
66	7	0.9537
74	7	0.90905
75	7	0.94639
80	7	0.93612
81	7	0.96441
85	7	0.95614
93	7	0.40499
100	7	0.91922
101	7	0.87061
102	7	0.92916
103	7	0.9531
105	7	0.90318
108	7	0.91096
111	7	0.95303
112	7	0.96758
114	7	0.97406
116	7	0.92083
132	7	0.95133
135	7	0.9291
137	7	0.89415
140	7	0.96817
141	7	0.96256
143	7	0.70892
145	7	0.95962
146	7	0.9755
147	7	0.97349
148	7	0.94254
3	8	0.31733
5	8	0.75894
10	8	0.16812
11	8	0.88205
14	8	0.91307
15	8	0.74405
21	8	0.79882
23	8	0.81274
27	8	0.74955
31	8	0.64142
35	8	0.96517
38	8	0.76304
39	8	0.74001
43	8	0.74462
46	8	0.88189
49	8	0.65063
50	8	0.94569
52	8	0.63799
56	8	0.96619
57	8	0.75423
59	8	0.71924
60	8	0.63901
64	8	0.7571
65	8	0.69299
67	8	0.76594
69	8	0.84448
72	8	0.97992
73	8	0.71398
77	8	0.79847
78	8	0.95165
79	8	0.77334
84	8	0.80443
86	8	0.70778
96	8	0.8628
99	8	0.68882
101	8	0.70353
104	8	0.92058
106	8	0.72975
119	8	0.72253
122	8	0.68088
124	8	0.95402
125	8	0.6892
128	8	0.77172
129	8	0.67338
130	8	0.74579
131	8	0.71503
133	8	0.97579
134	8	0.72718
136	8	0.82138
144	8	0.807
149	8	0.94666
150	8	0.7892
2	9	0.7076
3	9	0.44564
10	9	0.25738
13	9	0.65304
14	9	0.73314
15	9	0.8576
21	9	0.80338
23	9	0.74476
27	9	0.68632
31	9	0.68215
34	9	0.6576
38	9	0.72663
39	9	0.71794
42	9	0.70405
43	9	0.7684
44	9	0.67344
46	9	0.74425
48	9	0.66509
49	9	0.92345
51	9	0.6787
54	9	0.75242
59	9	0.6747
61	9	0.66473
64	9	0.72265
67	9	0.71602
69	9	0.68052
71	9	0.65082
74	9	0.65821
76	9	0.76453
77	9	0.67256
79	9	0.6711
82	9	0.66997
86	9	0.6557
88	9	0.71518
89	9	0.65147
93	9	0.41318
95	9	0.75091
96	9	0.66707
97	9	0.71062
99	9	0.66788
100	9	0.72998
106	9	0.71097
107	9	0.70766
110	9	0.6846
113	9	0.68235
117	9	0.75892
125	9	0.66922
126	9	0.71773
127	9	0.67118
131	9	0.67472
136	9	0.68171
139	9	0.69743
149	9	0.70037
3	10	0.96924
4	10	0.61934
5	10	0.29148
7	10	0.20692
8	10	0.16812
9	10	0.25738
11	10	0.28343
12	10	0.23982
14	10	0.41129
16	10	0.19558
17	10	0.43331
21	10	0.19211
22	10	0.27276
28	10	0.22193
34	10	0.34246
42	10	0.31222
43	10	0.1635
45	10	0.24754
46	10	0.30117
48	10	0.18099
49	10	0.30659
50	10	0.19314
51	10	0.25935
52	10	0.17101
55	10	0.17383
57	10	0.42728
66	10	0.23393
72	10	0.18326
73	10	0.6344
75	10	0.17562
76	10	0.42079
80	10	0.1779
83	10	0.24902
84	10	0.20913
87	10	0.24284
88	10	0.44052
92	10	0.19758
93	10	0.89228
95	10	0.27471
96	10	0.19201
97	10	0.28391
100	10	0.29752
110	10	0.18726
111	10	0.40054
112	10	0.23162
113	10	0.16614
126	10	0.41833
142	10	0.29482
143	10	0.82858
148	10	0.20096
3	11	0.41567
5	11	0.79978
8	11	0.88205
10	11	0.28343
14	11	0.87821
15	11	0.7395
21	11	0.79789
23	11	0.79973
27	11	0.77124
31	11	0.70325
35	11	0.88487
38	11	0.78101
39	11	0.76204
43	11	0.77515
46	11	0.89953
49	11	0.59508
50	11	0.9038
52	11	0.71053
56	11	0.86718
57	11	0.83491
59	11	0.76322
64	11	0.77359
65	11	0.73545
67	11	0.79225
69	11	0.82888
72	11	0.89917
73	11	0.87289
76	11	0.70045
77	11	0.80528
78	11	0.88414
79	11	0.76864
84	11	0.80819
86	11	0.73488
93	11	0.40592
96	11	0.8545
99	11	0.72807
101	11	0.77015
104	11	0.87408
106	11	0.69438
113	11	0.70605
119	11	0.73074
122	11	0.71771
124	11	0.87805
125	11	0.72105
128	11	0.76608
129	11	0.69592
130	11	0.7214
131	11	0.752
133	11	0.88683
134	11	0.73574
136	11	0.80918
144	11	0.78624
149	11	0.84142
150	11	0.79844
4	12	0.88441
7	12	0.96153
10	12	0.23982
13	12	0.87364
16	12	0.98341
17	12	0.9153
18	12	0.89471
19	12	0.84853
20	12	0.91343
22	12	0.98661
24	12	0.95176
25	12	0.81185
26	12	0.96359
29	12	0.98442
30	12	0.89894
33	12	0.89915
36	12	0.92249
37	12	0.97599
40	12	0.87277
41	12	0.76747
42	12	0.80649
47	12	0.38388
52	12	0.82613
53	12	0.91904
54	12	0.77692
62	12	0.87199
63	12	0.9313
66	12	0.8804
74	12	0.7948
75	12	0.84401
80	12	0.97327
81	12	0.97978
85	12	0.87827
93	12	0.39739
100	12	0.84176
102	12	0.87852
103	12	0.97254
105	12	0.86513
108	12	0.80157
111	12	0.96244
112	12	0.98224
114	12	0.93401
115	12	0.75183
116	12	0.9613
132	12	0.91372
135	12	0.86634
137	12	0.78016
140	12	0.96093
141	12	0.91405
143	12	0.72359
145	12	0.90128
146	12	0.95869
147	12	0.92079
148	12	0.88509
2	13	0.92842
4	13	0.73004
5	13	0.931
7	13	0.95398
9	13	0.65304
12	13	0.87364
16	13	0.81673
17	13	0.71549
18	13	0.81321
19	13	0.96157
20	13	0.98428
21	13	0.87162
22	13	0.83567
24	13	0.95599
25	13	0.95621
26	13	0.91089
29	13	0.81198
30	13	0.95112
31	13	0.96175
32	13	0.6455
33	13	0.96792
36	13	0.94949
37	13	0.83482
39	13	0.95742
40	13	0.98971
41	13	0.93328
42	13	0.94734
47	13	0.33991
52	13	0.98045
53	13	0.92888
54	13	0.97493
57	13	0.87164
62	13	0.90852
63	13	0.94145
64	13	0.89052
65	13	0.96087
66	13	0.96807
69	13	0.88263
74	13	0.93613
75	13	0.95324
80	13	0.83942
81	13	0.91838
85	13	0.97782
88	13	0.88303
99	13	0.95152
100	13	0.97013
101	13	0.95757
102	13	0.9323
103	13	0.86992
105	13	0.89688
108	13	0.96529
111	13	0.89461
112	13	0.8988
113	13	0.90682
114	13	0.96272
115	13	0.91078
116	13	0.82694
130	13	0.80122
132	13	0.94723
135	13	0.93472
137	13	0.95532
140	13	0.93831
141	13	0.97528
143	13	0.63401
145	13	0.96656
146	13	0.94583
147	13	0.96347
148	13	0.98135
150	13	0.93027
3	14	0.56773
5	14	0.79575
8	14	0.91307
9	14	0.73314
10	14	0.41129
11	14	0.87821
15	14	0.84077
21	14	0.86792
23	14	0.87651
27	14	0.82411
34	14	0.74236
35	14	0.89523
38	14	0.83794
39	14	0.77245
43	14	0.83836
46	14	0.95878
48	14	0.75602
49	14	0.81508
50	14	0.91528
56	14	0.87246
57	14	0.81423
59	14	0.80755
61	14	0.76281
64	14	0.81284
67	14	0.86007
69	14	0.85655
72	14	0.93771
73	14	0.8317
76	14	0.80786
77	14	0.85955
78	14	0.91776
79	14	0.84478
82	14	0.73967
84	14	0.846
86	14	0.7788
93	14	0.55973
95	14	0.77644
96	14	0.90974
104	14	0.90348
106	14	0.79903
110	14	0.74074
119	14	0.81254
122	14	0.76951
124	14	0.9153
125	14	0.78611
128	14	0.84984
129	14	0.76809
131	14	0.80151
133	14	0.92567
134	14	0.78463
136	14	0.88174
144	14	0.79863
149	14	0.94203
150	14	0.76583
2	15	0.87986
3	15	0.28505
5	15	0.86254
8	15	0.74405
9	15	0.8576
11	15	0.7395
14	15	0.84077
21	15	0.97968
23	15	0.96317
27	15	0.91075
31	15	0.89215
35	15	0.84292
38	15	0.93878
39	15	0.92936
41	15	0.85743
42	15	0.8657
43	15	0.94552
44	15	0.84285
46	15	0.92453
49	15	0.80408
50	15	0.75872
54	15	0.90159
56	15	0.8113
59	15	0.88673
60	15	0.84316
64	15	0.95041
65	15	0.8767
67	15	0.89959
69	15	0.93209
72	15	0.8126
73	15	0.57342
74	15	0.84687
76	15	0.87271
77	15	0.89387
78	15	0.87824
79	15	0.89457
82	15	0.8626
84	15	0.90762
86	15	0.87077
93	15	0.40993
95	15	0.84441
96	15	0.91283
99	15	0.91505
100	15	0.87487
101	15	0.87077
104	15	0.8761
106	15	0.84214
107	15	0.88302
108	15	0.85238
113	15	0.90062
117	15	0.89654
122	15	0.86674
124	15	0.84765
125	15	0.86911
130	15	0.78619
131	15	0.8947
133	15	0.82097
134	15	0.87736
136	15	0.91343
139	15	0.87411
144	15	0.79457
149	15	0.86329
150	15	0.84844
4	16	0.87398
7	16	0.92545
10	16	0.19558
12	16	0.98341
13	16	0.81673
17	16	0.91962
18	16	0.86277
19	16	0.76821
20	16	0.86293
22	16	0.99437
24	16	0.90686
25	16	0.73431
26	16	0.96198
29	16	0.99441
30	16	0.84304
33	16	0.84024
36	16	0.88048
37	16	0.98002
40	16	0.81559
42	16	0.71149
47	16	0.42268
52	16	0.76715
53	16	0.91386
54	16	0.70221
62	16	0.80844
63	16	0.87426
65	16	0.67116
66	16	0.81672
74	16	0.7058
75	16	0.77478
80	16	0.96627
81	16	0.96979
85	16	0.8323
100	16	0.75452
101	16	0.66966
102	16	0.80248
103	16	0.96444
105	16	0.8246
108	16	0.72422
111	16	0.94085
112	16	0.95498
114	16	0.88737
116	16	0.9785
132	16	0.88375
135	16	0.79606
137	16	0.70555
140	16	0.93207
141	16	0.85974
143	16	0.66653
145	16	0.8471
146	16	0.93003
147	16	0.8955
148	16	0.82917
3	17	0.38923
4	17	0.95327
7	17	0.84874
10	17	0.43331
12	17	0.9153
13	17	0.71549
16	17	0.91962
18	17	0.78812
19	17	0.6484
20	17	0.7346
22	17	0.92226
24	17	0.79895
25	17	0.6201
26	17	0.83843
29	17	0.89835
30	17	0.71801
33	17	0.73106
36	17	0.79031
37	17	0.86358
40	17	0.69048
42	17	0.65784
47	17	0.57681
52	17	0.65018
53	17	0.8024
54	17	0.59345
57	17	0.59158
62	17	0.70401
63	17	0.77852
66	17	0.73584
74	17	0.65505
75	17	0.70987
80	17	0.93715
81	17	0.85409
85	17	0.7525
88	17	0.65385
93	17	0.50131
100	17	0.71487
102	17	0.71276
103	17	0.86241
105	17	0.69578
108	17	0.60459
111	17	0.89771
112	17	0.88374
114	17	0.76272
116	17	0.87279
132	17	0.74754
135	17	0.70319
140	17	0.79786
141	17	0.73782
143	17	0.79487
145	17	0.72099
146	17	0.80811
147	17	0.78689
148	17	0.74017
4	18	0.70562
7	18	0.87832
12	18	0.89471
13	18	0.81321
16	18	0.86277
17	18	0.78812
19	18	0.86742
20	18	0.8528
22	18	0.84596
24	18	0.92824
25	18	0.72813
26	18	0.88927
29	18	0.88325
30	18	0.81308
33	18	0.91212
36	18	0.83068
37	18	0.92498
40	18	0.86059
41	18	0.76296
42	18	0.7321
47	18	0.47243
52	18	0.75542
53	18	0.85887
54	18	0.71315
62	18	0.80641
63	18	0.82916
65	18	0.72325
66	18	0.80197
74	18	0.80415
75	18	0.79852
80	18	0.90514
81	18	0.90427
85	18	0.81452
99	18	0.70787
100	18	0.786
102	18	0.90518
103	18	0.92453
105	18	0.82856
108	18	0.77621
111	18	0.83448
112	18	0.84462
114	18	0.84935
116	18	0.88665
132	18	0.85829
135	18	0.74707
140	18	0.92193
141	18	0.90934
145	18	0.81247
146	18	0.86814
147	18	0.86248
148	18	0.8568
2	19	0.93591
4	19	0.64957
5	19	0.90639
7	19	0.92709
12	19	0.84853
13	19	0.96157
16	19	0.76821
17	19	0.6484
18	19	0.86742
20	19	0.97389
22	19	0.78089
24	19	0.96337
25	19	0.95583
26	19	0.86057
29	19	0.78156
30	19	0.95456
31	19	0.95163
33	19	0.97069
36	19	0.93307
37	19	0.8213
39	19	0.92165
40	19	0.97534
41	19	0.97529
42	19	0.94559
47	19	0.29729
52	19	0.94775
53	19	0.88463
54	19	0.93564
57	19	0.80947
62	19	0.93291
63	19	0.94055
64	19	0.89418
65	19	0.95511
66	19	0.95724
74	19	0.9562
75	19	0.95329
80	19	0.81473
81	19	0.88286
85	19	0.94475
94	19	0.87514
98	19	0.90711
99	19	0.95585
100	19	0.945
101	19	0.93753
102	19	0.97321
103	19	0.86071
105	19	0.89858
107	19	0.87275
108	19	0.97611
111	19	0.8401
112	19	0.86638
113	19	0.93048
114	19	0.9549
115	19	0.92314
116	19	0.79628
132	19	0.93125
135	19	0.93081
137	19	0.9502
140	19	0.93629
141	19	0.98114
143	19	0.57725
145	19	0.95856
146	19	0.92406
147	19	0.93121
148	19	0.94935
150	19	0.88936
2	20	0.91852
4	20	0.73785
5	20	0.89935
7	20	0.97139
12	20	0.91343
13	20	0.98428
16	20	0.86293
17	20	0.7346
18	20	0.8528
19	20	0.97389
22	20	0.87483
24	20	0.98221
25	20	0.96335
26	20	0.93115
29	20	0.8645
30	20	0.98062
31	20	0.94678
33	20	0.96748
36	20	0.97452
37	20	0.88428
39	20	0.91457
40	20	0.98243
41	20	0.93743
42	20	0.93595
47	20	0.33189
52	20	0.9689
53	20	0.94603
54	20	0.94305
57	20	0.8337
62	20	0.94366
63	20	0.97079
65	20	0.9458
66	20	0.97537
74	20	0.92576
75	20	0.95727
80	20	0.87559
81	20	0.94598
85	20	0.97832
98	20	0.89505
99	20	0.92892
100	20	0.94056
101	20	0.93655
102	20	0.94889
103	20	0.91393
105	20	0.92414
108	20	0.9658
111	20	0.90837
112	20	0.93271
114	20	0.99004
115	20	0.92151
116	20	0.87835
132	20	0.96807
135	20	0.95483
137	20	0.95757
140	20	0.97232
141	20	0.98702
143	20	0.62129
145	20	0.98803
146	20	0.97609
147	20	0.97895
148	20	0.96372
150	20	0.90016
2	21	0.88514
3	21	0.34414
5	21	0.93095
8	21	0.79882
9	21	0.80338
10	21	0.19211
11	21	0.79789
13	21	0.87162
14	21	0.86792
15	21	0.97968
23	21	0.96091
27	21	0.90498
31	21	0.91275
35	21	0.89786
38	21	0.93706
39	21	0.95877
40	21	0.86624
41	21	0.8712
42	21	0.89567
43	21	0.94992
46	21	0.94562
49	21	0.76452
50	21	0.81308
52	21	0.89134
54	21	0.90523
56	21	0.86986
57	21	0.87567
59	21	0.88658
64	21	0.95592
65	21	0.9174
67	21	0.88171
69	21	0.96439
72	21	0.862
73	21	0.64445
74	21	0.87268
76	21	0.87979
77	21	0.8958
78	21	0.91611
79	21	0.87782
84	21	0.94143
86	21	0.86986
93	21	0.48188
96	21	0.93514
99	21	0.93878
100	21	0.91023
101	21	0.91658
104	21	0.90503
106	21	0.82191
107	21	0.86778
108	21	0.87245
113	21	0.91163
117	21	0.85926
124	21	0.88266
130	21	0.82655
131	21	0.89274
133	21	0.85699
134	21	0.87404
136	21	0.91216
144	21	0.82053
148	21	0.87115
149	21	0.88444
150	21	0.91053
4	22	0.9012
7	22	0.93309
10	22	0.27276
12	22	0.98661
13	22	0.83567
16	22	0.99437
17	22	0.92226
18	22	0.84596
19	22	0.78089
20	22	0.87483
24	22	0.91329
25	22	0.75378
26	22	0.9583
29	22	0.98629
30	22	0.85015
33	22	0.85122
36	22	0.88466
37	22	0.96687
40	22	0.82935
42	22	0.75003
47	22	0.37494
52	22	0.79433
53	22	0.91
54	22	0.72495
62	22	0.80845
63	22	0.88567
66	22	0.84323
74	22	0.72017
75	22	0.7891
80	22	0.95677
81	22	0.96984
85	22	0.84609
100	22	0.78893
101	22	0.69716
102	22	0.80275
103	22	0.94804
105	22	0.82956
108	22	0.74161
111	22	0.9665
112	22	0.96168
114	22	0.89331
116	22	0.95754
132	22	0.89081
135	22	0.81198
137	22	0.72762
140	22	0.92947
141	22	0.86537
143	22	0.72596
145	22	0.85643
146	22	0.92969
147	22	0.8956
148	22	0.85265
2	23	0.89704
3	23	0.27219
5	23	0.89116
8	23	0.81274
9	23	0.74476
11	23	0.79973
14	23	0.87651
15	23	0.96317
21	23	0.96091
27	23	0.97522
31	23	0.90558
35	23	0.89943
38	23	0.98372
39	23	0.92459
43	23	0.97485
44	23	0.9112
46	23	0.96064
48	23	0.88622
49	23	0.69708
50	23	0.79751
56	23	0.86184
57	23	0.81604
59	23	0.95613
60	23	0.89332
61	23	0.90724
64	23	0.97876
65	23	0.90159
67	23	0.96585
69	23	0.96844
71	23	0.88851
72	23	0.88499
73	23	0.61479
76	23	0.90346
77	23	0.96966
78	23	0.94011
79	23	0.96682
82	23	0.93186
84	23	0.96467
86	23	0.93887
90	23	0.84916
93	23	0.41348
95	23	0.89711
96	23	0.97916
99	23	0.93425
101	23	0.89851
104	23	0.95267
106	23	0.85887
107	23	0.92209
110	23	0.90605
113	23	0.93862
117	23	0.91924
119	23	0.92976
122	23	0.94499
124	23	0.90437
125	23	0.94556
128	23	0.93337
129	23	0.91772
130	23	0.82635
131	23	0.96195
133	23	0.9035
134	23	0.95164
136	23	0.98444
139	23	0.9276
144	23	0.84262
149	23	0.88872
150	23	0.8738
4	24	0.78212
5	24	0.86431
7	24	0.97769
12	24	0.95176
13	24	0.95599
16	24	0.90686
17	24	0.79895
18	24	0.92824
19	24	0.96337
20	24	0.98221
22	24	0.91329
25	24	0.90861
26	24	0.95228
29	24	0.91298
30	24	0.95246
31	24	0.88458
33	24	0.97826
36	24	0.95572
37	24	0.93577
40	24	0.9692
41	24	0.89925
42	24	0.90082
47	24	0.37343
52	24	0.92931
53	24	0.94444
54	24	0.88526
62	24	0.91967
63	24	0.95622
65	24	0.89416
66	24	0.95227
74	24	0.90562
75	24	0.92874
80	24	0.92405
81	24	0.97063
85	24	0.95329
100	24	0.92183
101	24	0.88306
102	24	0.95519
103	24	0.94947
105	24	0.91846
108	24	0.92306
111	24	0.935
112	24	0.94353
114	24	0.9743
116	24	0.91335
132	24	0.96179
135	24	0.91323
137	24	0.89574
140	24	0.98785
141	24	0.98961
143	24	0.65572
145	24	0.95769
146	24	0.97188
147	24	0.96721
148	24	0.96247
2	25	0.9832
4	25	0.64623
5	25	0.89542
6	25	0.94325
7	25	0.9111
12	25	0.81185
13	25	0.95621
16	25	0.73431
17	25	0.6201
18	25	0.72813
19	25	0.95583
20	25	0.96335
22	25	0.75378
24	25	0.90861
26	25	0.81651
29	25	0.73414
30	25	0.97704
31	25	0.9803
32	25	0.65703
33	25	0.89976
36	25	0.95524
37	25	0.75034
39	25	0.92592
40	25	0.93411
41	25	0.97705
42	25	0.96043
43	25	0.91536
51	25	0.94433
52	25	0.95065
53	25	0.87296
54	25	0.9611
57	25	0.8201
59	25	0.90058
60	25	0.89578
62	25	0.95738
63	25	0.95688
64	25	0.92004
65	25	0.95842
66	25	0.96446
74	25	0.9405
75	25	0.96844
80	25	0.76622
81	25	0.83788
85	25	0.95272
88	25	0.91996
89	25	0.93878
94	25	0.96415
98	25	0.97637
99	25	0.95995
100	25	0.93082
101	25	0.94845
102	25	0.92463
103	25	0.81164
105	25	0.88129
107	25	0.94795
108	25	0.98431
109	25	0.91945
111	25	0.8116
112	25	0.87304
113	25	0.96195
114	25	0.96004
115	25	0.98933
116	25	0.76414
117	25	0.90765
123	25	0.92039
132	25	0.91022
135	25	0.98318
137	25	0.99436
140	25	0.8902
141	25	0.93027
142	25	0.89289
145	25	0.98002
146	25	0.92124
147	25	0.92808
148	25	0.89865
150	25	0.8883
4	26	0.78807
7	26	0.94703
12	26	0.96359
13	26	0.91089
16	26	0.96198
17	26	0.83843
18	26	0.88927
19	26	0.86057
20	26	0.93115
22	26	0.9583
24	26	0.95228
25	26	0.81651
29	26	0.96507
30	26	0.89346
31	26	0.78287
33	26	0.93066
36	26	0.90987
37	26	0.97641
40	26	0.92066
47	26	0.38331
52	26	0.85833
53	26	0.95013
54	26	0.83229
62	26	0.84997
63	26	0.9047
65	26	0.79045
66	26	0.8685
74	26	0.78676
75	26	0.83001
80	26	0.94329
81	26	0.99524
85	26	0.89469
100	26	0.8419
101	26	0.78952
102	26	0.87779
103	26	0.97018
105	26	0.87636
108	26	0.82306
111	26	0.92916
112	26	0.94523
114	26	0.93542
116	26	0.96406
132	26	0.94055
135	26	0.84323
137	26	0.79793
140	26	0.97683
141	26	0.94015
143	26	0.59189
145	26	0.90657
146	26	0.9667
147	26	0.94598
148	26	0.91975
2	27	0.92848
5	27	0.87034
6	27	0.92555
8	27	0.74955
9	27	0.68632
11	27	0.77124
14	27	0.82411
15	27	0.91075
21	27	0.90498
23	27	0.97522
28	27	0.90849
31	27	0.92083
32	27	0.6435
34	27	0.92025
35	27	0.84274
38	27	0.99433
39	27	0.89941
43	27	0.97294
44	27	0.96596
45	27	0.88199
46	27	0.9281
48	27	0.94299
49	27	0.58886
50	27	0.72044
51	27	0.93503
55	27	0.8628
56	27	0.79399
58	27	0.85316
59	27	0.99382
60	27	0.92328
61	27	0.96295
64	27	0.97733
65	27	0.90594
67	27	0.9866
68	27	0.8936
69	27	0.94284
70	27	0.91508
71	27	0.94799
72	27	0.84555
73	27	0.58478
76	27	0.92489
77	27	0.99314
78	27	0.89387
79	27	0.98308
82	27	0.9817
83	27	0.925
84	27	0.95391
86	27	0.97127
87	27	0.92822
89	27	0.94474
90	27	0.91585
91	27	0.87726
92	27	0.89159
95	27	0.9404
96	27	0.96705
97	27	0.86572
99	27	0.93163
101	27	0.8937
104	27	0.94128
106	27	0.83357
107	27	0.96892
109	27	0.88709
110	27	0.95124
113	27	0.958
117	27	0.95351
118	27	0.86844
119	27	0.97205
120	27	0.88409
121	27	0.89135
122	27	0.99091
123	27	0.91368
124	27	0.85764
125	27	0.989
126	27	0.87873
127	27	0.91518
128	27	0.95156
129	27	0.97164
130	27	0.81253
131	27	0.99573
133	27	0.86899
134	27	0.96625
136	27	0.98708
138	27	0.92223
139	27	0.97124
144	27	0.81953
149	27	0.81302
150	27	0.86118
2	28	0.92148
3	28	0.28952
6	28	0.96671
10	28	0.22193
27	28	0.90849
34	28	0.97444
38	28	0.89016
44	28	0.96925
45	28	0.93379
48	28	0.95684
51	28	0.95254
55	28	0.8803
58	28	0.93799
59	28	0.93005
61	28	0.95712
67	28	0.8974
68	28	0.94711
70	28	0.97121
71	28	0.95626
76	28	0.93207
82	28	0.9588
83	28	0.98771
86	28	0.8996
87	28	0.98102
88	28	0.90375
89	28	0.97875
90	28	0.92729
91	28	0.93151
92	28	0.97265
93	28	0.42882
94	28	0.95886
95	28	0.96305
97	28	0.97596
98	28	0.94661
107	28	0.95475
109	28	0.92717
110	28	0.96725
113	28	0.91956
115	28	0.91729
117	28	0.95475
118	28	0.94
119	28	0.89989
120	28	0.94685
121	28	0.921
122	28	0.94035
123	28	0.97578
125	28	0.93604
126	28	0.95615
127	28	0.93104
128	28	0.85884
129	28	0.91842
131	28	0.93013
134	28	0.87621
138	28	0.958
139	28	0.95984
142	28	0.98411
4	29	0.84157
7	29	0.91779
12	29	0.98442
13	29	0.81198
16	29	0.99441
17	29	0.89835
18	29	0.88325
19	29	0.78156
20	29	0.8645
22	29	0.98629
24	29	0.91298
25	29	0.73414
26	29	0.96507
30	29	0.84836
33	29	0.85362
36	29	0.87455
37	29	0.99041
40	29	0.8209
41	29	0.67647
42	29	0.70708
47	29	0.38455
52	29	0.75461
53	29	0.90087
54	29	0.7033
62	29	0.82039
63	29	0.88032
66	29	0.80776
74	29	0.70524
75	29	0.76693
80	29	0.96598
81	29	0.97274
85	29	0.81751
100	29	0.75283
102	29	0.82402
103	29	0.97335
105	29	0.82787
108	29	0.72627
111	29	0.92494
112	29	0.95465
114	29	0.89165
115	29	0.66949
116	29	0.97954
132	29	0.88327
135	29	0.79868
137	29	0.70079
140	29	0.94336
141	29	0.86949
143	29	0.63709
145	29	0.84967
146	29	0.93421
147	29	0.88743
148	29	0.82859
2	30	0.93451
4	30	0.71172
6	30	0.88267
7	30	0.95459
12	30	0.89894
13	30	0.95112
16	30	0.84304
17	30	0.71801
18	30	0.81308
19	30	0.95456
20	30	0.98062
22	30	0.85015
24	30	0.95246
25	30	0.97704
26	30	0.89346
29	30	0.84836
31	30	0.93247
33	30	0.92517
36	30	0.9862
37	30	0.85902
40	30	0.93874
41	30	0.94504
42	30	0.9278
47	30	0.32819
51	30	0.88154
52	30	0.92658
53	30	0.92204
54	30	0.92755
62	30	0.98654
63	30	0.9914
65	30	0.90959
66	30	0.96132
74	30	0.9217
75	30	0.96216
80	30	0.86463
81	30	0.91383
85	30	0.95414
94	30	0.92468
98	30	0.94305
99	30	0.90111
100	30	0.90907
101	30	0.89436
102	30	0.95179
103	30	0.90656
105	30	0.90945
108	30	0.96267
111	30	0.86459
112	30	0.94394
113	30	0.89298
114	30	0.9936
115	30	0.95936
116	30	0.8728
132	30	0.94565
135	30	0.98754
137	30	0.95997
140	30	0.95315
141	30	0.95647
143	30	0.58564
145	30	0.99715
146	30	0.97562
147	30	0.9625
148	30	0.90392
2	31	0.97921
5	31	0.94247
6	31	0.92005
7	31	0.87612
8	31	0.64142
9	31	0.68215
11	31	0.70325
13	31	0.96175
15	31	0.89215
19	31	0.95163
20	31	0.94678
21	31	0.91275
23	31	0.90558
24	31	0.88458
25	31	0.9803
26	31	0.78287
27	31	0.92083
30	31	0.93247
32	31	0.66883
33	31	0.90057
35	31	0.79253
36	31	0.90913
38	31	0.94573
39	31	0.97697
40	31	0.94567
41	31	0.97067
42	31	0.95976
43	31	0.96005
50	31	0.64685
51	31	0.93443
52	31	0.97343
53	31	0.84447
54	31	0.97439
56	31	0.73605
57	31	0.8706
59	31	0.9334
60	31	0.91566
62	31	0.89432
63	31	0.90101
64	31	0.96866
65	31	0.9892
66	31	0.95072
69	31	0.94412
72	31	0.74614
74	31	0.93961
75	31	0.94795
76	31	0.89199
77	31	0.90204
78	31	0.82568
84	31	0.90318
85	31	0.94753
86	31	0.92186
88	31	0.90809
89	31	0.92293
94	31	0.92687
96	31	0.87448
98	31	0.93928
99	31	0.9908
100	31	0.93886
101	31	0.98137
102	31	0.8909
104	31	0.85728
105	31	0.85292
107	31	0.95341
108	31	0.98344
109	31	0.89845
113	31	0.97196
114	31	0.91888
115	31	0.96071
117	31	0.9115
124	31	0.77972
130	31	0.83599
131	31	0.92677
132	31	0.88704
133	31	0.75185
135	31	0.93166
137	31	0.99039
140	31	0.85179
141	31	0.9194
144	31	0.7765
145	31	0.94338
146	31	0.87087
147	31	0.9023
148	31	0.91623
149	31	0.72642
150	31	0.94759
2	32	0.65074
5	32	0.63338
6	32	0.67853
13	32	0.6455
25	32	0.65703
27	32	0.6435
31	32	0.66883
36	32	0.6838
38	32	0.65101
39	32	0.64436
41	32	0.66318
42	32	0.63468
43	32	0.64288
47	32	0.82132
51	32	0.63757
52	32	0.64194
53	32	0.65772
55	32	0.74026
59	32	0.65202
60	32	0.80914
64	32	0.66214
65	32	0.67276
66	32	0.66664
69	32	0.64449
70	32	0.66214
74	32	0.72613
75	32	0.7426
77	32	0.64883
82	32	0.63378
85	32	0.74637
86	32	0.74019
88	32	0.64874
89	32	0.6359
94	32	0.66697
98	32	0.6389
99	32	0.66562
101	32	0.65598
106	32	0.70442
107	32	0.65559
108	32	0.68158
109	32	0.79366
113	32	0.65749
115	32	0.64726
122	32	0.63616
130	32	0.83225
131	32	0.65017
137	32	0.67101
144	32	0.75601
147	32	0.69278
150	32	0.64863
2	33	0.86709
4	33	0.71523
5	33	0.87823
7	33	0.94327
12	33	0.89915
13	33	0.96792
16	33	0.84024
17	33	0.73106
18	33	0.91212
19	33	0.97069
20	33	0.96748
22	33	0.85122
24	33	0.97826
25	33	0.89976
26	33	0.93066
29	33	0.85362
30	33	0.92517
31	33	0.90057
36	33	0.91699
37	33	0.8894
39	33	0.89997
40	33	0.98815
41	33	0.90787
42	33	0.90885
47	33	0.32762
52	33	0.93089
53	33	0.90939
54	33	0.92439
57	33	0.80109
62	33	0.89307
63	33	0.92713
65	33	0.90823
66	33	0.93356
74	33	0.91727
75	33	0.91484
80	33	0.87355
81	33	0.94066
85	33	0.93474
99	33	0.9037
100	33	0.94956
101	33	0.89533
102	33	0.96344
103	33	0.90498
105	33	0.89319
108	33	0.93066
111	33	0.89301
112	33	0.89691
114	33	0.94667
116	33	0.85234
132	33	0.93964
135	33	0.88809
137	33	0.88944
140	33	0.96379
141	33	0.99032
143	33	0.61521
145	33	0.9353
146	33	0.93927
147	33	0.9405
148	33	0.98307
150	33	0.86437
3	34	0.42199
6	34	0.92588
9	34	0.6576
10	34	0.34246
14	34	0.74236
27	34	0.92025
28	34	0.97444
38	34	0.89961
44	34	0.96947
45	34	0.96496
48	34	0.97407
51	34	0.93495
55	34	0.89386
58	34	0.92528
59	34	0.93346
61	34	0.97317
67	34	0.92082
68	34	0.94503
70	34	0.93055
71	34	0.96515
73	34	0.60981
76	34	0.9558
77	34	0.90979
79	34	0.91099
82	34	0.95251
83	34	0.97391
87	34	0.973
88	34	0.9039
89	34	0.94849
90	34	0.94264
91	34	0.94364
92	34	0.97684
93	34	0.54289
94	34	0.90088
95	34	0.9815
97	34	0.96939
107	34	0.93006
109	34	0.88467
110	34	0.97606
113	34	0.89845
117	34	0.93649
118	34	0.92305
119	34	0.93194
120	34	0.94394
121	34	0.93028
122	34	0.94056
123	34	0.92838
125	34	0.94297
126	34	0.97913
127	34	0.94179
128	34	0.90433
129	34	0.93449
131	34	0.93772
134	34	0.90032
136	34	0.89553
138	34	0.92764
139	34	0.95163
142	34	0.96229
3	35	0.27038
5	35	0.88222
8	35	0.96517
11	35	0.88487
14	35	0.89523
15	35	0.84292
21	35	0.89786
23	35	0.89943
27	35	0.84274
31	35	0.79253
38	35	0.86232
39	35	0.86942
43	35	0.85035
46	35	0.92516
49	35	0.63382
50	35	0.91774
52	35	0.78876
56	35	0.99041
57	35	0.83779
59	35	0.81718
60	35	0.76304
64	35	0.87356
65	35	0.84069
67	35	0.8304
69	35	0.94132
72	35	0.9752
73	35	0.67813
77	35	0.86986
78	35	0.98832
79	35	0.83921
82	35	0.73326
84	35	0.90616
86	35	0.80699
96	35	0.92735
99	35	0.83835
101	35	0.84764
104	35	0.96516
106	35	0.77233
113	35	0.77864
119	35	0.77659
122	35	0.77732
124	35	0.97014
125	35	0.77557
128	35	0.81169
129	35	0.74393
130	35	0.83334
131	35	0.81629
133	35	0.97605
134	35	0.82405
136	35	0.88815
144	35	0.85454
149	35	0.94038
150	35	0.89981
2	36	0.90671
4	36	0.7826
7	36	0.97614
12	36	0.92249
13	36	0.94949
16	36	0.88048
17	36	0.79031
18	36	0.83068
19	36	0.93307
20	36	0.97452
22	36	0.88466
24	36	0.95572
25	36	0.95524
26	36	0.90987
29	36	0.87455
30	36	0.9862
31	36	0.90913
32	36	0.6838
33	36	0.91699
37	36	0.87731
40	36	0.92948
41	36	0.91667
42	36	0.91543
47	36	0.44042
52	36	0.92347
53	36	0.95688
54	36	0.90659
62	36	0.97153
63	36	0.98359
65	36	0.89221
66	36	0.96394
74	36	0.92601
75	36	0.97091
80	36	0.89942
81	36	0.92896
85	36	0.97013
94	36	0.89916
98	36	0.91028
100	36	0.90511
101	36	0.88156
102	36	0.93727
103	36	0.92575
105	36	0.90225
108	36	0.94444
111	36	0.89939
112	36	0.95937
114	36	0.9871
115	36	0.92758
116	36	0.90499
132	36	0.95173
135	36	0.97181
137	36	0.93805
140	36	0.95254
141	36	0.94987
143	36	0.63636
145	36	0.98542
146	36	0.97801
147	36	0.98262
148	36	0.90682
4	37	0.79201
7	37	0.92302
12	37	0.97599
13	37	0.83482
16	37	0.98002
17	37	0.86358
18	37	0.92498
19	37	0.8213
20	37	0.88428
22	37	0.96687
24	37	0.93577
25	37	0.75034
26	37	0.97641
29	37	0.99041
30	37	0.85902
33	37	0.8894
36	37	0.87731
40	37	0.85672
41	37	0.71126
42	37	0.71557
47	37	0.39032
52	37	0.77631
53	37	0.91359
54	37	0.72988
62	37	0.83042
63	37	0.88081
65	37	0.7014
66	37	0.81689
74	37	0.73421
75	37	0.78006
80	37	0.96218
81	37	0.98125
85	37	0.83198
100	37	0.76882
102	37	0.85862
103	37	0.98384
105	37	0.84814
108	37	0.75656
111	37	0.9101
112	37	0.93957
114	37	0.90354
116	37	0.98012
132	37	0.9038
135	37	0.79891
137	37	0.72078
140	37	0.96357
141	37	0.90377
143	37	0.58101
145	37	0.86284
146	37	0.94236
147	37	0.90209
148	37	0.85446
2	38	0.94354
5	38	0.90173
6	38	0.921
8	38	0.76304
9	38	0.72663
11	38	0.78101
14	38	0.83794
15	38	0.93878
21	38	0.93706
23	38	0.98372
27	38	0.99433
28	38	0.89016
31	38	0.94573
32	38	0.65101
34	38	0.89961
35	38	0.86232
39	38	0.93489
41	38	0.91495
42	38	0.90552
43	38	0.98787
44	38	0.94874
45	38	0.84521
46	38	0.93888
48	38	0.92007
49	38	0.63573
50	38	0.74409
51	38	0.93482
54	38	0.89639
55	38	0.83671
56	38	0.8145
57	38	0.8316
59	38	0.98935
60	38	0.92795
61	38	0.94095
64	38	0.99199
65	38	0.93189
67	38	0.97861
68	38	0.85803
69	38	0.96439
70	38	0.89656
71	38	0.92209
72	38	0.85557
73	38	0.59012
76	38	0.93095
77	38	0.98835
78	38	0.90842
79	38	0.97035
82	38	0.96957
83	38	0.91212
84	38	0.95985
86	38	0.96963
87	38	0.91505
88	38	0.88499
89	38	0.93735
90	38	0.88264
95	38	0.92801
96	38	0.96854
97	38	0.85178
99	38	0.95477
101	38	0.92209
104	38	0.94655
106	38	0.84305
107	38	0.97013
109	38	0.88792
110	38	0.93176
113	38	0.96716
115	38	0.9009
117	38	0.95273
119	38	0.94776
121	38	0.85343
122	38	0.97729
123	38	0.89952
124	38	0.87212
125	38	0.97526
126	38	0.86709
127	38	0.8861
128	38	0.92769
129	38	0.94924
130	38	0.83362
131	38	0.99046
133	38	0.8736
134	38	0.95296
136	38	0.98221
137	38	0.91922
138	38	0.90798
139	38	0.95985
144	38	0.83326
149	38	0.83642
150	38	0.89505
2	39	0.93093
5	39	0.9626
8	39	0.74001
9	39	0.71794
11	39	0.76204
13	39	0.95742
14	39	0.77245
15	39	0.92936
19	39	0.92165
20	39	0.91457
21	39	0.95877
23	39	0.92459
25	39	0.92592
27	39	0.89941
31	39	0.97697
32	39	0.64436
33	39	0.89997
35	39	0.86942
38	39	0.93489
40	39	0.94683
41	39	0.92123
42	39	0.92989
43	39	0.95887
46	39	0.87654
49	39	0.64756
50	39	0.74032
52	39	0.97006
54	39	0.96969
56	39	0.82363
57	39	0.90194
59	39	0.89965
60	39	0.88178
64	39	0.96695
65	39	0.98336
66	39	0.91561
69	39	0.9746
72	39	0.8182
74	39	0.90635
75	39	0.89944
77	39	0.88802
78	39	0.88969
84	39	0.90923
85	39	0.924
86	39	0.89176
96	39	0.89049
99	39	0.9834
100	39	0.94043
101	39	0.9817
104	39	0.88894
106	39	0.77491
107	39	0.89891
108	39	0.94642
113	39	0.93701
115	39	0.88814
124	39	0.84937
130	39	0.85862
131	39	0.8929
133	39	0.81494
136	39	0.87566
137	39	0.94607
141	39	0.90069
144	39	0.81386
145	39	0.88758
148	39	0.93467
149	39	0.81652
150	39	0.97423
2	40	0.90108
4	40	0.68929
5	40	0.91792
7	40	0.94249
12	40	0.87277
13	40	0.98971
16	40	0.81559
17	40	0.69048
18	40	0.86059
19	40	0.97534
20	40	0.98243
21	40	0.86624
22	40	0.82935
24	40	0.9692
25	40	0.93411
26	40	0.92066
29	40	0.8209
30	40	0.93874
31	40	0.94567
33	40	0.98815
36	40	0.92948
37	40	0.85672
39	40	0.94683
41	40	0.9278
42	40	0.92484
47	40	0.31915
52	40	0.96815
53	40	0.92126
54	40	0.95787
57	40	0.84497
62	40	0.89521
63	40	0.92648
64	40	0.87459
65	40	0.95359
66	40	0.95101
74	40	0.92584
75	40	0.93138
80	40	0.83992
81	40	0.92711
85	40	0.96147
99	40	0.94451
100	40	0.95572
101	40	0.94598
102	40	0.94609
103	40	0.88069
105	40	0.89963
108	40	0.95719
111	40	0.88148
112	40	0.88183
113	40	0.88608
114	40	0.95547
115	40	0.88277
116	40	0.83286
130	40	0.7775
132	40	0.94919
135	40	0.90693
137	40	0.9336
140	40	0.95319
141	40	0.98968
143	40	0.58936
145	40	0.95342
146	40	0.94097
147	40	0.95526
148	40	0.98722
150	40	0.92137
2	41	0.98132
5	41	0.89933
6	41	0.93742
7	41	0.88151
12	41	0.76747
13	41	0.93328
15	41	0.85743
18	41	0.76296
19	41	0.97529
20	41	0.93743
21	41	0.8712
24	41	0.89925
25	41	0.97705
29	41	0.67647
30	41	0.94504
31	41	0.97067
32	41	0.66318
33	41	0.90787
36	41	0.91667
37	41	0.71126
38	41	0.91495
39	41	0.92123
40	41	0.9278
42	41	0.96074
43	41	0.91886
51	41	0.93173
52	41	0.92754
53	41	0.82814
54	41	0.94084
60	41	0.91248
62	41	0.93759
63	41	0.92406
64	41	0.93832
65	41	0.95588
66	41	0.94697
69	41	0.88755
70	41	0.89888
74	41	0.96917
75	41	0.96086
76	41	0.88771
80	41	0.73033
83	41	0.91145
84	41	0.89737
85	41	0.9212
86	41	0.90027
87	41	0.91243
88	41	0.9106
89	41	0.94225
94	41	0.94646
98	41	0.96395
99	41	0.9704
100	41	0.93294
101	41	0.93953
102	41	0.94533
103	41	0.77798
105	41	0.85719
107	41	0.94881
108	41	0.98438
109	41	0.91517
112	41	0.8186
113	41	0.97885
114	41	0.92514
115	41	0.96882
116	41	0.70406
117	41	0.92641
123	41	0.91477
130	41	0.78802
131	41	0.91579
132	41	0.88301
135	41	0.94668
137	41	0.97059
138	41	0.9265
140	41	0.86361
141	41	0.92805
142	41	0.87942
145	41	0.94553
146	41	0.87481
147	41	0.88759
148	41	0.89128
150	41	0.87252
2	42	0.97461
3	42	0.39283
4	42	0.72892
5	42	0.93932
6	42	0.91232
7	42	0.90278
9	42	0.70405
10	42	0.31222
12	42	0.80649
13	42	0.94734
15	42	0.8657
16	42	0.71149
17	42	0.65784
18	42	0.7321
19	42	0.94559
20	42	0.93595
21	42	0.89567
22	42	0.75003
24	42	0.90082
25	42	0.96043
29	42	0.70708
30	42	0.9278
31	42	0.95976
32	42	0.63468
33	42	0.90885
36	42	0.91543
37	42	0.71557
38	42	0.90552
39	42	0.92989
40	42	0.92484
41	42	0.96074
43	42	0.92539
49	42	0.55225
51	42	0.95081
52	42	0.95062
53	42	0.82595
54	42	0.93964
57	42	0.89096
62	42	0.90185
63	42	0.92985
64	42	0.92758
65	42	0.94376
66	42	0.97069
69	42	0.89277
73	42	0.55375
74	42	0.95306
75	42	0.96155
76	42	0.94679
80	42	0.75422
81	42	0.81368
83	42	0.90564
84	42	0.8954
85	42	0.93703
87	42	0.90374
88	42	0.97619
89	42	0.91855
93	42	0.56235
94	42	0.92365
98	42	0.93709
99	42	0.95171
100	42	0.97592
101	42	0.93403
102	42	0.90528
103	42	0.76339
105	42	0.84276
107	42	0.9306
108	42	0.96023
109	42	0.89736
111	42	0.85371
112	42	0.85544
113	42	0.9656
114	42	0.91581
115	42	0.94133
116	42	0.70119
117	42	0.90172
126	42	0.86109
132	42	0.87152
135	42	0.94159
137	42	0.95633
140	42	0.85332
141	42	0.91081
142	42	0.89387
143	42	0.73268
145	42	0.93141
146	42	0.86933
147	42	0.88544
148	42	0.92643
150	42	0.89335
2	43	0.95536
3	43	0.29627
5	43	0.92308
6	43	0.91657
8	43	0.74462
9	43	0.7684
10	43	0.1635
11	43	0.77515
14	43	0.83836
15	43	0.94552
21	43	0.94992
23	43	0.97485
25	43	0.91536
27	43	0.97294
31	43	0.96005
32	43	0.64288
35	43	0.85035
38	43	0.98787
39	43	0.95887
41	43	0.91886
42	43	0.92539
44	43	0.92296
46	43	0.92773
49	43	0.67997
50	43	0.74779
51	43	0.94016
52	43	0.90602
54	43	0.9358
56	43	0.79358
57	43	0.86305
59	43	0.97383
60	43	0.91712
61	43	0.90983
64	43	0.98746
65	43	0.94416
67	43	0.95493
69	43	0.96955
71	43	0.88933
72	43	0.8409
73	43	0.59942
74	43	0.88733
76	43	0.9388
77	43	0.96415
78	43	0.90074
79	43	0.93136
82	43	0.94765
84	43	0.93667
86	43	0.95712
88	43	0.90693
89	43	0.92511
93	43	0.40642
94	43	0.89426
95	43	0.91795
96	43	0.94664
98	43	0.89601
99	43	0.96388
100	43	0.89962
101	43	0.94349
104	43	0.9224
106	43	0.83415
107	43	0.96248
108	43	0.91954
109	43	0.8891
110	43	0.90955
113	43	0.96867
115	43	0.9108
117	43	0.94583
119	43	0.90711
122	43	0.94896
124	43	0.86165
125	43	0.94696
126	43	0.86603
128	43	0.89026
129	43	0.91716
130	43	0.83362
131	43	0.96879
133	43	0.84927
134	43	0.90694
136	43	0.95591
137	43	0.93237
139	43	0.93564
144	43	0.82519
149	43	0.84318
150	43	0.91163
6	44	0.95827
9	44	0.67344
15	44	0.84285
23	44	0.9112
27	44	0.96596
28	44	0.96925
34	44	0.96947
38	44	0.94874
43	44	0.92296
45	44	0.94832
46	44	0.84786
48	44	0.98612
51	44	0.9436
55	44	0.89924
58	44	0.94529
59	44	0.97034
60	44	0.89266
61	44	0.99037
64	44	0.9138
67	44	0.96213
68	44	0.96756
70	44	0.96543
71	44	0.98941
76	44	0.92779
77	44	0.94938
79	44	0.95736
82	44	0.99298
83	44	0.96985
84	44	0.88609
86	44	0.94223
87	44	0.97643
89	44	0.97391
90	44	0.9679
91	44	0.95917
92	44	0.9703
94	44	0.92474
95	44	0.97663
96	44	0.89929
97	44	0.94766
98	44	0.91687
106	44	0.77841
107	44	0.96933
109	44	0.90834
110	44	0.99
113	44	0.93274
117	44	0.97771
118	44	0.94793
119	44	0.9674
120	44	0.96191
121	44	0.9503
122	44	0.98632
123	44	0.95926
125	44	0.98686
126	44	0.93615
127	44	0.96967
128	44	0.93434
129	44	0.98104
131	44	0.97592
134	44	0.9409
136	44	0.93868
138	44	0.96731
139	44	0.9931
142	44	0.93876
3	45	0.33033
6	45	0.86144
10	45	0.24754
27	45	0.88199
28	45	0.93379
34	45	0.96496
38	45	0.84521
44	45	0.94832
48	45	0.98125
51	45	0.84888
55	45	0.9004
58	45	0.95889
59	45	0.89072
61	45	0.96982
67	45	0.91264
68	45	0.97086
70	45	0.89691
71	45	0.97463
73	45	0.57206
76	45	0.86773
77	45	0.87979
79	45	0.90349
82	45	0.92428
83	45	0.91726
86	45	0.85293
87	45	0.91823
89	45	0.88724
90	45	0.98031
91	45	0.97072
92	45	0.97896
93	45	0.4164
95	45	0.95658
96	45	0.82699
97	45	0.92996
107	45	0.86624
110	45	0.96477
117	45	0.88601
118	45	0.94607
119	45	0.94292
120	45	0.95893
121	45	0.96423
122	45	0.91959
123	45	0.88063
125	45	0.9295
126	45	0.93515
127	45	0.96823
128	45	0.93077
129	45	0.93646
131	45	0.8921
134	45	0.86942
136	45	0.87338
138	45	0.88123
139	45	0.92492
142	45	0.89545
3	46	0.45021
5	46	0.88472
8	46	0.88189
9	46	0.74425
10	46	0.30117
11	46	0.89953
14	46	0.95878
15	46	0.92453
21	46	0.94562
23	46	0.96064
27	46	0.9281
35	46	0.92516
38	46	0.93888
39	46	0.87654
43	46	0.92773
44	46	0.84786
49	46	0.74561
50	46	0.87971
56	46	0.90088
57	46	0.8601
59	46	0.91026
61	46	0.85727
64	46	0.92673
67	46	0.93654
69	46	0.93954
72	46	0.93284
73	46	0.77972
76	46	0.88939
77	46	0.94194
78	46	0.94801
79	46	0.93375
82	46	0.86158
84	46	0.95029
86	46	0.88285
93	46	0.5354
95	46	0.85633
96	46	0.97693
99	46	0.86527
101	46	0.84879
104	46	0.95574
106	46	0.84212
107	46	0.85072
113	46	0.87117
119	46	0.89197
122	46	0.88353
124	46	0.92877
125	46	0.88945
128	46	0.90785
129	46	0.86487
130	46	0.8039
131	46	0.91447
133	46	0.93458
134	46	0.90983
136	46	0.95873
139	46	0.85133
144	46	0.84867
149	46	0.91829
150	46	0.85572
4	47	0.43976
7	47	0.42264
12	47	0.38388
13	47	0.33991
16	47	0.42268
17	47	0.57681
18	47	0.47243
19	47	0.29729
20	47	0.33189
22	47	0.37494
24	47	0.37343
26	47	0.38331
29	47	0.38455
30	47	0.32819
32	47	0.82132
33	47	0.32762
36	47	0.44042
37	47	0.39032
40	47	0.31915
53	47	0.49728
55	47	0.31545
60	47	0.40348
62	47	0.35972
63	47	0.32501
66	47	0.3405
74	47	0.40373
75	47	0.42733
80	47	0.54564
81	47	0.37924
85	47	0.45766
102	47	0.37123
103	47	0.45802
105	47	0.29818
106	47	0.3282
108	47	0.30984
109	47	0.41443
111	47	0.34866
112	47	0.37236
114	47	0.33963
116	47	0.50012
130	47	0.50452
132	47	0.3572
135	47	0.29063
140	47	0.3662
141	47	0.35113
144	47	0.39327
145	47	0.32229
146	47	0.37798
147	47	0.47685
148	47	0.31557
3	48	0.28264
6	48	0.91762
9	48	0.66509
10	48	0.18099
14	48	0.75602
23	48	0.88622
27	48	0.94299
28	48	0.95684
34	48	0.97407
38	48	0.92007
44	48	0.98612
