5	2	0.97131
6	2	0.99739
7	2	0.99712
13	2	0.99059
15	2	0.9973
16	2	0.9949
18	2	0.99654
19	2	0.99875
21	2	0.996
22	2	0.99596
23	2	0.99208
24	2	0.99723
26	2	0.99823
27	2	0.99829
29	2	0.98531
30	2	0.99835
31	2	0.99637
33	2	0.99588
37	2	0.99644
38	2	0.99766
41	2	0.9955
43	2	0.99627
47	2	0.9875
53	2	0.99718
56	2	0.98889
60	2	0.99627
61	2	0.99709
62	2	0.9981
65	2	0.99585
66	2	0.99631
68	2	0.99631
69	2	0.99653
71	2	0.99639
72	2	0.99701
76	2	0.99589
77	2	0.99665
80	2	0.99651
81	2	0.99297
82	2	0.99767
83	2	0.99335
91	2	0.99593
93	2	0.99651
95	2	0.99214
102	2	0.99652
106	2	0.99651
107	2	0.99669
108	2	0.99792
113	2	0.99743
114	2	0.99676
116	2	0.99677
119	2	0.99596
123	2	0.99749
126	2	0.99181
130	2	0.9963
131	2	0.99503
132	2	0.99616
133	2	0.99257
134	2	0.99638
135	2	0.99732
137	2	0.99418
138	2	0.99606
139	2	0.98834
140	2	0.99177
141	2	0.99785
142	2	0.99691
144	2	0.98802
146	2	0.99198
147	2	0.99629
148	2	0.96764
150	2	0.99633
4	3	0.98885
5	3	0.98373
6	3	0.98356
7	3	0.98223
8	3	0.99664
10	3	0.99302
11	3	0.98062
13	3	0.99082
14	3	0.98937
16	3	0.98415
17	3	0.99621
29	3	0.9845
30	3	0.98309
33	3	0.98503
41	3	0.98848
43	3	0.98133
45	3	0.98006
47	3	0.98726
49	3	0.98241
56	3	0.98955
62	3	0.97872
64	3	0.97883
72	3	0.98208
80	3	0.98103
81	3	0.98606
82	3	0.98161
83	3	0.98854
93	3	0.98496
95	3	0.99361
101	3	0.98404
103	3	0.98214
105	3	0.98094
106	3	0.9832
109	3	0.98324
111	3	0.98148
116	3	0.98414
117	3	0.98013
127	3	0.97854
130	3	0.98352
131	3	0.98545
132	3	0.98147
133	3	0.9848
136	3	0.98064
140	3	0.97881
141	3	0.98468
143	3	0.98071
144	3	0.99023
146	3	0.98546
147	3	0.97984
148	3	0.99207
3	4	0.98885
5	4	0.97108
6	4	0.99657
7	4	0.99846
8	4	0.98302
10	4	0.99509
11	4	0.99772
12	4	0.9966
13	4	0.99449
14	4	0.99804
16	4	0.99492
17	4	0.9943
20	4	0.99562
24	4	0.99707
29	4	0.98336
30	4	0.99698
31	4	0.99566
33	4	0.99334
37	4	0.99665
39	4	0.99573
41	4	0.99901
43	4	0.99698
45	4	0.99528
47	4	0.98812
48	4	0.99535
49	4	0.9956
54	4	0.99609
56	4	0.98858
61	4	0.99591
62	4	0.99664
63	4	0.99603
64	4	0.99577
66	4	0.99524
67	4	0.99528
70	4	0.99594
72	4	0.99722
80	4	0.99764
81	4	0.99131
82	4	0.99726
83	4	0.99517
93	4	0.99364
95	4	0.99694
96	4	0.99534
97	4	0.99675
101	4	0.99849
103	4	0.99734
105	4	0.9912
106	4	0.99854
109	4	0.99631
110	4	0.99519
111	4	0.99801
112	4	0.99082
113	4	0.99701
114	4	0.99655
116	4	0.99515
117	4	0.9942
120	4	0.99523
127	4	0.99662
130	4	0.99806
131	4	0.99637
132	4	0.99737
133	4	0.99255
134	4	0.99572
136	4	0.99728
140	4	0.99118
141	4	0.99807
143	4	0.9978
144	4	0.98873
146	4	0.99238
147	4	0.99679
148	4	0.97644
2	5	0.97131
3	5	0.98373
4	5	0.97108
6	5	0.97532
7	5	0.96865
8	5	0.98462
10	5	0.97413
13	5	0.98298
14	5	0.97522
16	5	0.97637
17	5	0.98759
23	5	0.96733
26	5	0.96687
29	5	0.9942
30	5	0.9755
33	5	0.98535
41	5	0.97504
43	5	0.96804
45	5	0.96555
47	5	0.98939
49	5	0.96559
56	5	0.99435
61	5	0.96473
62	5	0.96796
72	5	0.96977
80	5	0.96788
81	5	0.98897
82	5	0.96966
83	5	0.97964
93	5	0.98606
95	5	0.98439
101	5	0.9675
103	5	0.96662
106	5	0.96846
109	5	0.97201
116	5	0.97809
117	5	0.96639
126	5	0.9802
130	5	0.96945
131	5	0.97568
132	5	0.96608
133	5	0.97721
139	5	0.97775
140	5	0.971
141	5	0.97515
144	5	0.99402
146	5	0.9821
147	5	0.96648
148	5	0.99386
150	5	0.96502
2	6	0.99739
3	6	0.98356
4	6	0.99657
5	6	0.97532
7	6	0.99736
8	6	0.97693
10	6	0.99221
13	6	0.99562
14	6	0.99702
15	6	0.99306
16	6	0.99715
17	6	0.9921
21	6	0.99097
23	6	0.99085
24	6	0.99751
26	6	0.99796
27	6	0.99668
29	6	0.98656
30	6	0.99966
33	6	0.99675
37	6	0.99668
41	6	0.99757
43	6	0.99916
45	6	0.99644
47	6	0.99138
49	6	0.99598
54	6	0.99657
56	6	0.99099
61	6	0.99876
62	6	0.9982
64	6	0.99712
65	6	0.99736
66	6	0.99691
68	6	0.997
69	6	0.99659
70	6	0.99716
71	6	0.99704
72	6	0.99864
80	6	0.99701
81	6	0.99339
82	6	0.99852
83	6	0.9972
93	6	0.99718
95	6	0.99647
101	6	0.99754
103	6	0.99727
104	6	0.99677
105	6	0.99172
106	6	0.99767
107	6	0.99711
108	6	0.99723
109	6	0.99847
111	6	0.9971
113	6	0.99763
114	6	0.99707
116	6	0.99811
117	6	0.99493
123	6	0.99705
125	6	0.99711
126	6	0.99277
127	6	0.99697
130	6	0.99838
131	6	0.99654
132	6	0.99797
133	6	0.99649
136	6	0.99791
137	6	0.99285
139	6	0.99121
140	6	0.99481
141	6	0.99895
142	6	0.99594
144	6	0.99044
145	6	0.99445
146	6	0.99462
147	6	0.9974
148	6	0.97337
150	6	0.99785
2	7	0.99712
3	7	0.98223
4	7	0.99846
5	7	0.96865
6	7	0.99736
8	7	0.97647
10	7	0.99232
11	7	0.99764
12	7	0.99878
13	7	0.99168
14	7	0.99725
16	7	0.99574
17	7	0.9914
20	7	0.99836
24	7	0.99843
26	7	0.9971
29	7	0.98307
30	7	0.99834
31	7	0.99839
33	7	0.99358
37	7	0.99892
39	7	0.99722
41	7	0.99878
43	7	0.99715
45	7	0.99701
47	7	0.98715
48	7	0.99812
53	7	0.99788
56	7	0.98778
60	7	0.99808
61	7	0.99727
62	7	0.99877
63	7	0.99684
66	7	0.99773
67	7	0.99729
70	7	0.99779
72	7	0.9983
80	7	0.99955
81	7	0.99154
82	7	0.99869
83	7	0.99448
93	7	0.99451
94	7	0.99703
95	7	0.99518
96	7	0.99715
97	7	0.99889
98	7	0.99743
99	7	0.99708
101	7	0.99923
103	7	0.99839
106	7	0.99953
107	7	0.99683
108	7	0.99713
109	7	0.99636
110	7	0.99767
111	7	0.99871
112	7	0.99188
113	7	0.99897
114	7	0.99887
116	7	0.99608
117	7	0.99534
120	7	0.99738
130	7	0.99829
131	7	0.99574
132	7	0.99858
134	7	0.99839
136	7	0.99763
141	7	0.99879
143	7	0.99791
144	7	0.98725
146	7	0.99107
147	7	0.99738
148	7	0.97136
3	8	0.99664
4	8	0.98302
5	8	0.98462
6	8	0.97693
7	8	0.97647
10	8	0.98829
13	8	0.98662
14	8	0.98574
16	8	0.97702
17	8	0.99314
24	8	0.97233
29	8	0.9814
30	8	0.97728
33	8	0.98218
41	8	0.98411
43	8	0.97362
45	8	0.97378
47	8	0.98388
49	8	0.97692
56	8	0.98778
62	8	0.9733
64	8	0.97302
72	8	0.97644
80	8	0.97416
81	8	0.98529
82	8	0.97684
83	8	0.9855
93	8	0.98158
95	8	0.99041
101	8	0.97751
103	8	0.97526
105	8	0.97375
106	8	0.97776
109	8	0.9778
111	8	0.97564
116	8	0.98123
117	8	0.97494
130	8	0.97885
131	8	0.98356
132	8	0.97547
133	8	0.98146
136	8	0.97521
139	8	0.97433
140	8	0.97461
141	8	0.97996
143	8	0.97252
144	8	0.99014
146	8	0.98343
147	8	0.97462
148	8	0.99533
12	9	0.99635
20	9	0.99776
22	9	0.99621
25	9	0.99815
28	9	0.9995
31	9	0.99731
34	9	0.99865
35	9	0.99943
36	9	0.99902
37	9	0.99612
39	9	0.99667
40	9	0.99949
42	9	0.99875
44	9	0.99768
46	9	0.99948
48	9	0.99762
52	9	0.99927
53	9	0.99573
55	9	0.99679
58	9	0.9984
59	9	0.9957
60	9	0.99745
67	9	0.99694
70	9	0.99607
73	9	0.99793
74	9	0.99957
75	9	0.99638
76	9	0.99647
78	9	0.99675
79	9	0.99648
84	9	0.99937
85	9	0.99963
87	9	0.9982
90	9	0.99676
91	9	0.99645
92	9	0.99802
94	9	0.99729
97	9	0.99708
98	9	0.99747
99	9	0.99682
100	9	0.99876
102	9	0.99647
110	9	0.9961
114	9	0.99571
115	9	0.99716
118	9	0.9983
120	9	0.99726
128	9	0.99675
129	9	0.99655
134	9	0.99676
3	10	0.99302
4	10	0.99509
5	10	0.97413
6	10	0.99221
7	10	0.99232
8	10	0.98829
11	10	0.99277
12	10	0.99078
13	10	0.99296
14	10	0.99628
16	10	0.99395
17	10	0.99582
24	10	0.99058
29	10	0.9825
30	10	0.99236
33	10	0.99036
37	10	0.99053
41	10	0.99522
43	10	0.99175
45	10	0.99184
47	10	0.9864
49	10	0.99271
54	10	0.99073
56	10	0.98762
61	10	0.99013
62	10	0.99009
63	10	0.99111
64	10	0.99175
70	10	0.98992
72	10	0.99278
80	10	0.99131
81	10	0.98787
82	10	0.99219
83	10	0.99383
93	10	0.99052
95	10	0.9958
96	10	0.99123
101	10	0.99419
103	10	0.9933
106	10	0.99344
109	10	0.99225
110	10	0.9897
111	10	0.99281
114	10	0.9898
116	10	0.9927
127	10	0.99113
130	10	0.99335
131	10	0.99228
132	10	0.99298
133	10	0.99066
136	10	0.99203
141	10	0.9931
143	10	0.99257
144	10	0.98892
145	10	0.99052
147	10	0.9903
148	10	0.98003
150	10	0.99
3	11	0.98062
4	11	0.99772
7	11	0.99764
10	11	0.99277
12	11	0.99833
14	11	0.99542
16	11	0.99383
17	11	0.98821
20	11	0.99815
24	11	0.99751
25	11	0.99666
31	11	0.99781
37	11	0.99808
39	11	0.99851
41	11	0.99628
43	11	0.99686
48	11	0.99784
53	11	0.99646
54	11	0.99779
57	11	0.99608
58	11	0.99662
59	11	0.99645
60	11	0.99753
63	11	0.99843
66	11	0.99726
67	11	0.99806
70	11	0.99827
72	11	0.99659
73	11	0.99748
78	11	0.99716
80	11	0.9975
84	11	0.99672
89	11	0.9976
92	11	0.99701
94	11	0.99704
96	11	0.99725
97	11	0.99853
98	11	0.99721
99	11	0.99678
101	11	0.99862
103	11	0.99815
104	11	0.99643
105	11	0.99005
106	11	0.99776
107	11	0.99654
110	11	0.99738
111	11	0.99849
112	11	0.99032
113	11	0.99781
114	11	0.9976
115	11	0.99661
120	11	0.99803
127	11	0.99847
128	11	0.99765
130	11	0.99674
132	11	0.99763
134	11	0.99762
136	11	0.99699
143	11	0.99946
145	11	0.99609
4	12	0.9966
7	12	0.99878
9	12	0.99635
10	12	0.99078
11	12	0.99833
14	12	0.99571
17	12	0.98749
20	12	0.99915
24	12	0.99735
25	12	0.99779
31	12	0.99862
32	12	0.99466
35	12	0.99766
37	12	0.99885
39	12	0.99803
41	12	0.99682
45	12	0.99759
48	12	0.99902
53	12	0.99744
58	12	0.9978
59	12	0.9972
60	12	0.9986
62	12	0.99706
63	12	0.99783
66	12	0.99791
67	12	0.99876
70	12	0.99819
72	12	0.99728
73	12	0.99814
74	12	0.99547
78	12	0.99757
79	12	0.99734
80	12	0.99869
82	12	0.99686
84	12	0.9976
85	12	0.99713
90	12	0.99696
91	12	0.99685
92	12	0.99763
94	12	0.99835
96	12	0.99863
97	12	0.99946
98	12	0.99797
99	12	0.99777
101	12	0.99891
103	12	0.99866
106	12	0.99862
107	12	0.99687
110	12	0.99872
111	12	0.99818
112	12	0.99159
113	12	0.99831
114	12	0.99885
117	12	0.99418
120	12	0.99822
127	12	0.99689
128	12	0.99733
132	12	0.99839
134	12	0.99863
143	12	0.99806
2	13	0.99059
3	13	0.99082
4	13	0.99449
5	13	0.98298
6	13	0.99562
7	13	0.99168
8	13	0.98662
10	13	0.99296
14	13	0.99402
16	13	0.99481
17	13	0.99571
24	13	0.9921
26	13	0.9904
29	13	0.99036
30	13	0.99472
33	13	0.99752
41	13	0.99508
43	13	0.99452
47	13	0.99497
49	13	0.99085
54	13	0.99114
56	13	0.99403
61	13	0.99304
62	13	0.99263
64	13	0.99209
65	13	0.99119
72	13	0.99225
80	13	0.99141
81	13	0.99471
82	13	0.99282
83	13	0.99527
93	13	0.99559
95	13	0.9971
101	13	0.99235
106	13	0.99211
109	13	0.99507
111	13	0.99139
113	13	0.99029
116	13	0.99415
117	13	0.99206
126	13	0.98992
127	13	0.99106
130	13	0.99463
131	13	0.99627
132	13	0.99097
133	13	0.99445
136	13	0.99304
139	13	0.99277
140	13	0.99482
141	13	0.99574
144	13	0.99449
146	13	0.99741
147	13	0.99388
148	13	0.98392
3	14	0.98937
4	14	0.99804
5	14	0.97522
6	14	0.99702
7	14	0.99725
8	14	0.98574
10	14	0.99628
11	14	0.99542
12	14	0.99571
13	14	0.99402
16	14	0.99432
17	14	0.9949
24	14	0.99595
29	14	0.98306
30	14	0.99753
32	14	0.99455
33	14	0.9939
37	14	0.99493
41	14	0.99886
43	14	0.9964
45	14	0.99774
47	14	0.98908
49	14	0.99764
56	14	0.99004
61	14	0.99569
62	14	0.99624
63	14	0.99509
64	14	0.99634
66	14	0.99523
67	14	0.99502
70	14	0.99499
72	14	0.99855
80	14	0.99572
81	14	0.99214
82	14	0.99778
83	14	0.99858
93	14	0.99515
95	14	0.99845
96	14	0.99652
97	14	0.99548
101	14	0.99773
103	14	0.99747
105	14	0.99192
106	14	0.99854
107	14	0.9948
109	14	0.99786
110	14	0.9959
111	14	0.99679
113	14	0.99612
114	14	0.99649
116	14	0.99825
117	14	0.99424
125	14	0.99543
126	14	0.98732
127	14	0.99475
130	14	0.99833
131	14	0.99668
132	14	0.99824
133	14	0.99532
136	14	0.9975
139	14	0.98689
141	14	0.99771
143	14	0.9949
144	14	0.99073
146	14	0.99202
147	14	0.99487
148	14	0.9795
150	14	0.99705
2	15	0.9973
6	15	0.99306
18	15	0.99531
19	15	0.99718
21	15	0.99848
22	15	0.9948
23	15	0.99421
24	15	0.99256
26	15	0.99553
27	15	0.99649
29	15	0.97942
30	15	0.99348
33	15	0.99162
38	15	0.99667
43	15	0.99242
53	15	0.99286
55	15	0.99268
60	15	0.99156
61	15	0.99349
62	15	0.99304
65	15	0.993
66	15	0.99175
68	15	0.99303
69	15	0.99377
70	15	0.99157
71	15	0.99361
75	15	0.99373
76	15	0.99495
77	15	0.99637
82	15	0.99178
86	15	0.99558
88	15	0.99641
91	15	0.99288
102	15	0.99504
104	15	0.99275
107	15	0.99336
108	15	0.99553
113	15	0.99234
119	15	0.99397
121	15	0.99266
122	15	0.99168
123	15	0.99471
125	15	0.99192
126	15	0.99043
129	15	0.99181
134	15	0.99177
135	15	0.99794
137	15	0.99537
138	15	0.99321
139	15	0.98652
141	15	0.9918
142	15	0.9973
150	15	0.99161
2	16	0.9949
3	16	0.98415
4	16	0.99492
5	16	0.97637
6	16	0.99715
7	16	0.99574
8	16	0.97702
10	16	0.99395
11	16	0.99383
13	16	0.99481
14	16	0.99432
17	16	0.994
18	16	0.99557
24	16	0.99575
26	16	0.99541
27	16	0.99417
29	16	0.98974
30	16	0.99696
33	16	0.99615
37	16	0.99554
41	16	0.99624
43	16	0.99649
47	16	0.99224
54	16	0.99376
56	16	0.99094
57	16	0.99486
61	16	0.99521
62	16	0.99539
63	16	0.99419
69	16	0.99411
70	16	0.99492
72	16	0.99502
80	16	0.99647
81	16	0.99216
82	16	0.99536
83	16	0.99315
89	16	0.99396
93	16	0.99629
95	16	0.99448
101	16	0.99617
103	16	0.99593
104	16	0.99476
106	16	0.99525
107	16	0.9938
108	16	0.99395
109	16	0.99457
111	16	0.99528
113	16	0.99452
116	16	0.99464
126	16	0.98701
127	16	0.995
130	16	0.99527
131	16	0.99414
132	16	0.99474
133	16	0.99266
134	16	0.99423
136	16	0.99395
139	16	0.98604
140	16	0.99262
141	16	0.99691
143	16	0.99461
144	16	0.99042
146	16	0.99279
147	16	0.99515
148	16	0.97398
3	17	0.99621
4	17	0.9943
5	17	0.98759
6	17	0.9921
7	17	0.9914
8	17	0.99314
10	17	0.99582
11	17	0.98821
12	17	0.98749
13	17	0.99571
14	17	0.9949
16	17	0.994
24	17	0.98884
29	17	0.99235
30	17	0.99222
33	17	0.99436
37	17	0.98753
41	17	0.99529
43	17	0.98984
45	17	0.98813
47	17	0.99355
49	17	0.98841
56	17	0.99531
62	17	0.98894
72	17	0.99048
80	17	0.99104
81	17	0.99446
82	17	0.99043
83	17	0.99359
93	17	0.99447
95	17	0.99796
101	17	0.99208
103	17	0.99068
106	17	0.99168
109	17	0.99107
111	17	0.98986
116	17	0.99224
117	17	0.98808
130	17	0.99173
131	17	0.99304
132	17	0.98979
133	17	0.99042
136	17	0.98882
140	17	0.98808
141	17	0.99345
143	17	0.98874
144	17	0.99585
146	17	0.99272
147	17	0.98913
148	17	0.99101
2	18	0.99654
15	18	0.99531
16	18	0.99557
19	18	0.99764
20	18	0.99647
21	18	0.99437
22	18	0.99604
24	18	0.99757
25	18	0.99622
26	18	0.99833
27	18	0.99857
29	18	0.9799
30	18	0.99608
31	18	0.99685
33	18	0.99173
35	18	0.99637
37	18	0.99774
38	18	0.9983
39	18	0.99666
40	18	0.99659
43	18	0.99673
48	18	0.99648
53	18	0.99608
54	18	0.99655
57	18	0.99649
60	18	0.99692
61	18	0.99701
62	18	0.99601
63	18	0.99654
66	18	0.99628
68	18	0.99621
69	18	0.99686
70	18	0.99787
75	18	0.99602
76	18	0.99645
77	18	0.99674
80	18	0.99658
84	18	0.996
88	18	0.9966
89	18	0.9972
91	18	0.99605
98	18	0.99645
99	18	0.99729
102	18	0.99831
104	18	0.99709
107	18	0.99681
108	18	0.99808
113	18	0.99708
120	18	0.99613
123	18	0.99678
127	18	0.99679
129	18	0.99673
134	18	0.99772
135	18	0.99704
142	18	0.99626
145	18	0.99494
2	19	0.99875
15	19	0.99718
18	19	0.99764
20	19	0.9975
21	19	0.99675
22	19	0.99862
23	19	0.98935
24	19	0.99733
25	19	0.99785
26	19	0.99873
27	19	0.99952
28	19	0.99682
30	19	0.99679
31	19	0.99801
34	19	0.99522
37	19	0.99727
38	19	0.99938
40	19	0.99694
48	19	0.99761
52	19	0.99475
53	19	0.99844
55	19	0.99792
59	19	0.99737
60	19	0.99815
61	19	0.99715
62	19	0.99742
66	19	0.99766
68	19	0.99776
69	19	0.99741
70	19	0.99732
71	19	0.99775
75	19	0.99831
76	19	0.99879
77	19	0.99839
86	19	0.99779
87	19	0.99708
88	19	0.99776
90	19	0.99767
91	19	0.99834
92	19	0.99707
93	19	0.99257
98	19	0.99746
99	19	0.99713
100	19	0.99428
102	19	0.99866
107	19	0.99821
108	19	0.99896
110	19	0.99716
113	19	0.99805
114	19	0.99766
119	19	0.9974
121	19	0.99767
123	19	0.99834
126	19	0.98726
129	19	0.99682
134	19	0.99776
135	19	0.99843
137	19	0.99491
138	19	0.9974
142	19	0.99821
4	20	0.99562
7	20	0.99836
9	20	0.99776
11	20	0.99815
12	20	0.99915
18	20	0.99647
19	20	0.9975
22	20	0.99721
24	20	0.99808
25	20	0.99932
26	20	0.9972
27	20	0.99789
28	20	0.99804
31	20	0.99981
32	20	0.99462
34	20	0.99533
35	20	0.99869
36	20	0.99569
37	20	0.99932
38	20	0.99757
39	20	0.99902
40	20	0.99823
41	20	0.99575
42	20	0.99733
44	20	0.99672
45	20	0.99734
46	20	0.99804
48	20	0.99977
51	20	0.99788
52	20	0.99633
53	20	0.99903
54	20	0.99722
55	20	0.99798
57	20	0.99566
58	20	0.99901
59	20	0.99872
60	20	0.99972
62	20	0.99741
63	20	0.99826
66	20	0.99915
67	20	0.99938
68	20	0.99807
70	20	0.99909
72	20	0.99751
73	20	0.99881
74	20	0.99714
75	20	0.99774
76	20	0.99729
78	20	0.99862
79	20	0.99853
80	20	0.99797
82	20	0.99747
84	20	0.99896
85	20	0.99849
87	20	0.99801
89	20	0.99792
90	20	0.99874
91	20	0.99863
92	20	0.99913
94	20	0.99898
96	20	0.9984
97	20	0.99966
98	20	0.99946
99	20	0.99897
100	20	0.99537
101	20	0.99828
102	20	0.99745
103	20	0.99836
104	20	0.99767
106	20	0.99831
107	20	0.99845
108	20	0.99795
110	20	0.99922
111	20	0.99834
112	20	0.9902
113	20	0.99913
114	20	0.99935
115	20	0.99741
118	20	0.99784
120	20	0.99943
121	20	0.9977
122	20	0.9975
127	20	0.99748
128	20	0.99858
129	20	0.99828
132	20	0.99851
134	20	0.99947
138	20	0.99635
143	20	0.99804
145	20	0.9944
2	21	0.996
6	21	0.99097
15	21	0.99848
18	21	0.99437
19	21	0.99675
22	21	0.99422
23	21	0.9899
24	21	0.99133
25	21	0.99036
26	21	0.99487
27	21	0.99531
28	21	0.9905
29	21	0.97876
30	21	0.99189
31	21	0.99054
34	21	0.99026
35	21	0.99017
38	21	0.99575
40	21	0.99085
43	21	0.99033
53	21	0.99177
55	21	0.99176
60	21	0.99086
61	21	0.99093
62	21	0.99105
68	21	0.99074
69	21	0.99129
70	21	0.99015
71	21	0.99154
75	21	0.99236
76	21	0.9944
77	21	0.99478
86	21	0.99338
87	21	0.99004
88	21	0.99481
90	21	0.99007
91	21	0.99163
93	21	0.99036
102	21	0.99459
107	21	0.99152
108	21	0.99439
113	21	0.99128
118	21	0.98994
119	21	0.9911
121	21	0.9905
123	21	0.99198
126	21	0.98697
134	21	0.9903
135	21	0.99625
137	21	0.99268
138	21	0.99192
141	21	0.98996
142	21	0.99467
2	22	0.99596
9	22	0.99621
15	22	0.9948
18	22	0.99604
19	22	0.99862
20	22	0.99721
21	22	0.99422
25	22	0.99796
26	22	0.99667
27	22	0.99795
28	22	0.99809
31	22	0.99715
34	22	0.99724
35	22	0.99748
36	22	0.99518
38	22	0.99817
40	22	0.9975
42	22	0.99732
46	22	0.99758
48	22	0.9976
51	22	0.9967
52	22	0.99683
53	22	0.99745
55	22	0.99775
58	22	0.99684
59	22	0.99695
60	22	0.99726
66	22	0.99724
68	22	0.99662
70	22	0.99662
71	22	0.99689
73	22	0.99667
74	22	0.99667
75	22	0.99887
76	22	0.99849
77	22	0.9971
78	22	0.99665
79	22	0.99783
84	22	0.99667
86	22	0.99689
87	22	0.99778
88	22	0.99642
90	22	0.99786
91	22	0.99828
92	22	0.99724
98	22	0.99671
100	22	0.99585
102	22	0.9974
107	22	0.9975
108	22	0.99708
110	22	0.99726
118	22	0.99712
121	22	0.99819
123	22	0.99715
129	22	0.99691
134	22	0.99684
135	22	0.99693
142	22	0.99758
2	23	0.99208
5	23	0.96733
6	23	0.99085
15	23	0.99421
19	23	0.98935
21	23	0.9899
24	23	0.98721
26	23	0.98946
27	23	0.98926
30	23	0.99021
33	23	0.99162
38	23	0.98959
43	23	0.98955
50	23	0.99187
61	23	0.99082
62	23	0.98912
64	23	0.98778
65	23	0.99173
68	23	0.98912
69	23	0.99042
71	23	0.99077
72	23	0.98799
77	23	0.99134
82	23	0.98887
83	23	0.98817
86	23	0.99198
88	23	0.9911
93	23	0.98987
104	23	0.98825
107	23	0.98852
108	23	0.99
109	23	0.99003
116	23	0.99089
119	23	0.9911
122	23	0.98736
123	23	0.9906
125	23	0.98908
126	23	0.99607
130	23	0.98822
131	23	0.98983
133	23	0.99148
135	23	0.99285
136	23	0.98817
137	23	0.99483
139	23	0.99617
140	23	0.99101
141	23	0.98876
142	23	0.99308
146	23	0.99052
147	23	0.98901
150	23	0.98953
2	24	0.99723
4	24	0.99707
6	24	0.99751
7	24	0.99843
8	24	0.97233
10	24	0.99058
11	24	0.99751
12	24	0.99735
13	24	0.9921
14	24	0.99595
15	24	0.99256
16	24	0.99575
17	24	0.98884
18	24	0.99757
19	24	0.99733
20	24	0.99808
21	24	0.99133
23	24	0.98721
26	24	0.99821
27	24	0.998
29	24	0.98015
30	24	0.99787
31	24	0.99863
33	24	0.99367
37	24	0.99861
38	24	0.99779
39	24	0.99829
41	24	0.99751
43	24	0.99847
47	24	0.98548
48	24	0.99793
49	24	0.99574
50	24	0.99304
53	24	0.99766
54	24	0.99817
56	24	0.98477
57	24	0.99635
60	24	0.99833
61	24	0.99876
62	24	0.99824
63	24	0.99794
64	24	0.99763
65	24	0.99805
66	24	0.99821
68	24	0.99783
69	24	0.99863
70	24	0.99901
72	24	0.99792
77	24	0.99718
80	24	0.99812
81	24	0.98919
82	24	0.99819
83	24	0.99344
89	24	0.99803
93	24	0.99397
95	24	0.99316
97	24	0.99806
98	24	0.99789
99	24	0.99837
101	24	0.99859
102	24	0.99735
103	24	0.99798
104	24	0.9984
105	24	0.99036
106	24	0.99846
107	24	0.99856
108	24	0.99877
109	24	0.99694
111	24	0.9988
112	24	0.99071
113	24	0.99936
114	24	0.99833
116	24	0.99566
117	24	0.99449
120	24	0.99793
122	24	0.99775
123	24	0.99811
125	24	0.99799
127	24	0.99814
128	24	0.99773
130	24	0.99869
131	24	0.99586
132	24	0.99819
133	24	0.99262
134	24	0.99889
135	24	0.99615
136	24	0.99863
137	24	0.99315
140	24	0.99286
141	24	0.99833
143	24	0.99798
144	24	0.98471
145	24	0.99605
146	24	0.99113
147	24	0.99804
148	24	0.96548
150	24	0.9971
9	25	0.99815
11	25	0.99666
12	25	0.99779
18	25	0.99622
19	25	0.99785
20	25	0.99932
21	25	0.99036
22	25	0.99796
27	25	0.99804
28	25	0.99901
31	25	0.9993
32	25	0.99471
34	25	0.99677
35	25	0.99859
36	25	0.99719
37	25	0.99814
38	25	0.99826
39	25	0.99898
40	25	0.99858
42	25	0.9985
44	25	0.99849
45	25	0.99661
46	25	0.99885
48	25	0.99957
51	25	0.99843
52	25	0.99762
53	25	0.99862
54	25	0.99713
55	25	0.99894
58	25	0.99952
59	25	0.99939
60	25	0.9994
63	25	0.99809
66	25	0.99917
67	25	0.99925
68	25	0.99869
69	25	0.99742
70	25	0.99888
71	25	0.99815
73	25	0.99884
74	25	0.99821
75	25	0.99908
76	25	0.99846
77	25	0.99722
78	25	0.9988
79	25	0.9991
84	25	0.99917
85	25	0.9989
86	25	0.99701
87	25	0.99925
88	25	0.99645
89	25	0.99808
90	25	0.9997
91	25	0.9995
92	25	0.99982
94	25	0.99936
96	25	0.99787
97	25	0.99888
98	25	0.99913
99	25	0.99863
100	25	0.99696
102	25	0.99804
107	25	0.99877
108	25	0.99824
110	25	0.99912
113	25	0.9986
114	25	0.99891
115	25	0.99744
118	25	0.99916
119	25	0.99768
120	25	0.99932
121	25	0.99882
122	25	0.99771
123	25	0.9983
124	25	0.9963
125	25	0.99817
128	25	0.9989
129	25	0.9983
134	25	0.99876
135	25	0.99582
138	25	0.99677
142	25	0.99639
149	25	0.97474
150	25	0.99717
2	26	0.99823
5	26	0.96687
6	26	0.99796
7	26	0.9971
13	26	0.9904
15	26	0.99553
16	26	0.99541
18	26	0.99833
19	26	0.99873
20	26	0.9972
21	26	0.99487
22	26	0.99667
23	26	0.98946
24	26	0.99821
27	26	0.99908
29	26	0.98188
30	26	0.99817
31	26	0.99768
33	26	0.99364
37	26	0.99786
38	26	0.99853
43	26	0.99776
47	26	0.98567
48	26	0.99724
50	26	0.99214
53	26	0.99781
56	26	0.98583
59	26	0.9972
60	26	0.99816
61	26	0.99834
62	26	0.99814
65	26	0.99742
66	26	0.99771
68	26	0.99773
69	26	0.99772
70	26	0.998
71	26	0.99748
72	26	0.99745
77	26	0.99711
80	26	0.99735
81	26	0.98948
82	26	0.99742
86	26	0.99663
88	26	0.99653
91	26	0.99732
93	26	0.99487
95	26	0.99173
98	26	0.99713
99	26	0.99724
101	26	0.99715
102	26	0.99785
104	26	0.9972
106	26	0.99707
107	26	0.99829
108	26	0.99892
109	26	0.99653
113	26	0.99851
114	26	0.99785
116	26	0.9958
119	26	0.99707
123	26	0.9982
125	26	0.99715
126	26	0.98855
130	26	0.99704
132	26	0.9973
133	26	0.99156
134	26	0.99785
135	26	0.99763
137	26	0.9937
138	26	0.99643
140	26	0.99301
141	26	0.99747
142	26	0.99715
144	26	0.98501
146	26	0.99001
147	26	0.99638
150	26	0.9972
2	27	0.99829
6	27	0.99668
15	27	0.99649
16	27	0.99417
18	27	0.99857
19	27	0.99952
20	27	0.99789
21	27	0.99531
22	27	0.99795
23	27	0.98926
24	27	0.998
25	27	0.99804
26	27	0.99908
30	27	0.9971
31	27	0.99835
33	27	0.9917
34	27	0.99479
37	27	0.99805
38	27	0.99951
40	27	0.99705
42	27	0.99662
43	27	0.99725
48	27	0.99782
50	27	0.99272
53	27	0.99861
55	27	0.99796
57	27	0.99496
59	27	0.99783
60	27	0.99852
61	27	0.9982
62	27	0.99794
65	27	0.99746
66	27	0.99823
68	27	0.99848
69	27	0.99848
70	27	0.99832
71	27	0.9979
75	27	0.9984
76	27	0.99864
77	27	0.99858
80	27	0.99671
86	27	0.99799
88	27	0.99817
90	27	0.99794
91	27	0.99846
92	27	0.99757
93	27	0.99263
98	27	0.99803
99	27	0.99784
100	27	0.99428
102	27	0.99871
104	27	0.99821
107	27	0.99885
108	27	0.99944
113	27	0.99846
114	27	0.99786
119	27	0.99805
121	27	0.99793
122	27	0.99759
123	27	0.99871
125	27	0.99762
129	27	0.99773
134	27	0.99841
135	27	0.99827
137	27	0.99526
138	27	0.9976
140	27	0.99162
141	27	0.99657
142	27	0.9983
147	27	0.99644
9	28	0.9995
19	28	0.99682
20	28	0.99804
21	28	0.9905
22	28	0.99809
25	28	0.99901
31	28	0.99776
34	28	0.99922
35	28	0.99935
36	28	0.99892
38	28	0.99715
39	28	0.99717
40	28	0.99957
42	28	0.99939
44	28	0.99867
46	28	0.99975
48	28	0.99827
52	28	0.99946
55	28	0.99797
58	28	0.99879
59	28	0.99703
60	28	0.99796
66	28	0.99682
67	28	0.99735
70	28	0.99704
73	28	0.99831
74	28	0.9996
75	28	0.99829
76	28	0.99814
78	28	0.9976
79	28	0.99781
84	28	0.99926
85	28	0.99939
87	28	0.99916
90	28	0.99814
91	28	0.9981
92	28	0.99876
94	28	0.99781
97	28	0.99718
98	28	0.99781
99	28	0.99715
100	28	0.99898
102	28	0.99751
110	28	0.99717
115	28	0.99736
118	28	0.99906
120	28	0.99762
121	28	0.99753
124	28	0.99471
128	28	0.99715
129	28	0.99738
134	28	0.99717
2	29	0.98531
3	29	0.9845
4	29	0.98336
5	29	0.9942
6	29	0.98656
7	29	0.98307
8	29	0.9814
10	29	0.9825
13	29	0.99036
14	29	0.98306
15	29	0.97942
16	29	0.98974
17	29	0.99235
18	29	0.9799
21	29	0.97876
24	29	0.98015
26	29	0.98188
30	29	0.98705
33	29	0.99371
37	29	0.97889
41	29	0.98579
43	29	0.98143
47	29	0.99396
56	29	0.9975
61	29	0.97912
62	29	0.98194
72	29	0.98088
80	29	0.98358
81	29	0.99444
82	29	0.98188
83	29	0.9847
93	29	0.99401
95	29	0.98972
101	29	0.98167
103	29	0.98024
106	29	0.98123
109	29	0.9814
111	29	0.97885
116	29	0.98548
126	29	0.98494
130	29	0.98112
131	29	0.98499
133	29	0.98362
139	29	0.9817
140	29	0.98144
141	29	0.98728
144	29	0.99641
146	29	0.98978
147	29	0.98148
148	29	0.98782
2	30	0.99835
3	30	0.98309
4	30	0.99698
5	30	0.9755
6	30	0.99966
7	30	0.99834
8	30	0.97728
10	30	0.99236
13	30	0.99472
14	30	0.99753
15	30	0.99348
16	30	0.99696
17	30	0.99222
18	30	0.99608
19	30	0.99679
21	30	0.99189
23	30	0.99021
24	30	0.99787
26	30	0.99817
27	30	0.9971
29	30	0.98705
33	30	0.99692
37	30	0.99723
41	30	0.99805
43	30	0.99859
45	30	0.99714
47	30	0.9909
49	30	0.99589
53	30	0.99706
56	30	0.99143
61	30	0.99842
62	30	0.99862
64	30	0.99726
65	30	0.99674
66	30	0.9972
68	30	0.99695
70	30	0.99724
71	30	0.99706
72	30	0.99904
80	30	0.9977
81	30	0.99396
82	30	0.99884
83	30	0.99715
93	30	0.99765
95	30	0.99662
101	30	0.99795
103	30	0.9976
105	30	0.99002
106	30	0.99844
107	30	0.99719
108	30	0.99751
109	30	0.99818
110	30	0.99678
111	30	0.99723
113	30	0.9981
114	30	0.99785
116	30	0.99852
117	30	0.99489
123	30	0.99724
125	30	0.99704
126	30	0.99246
130	30	0.99845
131	30	0.99663
132	30	0.99836
133	30	0.99565
136	30	0.99782
139	30	0.98994
140	30	0.9934
141	30	0.99935
144	30	0.99087
146	30	0.99411
147	30	0.99725
148	30	0.97398
150	30	0.998
2	31	0.99637
4	31	0.99566
7	31	0.99839
9	31	0.99731
11	31	0.99781
12	31	0.99862
18	31	0.99685
19	31	0.99801
20	31	0.99981
21	31	0.99054
22	31	0.99715
24	31	0.99863
25	31	0.9993
26	31	0.99768
27	31	0.99835
28	31	0.99776
32	31	0.99377
34	31	0.99491
35	31	0.99822
36	31	0.99502
37	31	0.99921
38	31	0.99827
39	31	0.99912
40	31	0.9981
41	31	0.9958
42	31	0.99727
44	31	0.99692
45	31	0.99678
46	31	0.99785
48	31	0.9995
51	31	0.99787
52	31	0.99583
53	31	0.99931
54	31	0.99744
55	31	0.99848
57	31	0.99559
58	31	0.99863
59	31	0.99896
60	31	0.99981
61	31	0.99781
62	31	0.99792
63	31	0.99804
64	31	0.99684
65	31	0.99694
66	31	0.99926
67	31	0.99909
68	31	0.9986
69	31	0.99769
70	31	0.99917
71	31	0.99751
72	31	0.99759
73	31	0.99803
74	31	0.99652
75	31	0.99791
76	31	0.99773
77	31	0.99702
78	31	0.99835
79	31	0.99815
80	31	0.998
82	31	0.99784
84	31	0.99872
85	31	0.99807
86	31	0.99612
87	31	0.99797
88	31	0.99601
89	31	0.99798
90	31	0.99887
91	31	0.99865
92	31	0.99915
94	31	0.9989
96	31	0.9977
97	31	0.99944
98	31	0.99965
99	31	0.99913
100	31	0.99513
101	31	0.99807
102	31	0.99809
103	31	0.99796
104	31	0.99817
106	31	0.9983
107	31	0.99877
108	31	0.99868
110	31	0.9989
111	31	0.99849
112	31	0.99048
113	31	0.99949
114	31	0.99934
115	31	0.99714
118	31	0.99809
119	31	0.99737
120	31	0.99945
121	31	0.99787
122	31	0.99827
123	31	0.99845
125	31	0.99799
127	31	0.99757
128	31	0.99864
129	31	0.99859
130	31	0.99733
132	31	0.9984
134	31	0.99961
135	31	0.99566
136	31	0.99773
138	31	0.99674
141	31	0.99655
143	31	0.99788
145	31	0.99458
147	31	0.9967
150	31	0.99722
12	32	0.99466
14	32	0.99455
20	32	0.99462
25	32	0.99471
31	32	0.99377
39	32	0.99385
45	32	0.99847
48	32	0.99533
49	32	0.99696
51	32	0.99549
53	32	0.99363
58	32	0.99545
59	32	0.99584
60	32	0.99425
63	32	0.99536
64	32	0.99391
66	32	0.99561
67	32	0.99644
68	32	0.99419
70	32	0.99452
71	32	0.99518
72	32	0.99633
73	32	0.99561
75	32	0.99436
78	32	0.99606
79	32	0.99769
82	32	0.99415
90	32	0.99551
91	32	0.99558
92	32	0.9942
94	32	0.99458
96	32	0.99816
97	32	0.99428
101	32	0.99382
103	32	0.99631
105	32	0.99018
106	32	0.99452
107	32	0.99549
110	32	0.99738
111	32	0.9936
113	32	0.99375
114	32	0.99541
116	32	0.99357
120	32	0.99377
121	32	0.99485
123	32	0.99349
124	32	0.99478
125	32	0.99568
132	32	0.99686
136	32	0.9943
150	32	0.99709
2	33	0.99588
3	33	0.98503
4	33	0.99334
5	33	0.98535
6	33	0.99675
7	33	0.99358
8	33	0.98218
10	33	0.99036
13	33	0.99752
14	33	0.9939
15	33	0.99162
16	33	0.99615
17	33	0.99436
18	33	0.99173
23	33	0.99162
24	33	0.99367
26	33	0.99364
27	33	0.9917
29	33	0.99371
30	33	0.99692
41	33	0.99533
43	33	0.99451
47	33	0.99483
56	33	0.99613
61	33	0.99393
62	33	0.99458
64	33	0.99257
65	33	0.99217
69	33	0.99167
72	33	0.99388
80	33	0.9931
81	33	0.99784
82	33	0.99467
83	33	0.99509
93	33	0.99878
95	33	0.99625
101	33	0.99266
106	33	0.99335
108	33	0.99217
109	33	0.99483
111	33	0.99177
113	33	0.99215
116	33	0.99641
126	33	0.9937
130	33	0.99486
131	33	0.99682
132	33	0.99225
133	33	0.99483
136	33	0.9929
139	33	0.99362
140	33	0.99433
141	33	0.99725
144	33	0.99608
146	33	0.9976
147	33	0.99459
148	33	0.98237
150	33	0.99181
9	34	0.99865
19	34	0.99522
20	34	0.99533
21	34	0.99026
22	34	0.99724
25	34	0.99677
27	34	0.99479
28	34	0.99922
31	34	0.99491
35	34	0.9983
36	34	0.9985
38	34	0.99529
40	34	0.99879
42	34	0.99871
44	34	0.99739
46	34	0.99895
48	34	0.99553
52	34	0.99936
53	34	0.99418
55	34	0.99612
58	34	0.99641
59	34	0.99386
60	34	0.99527
67	34	0.99394
70	34	0.994
73	34	0.99596
74	34	0.99904
75	34	0.99688
76	34	0.99708
78	34	0.99495
79	34	0.99552
84	34	0.99761
85	34	0.99783
87	34	0.99789
90	34	0.99563
91	34	0.99584
92	34	0.99633
94	34	0.99484
97	34	0.99386
98	34	0.99512
99	34	0.99455
100	34	0.99928
102	34	0.99601
110	34	0.99411
115	34	0.99549
118	34	0.99761
120	34	0.99452
121	34	0.99567
128	34	0.99401
129	34	0.99532
134	34	0.99442
9	35	0.99943
12	35	0.99766
18	35	0.99637
20	35	0.99869
21	35	0.99017
22	35	0.99748
25	35	0.99859
28	35	0.99935
31	35	0.99822
34	35	0.9983
36	35	0.99765
37	35	0.9979
39	35	0.99733
40	35	0.99953
42	35	0.99844
44	35	0.99709
46	35	0.99933
48	35	0.99859
52	35	0.99846
53	35	0.99713
55	35	0.99724
58	35	0.9983
60	35	0.99846
66	35	0.99689
67	35	0.99749
70	35	0.99748
73	35	0.99829
74	35	0.99886
75	35	0.99728
76	35	0.99723
78	35	0.99743
79	35	0.99751
84	35	0.99927
85	35	0.99913
87	35	0.99819
90	35	0.99735
91	35	0.99744
92	35	0.99822
94	35	0.99761
97	35	0.99806
98	35	0.99799
99	35	0.99789
100	35	0.99786
102	35	0.99749
110	35	0.99739
114	35	0.99717
115	35	0.99721
118	35	0.99803
120	35	0.99768
128	35	0.99699
129	35	0.99704
134	35	0.99804
9	36	0.99902
20	36	0.99569
22	36	0.99518
25	36	0.99719
28	36	0.99892
31	36	0.99502
34	36	0.9985
35	36	0.99765
39	36	0.995
40	36	0.99804
42	36	0.99847
44	36	0.99792
46	36	0.99883
48	36	0.99594
51	36	0.99408
52	36	0.9994
55	36	0.99562
58	36	0.99813
59	36	0.9947
60	36	0.99527
66	36	0.99402
67	36	0.99583
70	36	0.99403
73	36	0.99732
74	36	0.99969
75	36	0.99601
76	36	0.99524
78	36	0.99621
79	36	0.99621
84	36	0.99822
85	36	0.99901
87	36	0.99796
89	36	0.99408
90	36	0.99619
91	36	0.99563
92	36	0.99723
94	36	0.99617
97	36	0.99461
98	36	0.9955
99	36	0.99464
100	36	0.99884
110	36	0.99481
115	36	0.99643
118	36	0.99778
120	36	0.99574
121	36	0.99556
124	36	0.99457
128	36	0.99568
129	36	0.99521
134	36	0.9942
2	37	0.99644
4	37	0.99665
6	37	0.99668
7	37	0.99892
9	37	0.99612
10	37	0.99053
11	37	0.99808
12	37	0.99885
14	37	0.99493
16	37	0.99554
17	37	0.98753
18	37	0.99774
19	37	0.99727
20	37	0.99932
24	37	0.99861
25	37	0.99814
26	37	0.99786
27	37	0.99805
29	37	0.97889
30	37	0.99723
31	37	0.99921
35	37	0.9979
39	37	0.9986
40	37	0.99725
41	37	0.99709
43	37	0.99728
45	37	0.99649
48	37	0.99902
53	37	0.99856
54	37	0.9974
57	37	0.99677
59	37	0.9978
60	37	0.99908
61	37	0.99781
62	37	0.9981
63	37	0.9983
66	37	0.99877
67	37	0.9982
70	37	0.99908
72	37	0.99743
73	37	0.99751
78	37	0.99766
80	37	0.99896
82	37	0.99803
84	37	0.99795
85	37	0.99696
89	37	0.99801
92	37	0.99802
94	37	0.99786
96	37	0.9978
97	37	0.99911
98	37	0.99867
99	37	0.99889
101	37	0.99908
102	37	0.99761
103	37	0.99865
104	37	0.99794
106	37	0.99842
107	37	0.99805
108	37	0.99799
110	37	0.9983
111	37	0.999
112	37	0.99067
113	37	0.99912
114	37	0.99886
115	37	0.99693
120	37	0.99873
123	37	0.99774
127	37	0.99797
128	37	0.99796
129	37	0.99777
130	37	0.99733
132	37	0.99838
134	37	0.9996
138	37	0.99603
141	37	0.9974
143	37	0.9986
145	37	0.99548
147	37	0.99713
2	38	0.99766
15	38	0.99667
18	38	0.9983
19	38	0.99938
20	38	0.99757
21	38	0.99575
22	38	0.99817
23	38	0.98959
24	38	0.99779
25	38	0.99826
26	38	0.99853
27	38	0.99951
28	38	0.99715
31	38	0.99827
34	38	0.99529
39	38	0.99747
40	38	0.99734
42	38	0.99729
43	38	0.99718
44	38	0.99727
46	38	0.99703
48	38	0.9977
50	38	0.99394
51	38	0.99759
52	38	0.99475
53	38	0.99844
55	38	0.99866
57	38	0.99474
59	38	0.998
60	38	0.99827
61	38	0.99817
65	38	0.99765
66	38	0.99815
68	38	0.99868
69	38	0.9982
70	38	0.99829
71	38	0.9982
75	38	0.99874
76	38	0.99916
77	38	0.99927
86	38	0.99856
87	38	0.99777
88	38	0.99903
90	38	0.99832
91	38	0.99853
92	38	0.99799
98	38	0.99799
100	38	0.99503
102	38	0.99908
104	38	0.99813
107	38	0.99869
108	38	0.99963
113	38	0.99823
114	38	0.99748
118	38	0.998
119	38	0.99847
121	38	0.99811
122	38	0.99773
123	38	0.99878
125	38	0.99776
126	38	0.98648
129	38	0.99801
134	38	0.99803
135	38	0.9989
137	38	0.99592
138	38	0.99731
142	38	0.99875
149	38	0.97554
4	39	0.99573
7	39	0.99722
9	39	0.99667
11	39	0.99851
12	39	0.99803
18	39	0.99666
20	39	0.99902
24	39	0.99829
25	39	0.99898
28	39	0.99717
31	39	0.99912
32	39	0.99385
35	39	0.99733
36	39	0.995
37	39	0.9986
38	39	0.99747
40	39	0.99731
42	39	0.99732
43	39	0.99759
44	39	0.99764
46	39	0.99747
48	39	0.99903
49	39	0.99522
50	39	0.99254
51	39	0.99848
52	39	0.99473
53	39	0.99782
54	39	0.99895
55	39	0.99753
57	39	0.99692
58	39	0.99857
59	39	0.99888
60	39	0.99898
61	39	0.99801
63	39	0.99914
64	39	0.99748
65	39	0.99729
66	39	0.99897
67	39	0.99925
68	39	0.99855
69	39	0.99767
70	39	0.99958
73	39	0.99835
74	39	0.99597
78	39	0.99887
79	39	0.99797
80	39	0.99698
84	39	0.99856
85	39	0.99811
87	39	0.99763
88	39	0.9958
89	39	0.99922
90	39	0.99873
91	39	0.99823
92	39	0.99928
94	39	0.9989
96	39	0.99761
97	39	0.99895
98	39	0.99899
99	39	0.9987
100	39	0.99468
101	39	0.9979
102	39	0.99715
103	39	0.99748
104	39	0.99842
105	39	0.99015
106	39	0.99752
107	39	0.99848
108	39	0.99804
110	39	0.99853
111	39	0.99822
112	39	0.9911
113	39	0.99887
114	39	0.99858
115	39	0.9984
118	39	0.99821
119	39	0.99717
120	39	0.99973
122	39	0.99826
124	39	0.99597
125	39	0.99843
127	39	0.99908
128	39	0.99954
129	39	0.99839
130	39	0.99715
132	39	0.998
134	39	0.99896
136	39	0.99812
143	39	0.99838
145	39	0.99727
147	39	0.99625
149	39	0.97608
9	40	0.99949
18	40	0.99659
19	40	0.99694
20	40	0.99823
21	40	0.99085
22	40	0.9975
25	40	0.99858
27	40	0.99705
28	40	0.99957
31	40	0.9981
34	40	0.99879
35	40	0.99953
36	40	0.99804
37	40	0.99725
38	40	0.99734
39	40	0.99731
42	40	0.99927
44	40	0.99825
46	40	0.99976
48	40	0.99801
52	40	0.99876
53	40	0.99684
55	40	0.99779
57	40	0.99471
58	40	0.99815
60	40	0.99825
67	40	0.99691
70	40	0.9972
73	40	0.99761
74	40	0.99894
75	40	0.99757
76	40	0.99795
78	40	0.99732
79	40	0.99694
84	40	0.99947
85	40	0.99925
87	40	0.99868
90	40	0.99743
91	40	0.99732
92	40	0.9984
94	40	0.9974
97	40	0.99728
98	40	0.99833
99	40	0.9979
100	40	0.99874
102	40	0.99824
115	40	0.99771
118	40	0.99898
120	40	0.99773
121	40	0.99681
128	40	0.99725
129	40	0.99801
134	40	0.99793
2	41	0.9955
3	41	0.98848
4	41	0.99901
5	41	0.97504
6	41	0.99757
7	41	0.99878
8	41	0.98411
10	41	0.99522
11	41	0.99628
12	41	0.99682
13	41	0.99508
14	41	0.99886
16	41	0.99624
17	41	0.99529
20	41	0.99575
24	41	0.99751
29	41	0.98579
30	41	0.99805
31	41	0.9958
33	41	0.99533
37	41	0.99709
43	41	0.99704
45	41	0.99645
47	41	0.99015
48	41	0.99556
49	41	0.9964
56	41	0.99157
61	41	0.99656
62	41	0.99758
63	41	0.99566
64	41	0.99611
66	41	0.99585
70	41	0.9961
72	41	0.99805
80	41	0.99797
81	41	0.99358
82	41	0.99848
83	41	0.99703
93	41	0.99574
95	41	0.99805
96	41	0.99622
97	41	0.99659
101	41	0.9989
103	41	0.99795
105	41	0.99076
106	41	0.99903
109	41	0.99752
110	41	0.99586
111	41	0.99805
112	41	0.99075
113	41	0.99743
114	41	0.99707
116	41	0.99742
117	41	0.99534
126	41	0.98686
127	41	0.99576
130	41	0.99869
131	41	0.99748
132	41	0.99807
133	41	0.9942
134	41	0.99627
136	41	0.99761
139	41	0.98595
140	41	0.99263
141	41	0.99894
143	41	0.99651
144	41	0.99118
146	41	0.99347
147	41	0.99694
148	41	0.97912
150	41	0.99606
9	42	0.99875
20	42	0.99733
22	42	0.99732
25	42	0.9985
27	42	0.99662
28	42	0.99939
31	42	0.99727
34	42	0.99871
35	42	0.99844
36	42	0.99847
38	42	0.99729
39	42	0.99732
40	42	0.99927
44	42	0.99951
46	42	0.99958
48	42	0.99744
51	42	0.99657
52	42	0.99841
55	42	0.99803
57	42	0.99501
58	42	0.99818
59	42	0.99664
60	42	0.99722
66	42	0.99645
67	42	0.99661
70	42	0.99707
73	42	0.99759
74	42	0.99876
75	42	0.99808
76	42	0.99791
78	42	0.99767
79	42	0.99709
84	42	0.99921
85	42	0.99902
87	42	0.99909
88	42	0.99593
89	42	0.99726
90	42	0.99783
91	42	0.99739
92	42	0.9986
94	42	0.99708
98	42	0.99749
99	42	0.99717
100	42	0.99893
102	42	0.99763
115	42	0.99835
118	42	0.99936
120	42	0.99765
121	42	0.99744
124	42	0.99533
128	42	0.9976
129	42	0.99802
134	42	0.9971
149	42	0.97528
2	43	0.99627
3	43	0.98133
4	43	0.99698
5	43	0.96804
6	43	0.99916
7	43	0.99715
8	43	0.97362
10	43	0.99175
11	43	0.99686
13	43	0.99452
14	43	0.9964
15	43	0.99242
16	43	0.99649
17	43	0.98984
18	43	0.99673
21	43	0.99033
23	43	0.98955
24	43	0.99847
26	43	0.99776
27	43	0.99725
29	43	0.98143
30	43	0.99859
33	43	0.99451
37	43	0.99728
38	43	0.99718
39	43	0.99759
41	43	0.99704
47	43	0.98839
49	43	0.99706
50	43	0.99399
51	43	0.99756
54	43	0.99847
56	43	0.98635
57	43	0.99539
59	43	0.99722
61	43	0.99934
62	43	0.99798
63	43	0.9984
64	43	0.99814
65	43	0.99838
66	43	0.99778
68	43	0.99808
69	43	0.99799
70	43	0.99854
71	43	0.99782
72	43	0.99854
80	43	0.99687
81	43	0.98953
82	43	0.99815
83	43	0.99566
89	43	0.99781
93	43	0.99468
95	43	0.99447
101	43	0.99777
103	43	0.99778
104	43	0.99834
105	43	0.99417
106	43	0.9977
107	43	0.99839
108	43	0.99805
109	43	0.9983
110	43	0.9971
111	43	0.99795
112	43	0.99035
113	43	0.99826
114	43	0.99746
116	43	0.99664
117	43	0.9952
119	43	0.99705
123	43	0.99776
125	43	0.99853
126	43	0.98932
127	43	0.99901
130	43	0.99861
131	43	0.99584
132	43	0.99827
133	43	0.99565
134	43	0.99704
135	43	0.99571
136	43	0.99881
137	43	0.99455
139	43	0.9894
140	43	0.9946
141	43	0.99813
142	43	0.99643
143	43	0.99701
144	43	0.98601
145	43	0.99725
146	43	0.99255
147	43	0.99774
148	43	0.96736
149	43	0.97415
150	43	0.99808
9	44	0.99768
20	44	0.99672
25	44	0.99849
28	44	0.99867
31	44	0.99692
34	44	0.99739
35	44	0.99709
36	44	0.99792
38	44	0.99727
39	44	0.99764
40	44	0.99825
42	44	0.99951
46	44	0.99888
48	44	0.99702
51	44	0.99725
52	44	0.99748
55	44	0.99816
58	44	0.99817
59	44	0.99732
60	44	0.99701
66	44	0.99671
67	44	0.99679
68	44	0.99699
70	44	0.99708
73	44	0.99713
74	44	0.99795
75	44	0.99819
76	44	0.99784
77	44	0.9967
78	44	0.99774
79	44	0.99703
84	44	0.99864
85	44	0.99849
86	44	0.99653
87	44	0.99902
88	44	0.99679
89	44	0.99753
90	44	0.9983
91	44	0.99767
92	44	0.99887
94	44	0.99736
98	44	0.99746
100	44	0.99818
102	44	0.99719
107	44	0.99679
115	44	0.99815
118	44	0.99961
120	44	0.99777
121	44	0.9978
124	44	0.99666
128	44	0.998
129	44	0.9979
149	44	0.97977
3	45	0.98006
4	45	0.99528
5	45	0.96555
6	45	0.99644
7	45	0.99701
8	45	0.97378
10	45	0.99184
12	45	0.99759
14	45	0.99774
17	45	0.98813
20	45	0.99734
25	45	0.99661
30	45	0.99714
31	45	0.99678
32	45	0.99847
37	45	0.99649
41	45	0.99645
48	45	0.99791
49	45	0.99775
51	45	0.99691
53	45	0.9967
58	45	0.99654
59	45	0.99737
60	45	0.99705
63	45	0.99706
64	45	0.9967
66	45	0.99775
67	45	0.99795
68	45	0.99642
70	45	0.99699
71	45	0.99701
72	45	0.99912
73	45	0.99686
78	45	0.99689
79	45	0.99804
82	45	0.99759
83	45	0.99593
90	45	0.99686
91	45	0.99731
93	45	0.99222
94	45	0.99664
95	45	0.99371
96	45	0.99936
97	45	0.99748
101	45	0.99744
103	45	0.99856
105	45	0.99007
106	45	0.99823
107	45	0.99723
109	45	0.99658
110	45	0.99892
111	45	0.99657
113	45	0.99719
114	45	0.99841
116	45	0.99706
125	45	0.99731
130	45	0.99685
132	45	0.99926
133	45	0.99259
136	45	0.99699
148	45	0.96679
150	45	0.99879
9	46	0.99948
20	46	0.99804
22	46	0.99758
25	46	0.99885
28	46	0.99975
31	46	0.99785
34	46	0.99895
35	46	0.99933
36	46	0.99883
38	46	0.99703
39	46	0.99747
40	46	0.99976
42	46	0.99958
44	46	0.99888
48	46	0.998
52	46	0.99906
55	46	0.9979
58	46	0.99868
59	46	0.99702
60	46	0.99805
66	46	0.99683
67	46	0.99729
70	46	0.99724
73	46	0.99803
74	46	0.99938
75	46	0.99807
76	46	0.99786
78	46	0.99794
79	46	0.99769
84	46	0.99953
85	46	0.99954
87	46	0.99908
