6	2	0.97119
13	2	0.96091
16	2	0.962
18	2	0.93082
19	2	0.95944
21	2	0.9307
23	2	0.96665
25	2	0.96043
26	2	0.93908
30	2	0.96071
31	2	0.97055
34	2	0.91842
36	2	0.97563
42	2	0.9866
43	2	0.98771
44	2	0.94673
45	2	0.97655
48	2	0.97161
52	2	0.96171
53	2	0.95938
54	2	0.97393
55	2	0.95544
60	2	0.97308
61	2	0.96977
63	2	0.98918
64	2	0.97954
67	2	0.96694
69	2	0.96035
70	2	0.97243
71	2	0.97409
75	2	0.96483
76	2	0.98137
77	2	0.98097
83	2	0.96503
84	2	0.97388
86	2	0.9803
87	2	0.95911
88	2	0.9707
89	2	0.96296
93	2	0.94527
95	2	0.96196
100	2	0.98693
102	2	0.95665
106	2	0.97182
107	2	0.96389
108	2	0.97213
110	2	0.967
112	2	0.97676
114	2	0.96809
115	2	0.96643
116	2	0.9697
117	2	0.96398
123	2	0.96112
126	2	0.96319
127	2	0.96084
131	2	0.95127
132	2	0.97094
135	2	0.96074
136	2	0.96836
139	2	0.96333
141	2	0.96875
142	2	0.96123
145	2	0.97821
149	2	0.8963
4	3	0.97366
5	3	0.96622
7	3	0.96203
8	3	0.93836
9	3	0.9297
10	3	0.95123
11	3	0.9593
12	3	0.95436
13	3	0.93604
14	3	0.95464
15	3	0.93726
17	3	0.948
18	3	0.90847
20	3	0.90732
22	3	0.87543
24	3	0.95173
26	3	0.90824
28	3	0.968
30	3	0.90897
33	3	0.93523
37	3	0.94566
39	3	0.91183
46	3	0.91782
49	3	0.95937
50	3	0.94323
52	3	0.9088
56	3	0.92296
57	3	0.91262
66	3	0.9295
72	3	0.95152
73	3	0.97208
74	3	0.91852
80	3	0.94321
81	3	0.95142
84	3	0.90291
85	3	0.94267
96	3	0.94752
101	3	0.95522
102	3	0.90504
105	3	0.88536
111	3	0.95403
114	3	0.92462
124	3	0.94955
128	3	0.94312
130	3	0.89861
132	3	0.92285
133	3	0.93075
134	3	0.93094
141	3	0.91362
143	3	0.95182
144	3	0.9335
148	3	0.93657
3	4	0.97366
5	4	0.97934
7	4	0.98236
8	4	0.88475
9	4	0.92454
10	4	0.96816
11	4	0.95834
12	4	0.97593
13	4	0.95195
14	4	0.97805
15	4	0.93758
17	4	0.98553
18	4	0.94244
20	4	0.91954
24	4	0.97459
28	4	0.97795
30	4	0.93299
33	4	0.94937
37	4	0.96549
39	4	0.94377
46	4	0.92947
47	4	0.79367
49	4	0.97873
50	4	0.95502
56	4	0.89692
57	4	0.94167
66	4	0.95488
72	4	0.9702
73	4	0.98728
74	4	0.92459
80	4	0.97088
81	4	0.97554
84	4	0.93597
85	4	0.96571
96	4	0.96582
99	4	0.91732
101	4	0.98144
102	4	0.94614
103	4	0.81097
105	4	0.87658
111	4	0.98427
114	4	0.94467
116	4	0.91778
124	4	0.95975
126	4	0.92435
128	4	0.98123
130	4	0.92784
132	4	0.94454
133	4	0.95276
134	4	0.94193
140	4	0.94068
141	4	0.94833
143	4	0.97715
144	4	0.95734
148	4	0.96028
149	4	0.86288
3	5	0.96622
4	5	0.97934
7	5	0.97929
8	5	0.86582
9	5	0.93618
10	5	0.95937
11	5	0.94818
12	5	0.97153
13	5	0.95398
14	5	0.97291
15	5	0.96475
17	5	0.97435
18	5	0.9458
20	5	0.93305
24	5	0.96956
28	5	0.97513
30	5	0.92878
33	5	0.96616
37	5	0.96323
39	5	0.93364
40	5	0.92838
46	5	0.9531
49	5	0.97117
50	5	0.96378
56	5	0.94039
57	5	0.94592
66	5	0.94552
72	5	0.96297
73	5	0.98426
74	5	0.92884
76	5	0.92697
78	5	0.92723
80	5	0.96665
81	5	0.97949
84	5	0.94518
85	5	0.96247
96	5	0.97397
98	5	0.92695
101	5	0.98578
102	5	0.95378
105	5	0.88737
111	5	0.96999
114	5	0.94479
124	5	0.95459
128	5	0.97024
132	5	0.94298
133	5	0.94714
134	5	0.95578
140	5	0.92348
141	5	0.95217
143	5	0.98528
144	5	0.9789
148	5	0.95551
2	6	0.97119
9	6	0.94291
13	6	0.97633
16	6	0.9562
19	6	0.95343
20	6	0.97482
21	6	0.92372
22	6	0.87465
23	6	0.97076
25	6	0.97678
26	6	0.93658
27	6	0.97159
29	6	0.90647
30	6	0.97941
31	6	0.99053
32	6	0.89527
35	6	0.95348
36	6	0.96614
39	6	0.96748
40	6	0.96446
41	6	0.92666
42	6	0.96557
43	6	0.9791
45	6	0.9841
46	6	0.96163
48	6	0.98392
51	6	0.96345
52	6	0.96372
53	6	0.96285
54	6	0.98944
59	6	0.96693
60	6	0.9791
61	6	0.97483
62	6	0.96159
63	6	0.98086
64	6	0.98256
65	6	0.97141
66	6	0.95311
67	6	0.98197
68	6	0.9579
69	6	0.96943
70	6	0.9829
71	6	0.96308
74	6	0.97212
76	6	0.96704
77	6	0.98349
78	6	0.97053
79	6	0.96603
83	6	0.97469
86	6	0.98409
88	6	0.97845
95	6	0.97538
97	6	0.94945
98	6	0.96677
99	6	0.96293
100	6	0.9752
104	6	0.94512
106	6	0.98144
107	6	0.97335
108	6	0.97458
109	6	0.97352
110	6	0.97951
112	6	0.98177
113	6	0.97728
114	6	0.97542
115	6	0.97283
116	6	0.98102
117	6	0.97621
120	6	0.96137
122	6	0.97648
123	6	0.97337
124	6	0.94977
126	6	0.97587
127	6	0.96212
129	6	0.98641
130	6	0.97004
131	6	0.96276
132	6	0.97502
133	6	0.92563
134	6	0.95151
135	6	0.97668
136	6	0.97161
137	6	0.95391
138	6	0.97613
139	6	0.9857
141	6	0.97348
142	6	0.96605
145	6	0.97387
146	6	0.96222
147	6	0.97411
149	6	0.86028
150	6	0.9636
3	7	0.96203
4	7	0.98236
5	7	0.97929
8	7	0.88442
9	7	0.94769
10	7	0.9322
11	7	0.94602
12	7	0.99307
13	7	0.98142
14	7	0.97629
15	7	0.97453
17	7	0.96299
18	7	0.93734
20	7	0.96506
22	7	0.86826
24	7	0.98415
26	7	0.93611
28	7	0.9875
30	7	0.9707
33	7	0.96691
35	7	0.94308
37	7	0.9572
39	7	0.96137
41	7	0.92847
46	7	0.96155
47	7	0.80417
48	7	0.95855
49	7	0.98323
50	7	0.92358
52	7	0.95565
56	7	0.92144
57	7	0.90807
66	7	0.97796
72	7	0.98241
73	7	0.97903
74	7	0.96522
76	7	0.9506
78	7	0.95785
80	7	0.99389
81	7	0.98808
84	7	0.95403
85	7	0.97639
96	7	0.98856
98	7	0.95956
99	7	0.96181
101	7	0.97989
102	7	0.95474
103	7	0.82498
105	7	0.91636
110	7	0.95679
111	7	0.9798
114	7	0.97725
116	7	0.96296
124	7	0.98409
126	7	0.96469
128	7	0.97814
130	7	0.96589
132	7	0.97046
133	7	0.96631
134	7	0.98108
135	7	0.96206
140	7	0.93505
141	7	0.97301
143	7	0.97041
144	7	0.95919
148	7	0.97855
3	8	0.93836
4	8	0.88475
5	8	0.86582
7	8	0.88442
9	8	0.84247
10	8	0.82338
11	8	0.84057
12	8	0.87976
13	8	0.85247
14	8	0.84226
15	8	0.85169
17	8	0.85184
20	8	0.85267
22	8	0.85812
24	8	0.85387
26	8	0.82933
28	8	0.88465
30	8	0.84583
32	8	0.82085
33	8	0.82207
35	8	0.85519
37	8	0.83415
48	8	0.81866
49	8	0.86506
52	8	0.85182
56	8	0.84142
66	8	0.83639
72	8	0.86031
73	8	0.86936
74	8	0.86417
78	8	0.82796
80	8	0.86313
81	8	0.85944
85	8	0.86317
96	8	0.85315
98	8	0.83494
101	8	0.83837
105	8	0.82496
110	8	0.81803
111	8	0.84811
114	8	0.85153
124	8	0.86674
128	8	0.83363
130	8	0.82015
132	8	0.84204
133	8	0.83362
134	8	0.86082
141	8	0.81745
143	8	0.85094
148	8	0.85796
3	9	0.9297
4	9	0.92454
5	9	0.93618
6	9	0.94291
7	9	0.94769
8	9	0.84247
10	9	0.90449
11	9	0.94686
12	9	0.96022
13	9	0.97383
14	9	0.95789
15	9	0.97621
16	9	0.94048
17	9	0.90158
18	9	0.95027
20	9	0.96063
22	9	0.92158
24	9	0.96291
26	9	0.97542
28	9	0.96967
29	9	0.97174
30	9	0.94983
31	9	0.94805
33	9	0.97662
35	9	0.9424
36	9	0.94185
37	9	0.94611
39	9	0.95469
40	9	0.98446
43	9	0.95426
45	9	0.9465
46	9	0.9861
48	9	0.96744
50	9	0.89934
52	9	0.95977
54	9	0.94945
56	9	0.87213
57	9	0.88936
60	9	0.94544
67	9	0.94611
72	9	0.9427
73	9	0.92172
74	9	0.96615
76	9	0.94777
78	9	0.94373
80	9	0.94854
84	9	0.96717
85	9	0.96268
93	9	0.93691
96	9	0.96727
98	9	0.94097
100	9	0.94458
101	9	0.94717
102	9	0.95511
110	9	0.94352
112	9	0.9439
114	9	0.96807
116	9	0.94152
126	9	0.94133
132	9	0.96401
134	9	0.94225
141	9	0.96786
143	9	0.93791
144	9	0.93485
3	10	0.95123
4	10	0.96816
5	10	0.95937
7	10	0.9322
8	10	0.82338
9	10	0.90449
11	10	0.95759
12	10	0.93144
13	10	0.90458
14	10	0.97126
15	10	0.8943
17	10	0.96155
18	10	0.95595
24	10	0.94982
26	10	0.8898
28	10	0.94767
30	10	0.87329
33	10	0.93054
37	10	0.95771
39	10	0.90614
40	10	0.86914
43	10	0.8794
46	10	0.90182
49	10	0.94591
50	10	0.97822
56	10	0.86165
57	10	0.97998
66	10	0.91137
72	10	0.93872
73	10	0.97105
76	10	0.87457
80	10	0.92117
81	10	0.93132
84	10	0.91285
85	10	0.92486
96	10	0.92547
101	10	0.96898
102	10	0.92367
111	10	0.96322
114	10	0.89709
124	10	0.90732
126	10	0.87003
128	10	0.94988
130	10	0.86705
132	10	0.90573
133	10	0.91208
134	10	0.87808
140	10	0.92357
141	10	0.90336
143	10	0.94727
144	10	0.94721
148	10	0.91331
149	10	0.8666
3	11	0.9593
4	11	0.95834
5	11	0.94818
7	11	0.94602
8	11	0.84057
9	11	0.94686
10	11	0.95759
12	11	0.94699
13	11	0.94573
14	11	0.97199
15	11	0.93533
17	11	0.94005
18	11	0.96106
22	11	0.87448
24	11	0.95512
26	11	0.93083
28	11	0.9655
29	11	0.90903
30	11	0.91723
33	11	0.96041
37	11	0.96931
39	11	0.9446
40	11	0.92306
43	11	0.92518
46	11	0.94361
48	11	0.91157
49	11	0.9333
50	11	0.95176
56	11	0.8668
57	11	0.94451
66	11	0.93442
72	11	0.95082
73	11	0.94973
74	11	0.91992
76	11	0.91651
80	11	0.93657
81	11	0.93264
84	11	0.94311
85	11	0.94997
96	11	0.95245
101	11	0.96417
102	11	0.94256
111	11	0.94782
114	11	0.93049
124	11	0.94598
128	11	0.95826
132	11	0.9461
133	11	0.93173
140	11	0.92435
141	11	0.94055
143	11	0.9512
144	11	0.95069
148	11	0.90928
149	11	0.87906
3	12	0.95436
4	12	0.97593
5	12	0.97153
7	12	0.99307
8	12	0.87976
9	12	0.96022
10	12	0.93144
11	12	0.94699
13	12	0.98757
14	12	0.98335
15	12	0.97635
17	12	0.95828
18	12	0.94674
20	12	0.97699
22	12	0.87888
24	12	0.9885
26	12	0.94632
28	12	0.98808
29	12	0.90825
30	12	0.98555
33	12	0.96973
35	12	0.95514
37	12	0.96006
39	12	0.97004
40	12	0.95443
41	12	0.93917
43	12	0.96086
45	12	0.96286
46	12	0.97075
47	12	0.8055
48	12	0.97193
49	12	0.97838
50	12	0.91787
52	12	0.96885
56	12	0.90018
57	12	0.90678
66	12	0.98206
72	12	0.98507
73	12	0.97171
74	12	0.98005
76	12	0.96889
78	12	0.96151
80	12	0.99429
81	12	0.98435
84	12	0.96747
85	12	0.98225
96	12	0.99281
98	12	0.96434
99	12	0.96968
101	12	0.97985
102	12	0.96259
103	12	0.83311
105	12	0.89162
110	12	0.97113
111	12	0.97962
114	12	0.98919
116	12	0.97605
124	12	0.97926
126	12	0.9737
128	12	0.97825
130	12	0.97485
132	12	0.9848
133	12	0.96106
134	12	0.97921
135	12	0.96806
136	12	0.95588
140	12	0.93999
141	12	0.98345
143	12	0.96777
144	12	0.95507
147	12	0.95053
148	12	0.97503
149	12	0.86544
2	13	0.96091
3	13	0.93604
4	13	0.95195
5	13	0.95398
6	13	0.97633
7	13	0.98142
8	13	0.85247
9	13	0.97383
10	13	0.90458
11	13	0.94573
12	13	0.98757
14	13	0.97358
15	13	0.98577
16	13	0.96374
17	13	0.93124
18	13	0.95464
20	13	0.98575
22	13	0.90339
24	13	0.97437
26	13	0.96679
28	13	0.97591
29	13	0.93813
30	13	0.98515
31	13	0.97432
33	13	0.9832
35	13	0.95876
37	13	0.95048
39	13	0.98189
40	13	0.97471
41	13	0.92702
43	13	0.98026
45	13	0.98102
46	13	0.98366
47	13	0.78222
48	13	0.98791
49	13	0.95756
50	13	0.90213
52	13	0.98155
53	13	0.95673
54	13	0.97803
56	13	0.88819
57	13	0.89202
60	13	0.97053
66	13	0.98014
67	13	0.97877
72	13	0.97961
73	13	0.94921
74	13	0.98564
76	13	0.976
78	13	0.97984
80	13	0.98324
81	13	0.96552
84	13	0.97979
85	13	0.97438
86	13	0.9749
93	13	0.95211
96	13	0.99016
97	13	0.94876
98	13	0.97279
99	13	0.9696
100	13	0.97147
101	13	0.97176
102	13	0.97041
103	13	0.80833
105	13	0.88857
110	13	0.97692
111	13	0.95907
112	13	0.97268
113	13	0.96488
114	13	0.99368
115	13	0.95778
116	13	0.98435
117	13	0.96185
124	13	0.97812
126	13	0.98367
128	13	0.96846
130	13	0.9704
132	13	0.99141
133	13	0.95164
134	13	0.97534
135	13	0.97949
136	13	0.96364
139	13	0.97843
140	13	0.92738
141	13	0.9908
143	13	0.95313
144	13	0.95604
145	13	0.96054
147	13	0.95997
148	13	0.95405
149	13	0.8734
3	14	0.95464
4	14	0.97805
5	14	0.97291
7	14	0.97629
8	14	0.84226
9	14	0.95789
10	14	0.97126
11	14	0.97199
12	14	0.98335
13	14	0.97358
15	14	0.95875
17	14	0.96602
18	14	0.97966
24	14	0.98731
26	14	0.94582
28	14	0.98588
29	14	0.90428
30	14	0.95807
33	14	0.97619
37	14	0.97125
39	14	0.97437
43	14	0.96119
46	14	0.96634
48	14	0.94927
49	14	0.97259
50	14	0.95768
56	14	0.8827
57	14	0.95718
66	14	0.96852
72	14	0.98597
73	14	0.97822
74	14	0.94688
76	14	0.9574
80	14	0.97457
81	14	0.96683
84	14	0.97131
85	14	0.97108
96	14	0.9786
101	14	0.99189
102	14	0.97236
105	14	0.86607
111	14	0.98486
114	14	0.97151
124	14	0.9664
126	14	0.95437
128	14	0.98787
130	14	0.95076
132	14	0.97636
133	14	0.96045
134	14	0.94664
140	14	0.95216
141	14	0.97222
143	14	0.96685
144	14	0.97079
148	14	0.95758
149	14	0.91385
3	15	0.93726
4	15	0.93758
5	15	0.96475
7	15	0.97453
8	15	0.85169
9	15	0.97621
10	15	0.8943
11	15	0.93533
12	15	0.97635
13	15	0.98577
14	15	0.95875
16	15	0.95219
17	15	0.91858
18	15	0.93711
20	15	0.98173
22	15	0.90482
24	15	0.97003
26	15	0.95832
28	15	0.97284
29	15	0.96029
30	15	0.96656
31	15	0.96334
33	15	0.98305
35	15	0.96304
37	15	0.94386
39	15	0.9602
40	15	0.98482
45	15	0.9662
46	15	0.98989
48	15	0.97897
49	15	0.94863
50	15	0.90307
52	15	0.97291
53	15	0.95032
54	15	0.96259
56	15	0.92611
57	15	0.87955
60	15	0.96591
66	15	0.95996
67	15	0.96147
72	15	0.96271
73	15	0.94226
74	15	0.97835
76	15	0.95993
78	15	0.98067
80	15	0.9718
81	15	0.96441
84	15	0.9642
85	15	0.9679
86	15	0.9603
93	15	0.95892
96	15	0.98658
97	15	0.94781
98	15	0.97636
99	15	0.96394
101	15	0.96069
102	15	0.95747
105	15	0.90043
110	15	0.96798
111	15	0.94444
114	15	0.97792
116	15	0.96757
124	15	0.96839
126	15	0.96606
128	15	0.95122
130	15	0.95793
132	15	0.97146
133	15	0.94463
134	15	0.98134
135	15	0.96095
139	15	0.9666
141	15	0.97851
143	15	0.9549
144	15	0.95335
148	15	0.94885
2	16	0.962
6	16	0.9562
9	16	0.94048
13	16	0.96374
15	16	0.95219
18	16	0.93046
19	16	0.94865
20	16	0.95545
21	16	0.92161
22	16	0.91972
23	16	0.95225
25	16	0.95085
26	16	0.96448
29	16	0.93366
30	16	0.94815
31	16	0.95507
33	16	0.95945
36	16	0.9579
37	16	0.9265
40	16	0.957
42	16	0.95826
43	16	0.9614
45	16	0.95568
46	16	0.96369
47	16	0.82665
48	16	0.9609
52	16	0.95428
53	16	0.97409
54	16	0.95355
57	16	0.85219
60	16	0.97197
63	16	0.9601
64	16	0.95658
67	16	0.95372
69	16	0.96317
74	16	0.95654
76	16	0.94948
77	16	0.9627
78	16	0.94822
84	16	0.96353
85	16	0.95685
86	16	0.95761
88	16	0.95433
93	16	0.95974
96	16	0.95551
100	16	0.96629
102	16	0.94688
103	16	0.85555
106	16	0.95786
107	16	0.95034
112	16	0.96284
114	16	0.95584
115	16	0.95619
116	16	0.96523
132	16	0.95398
135	16	0.95093
139	16	0.95608
140	16	0.92051
141	16	0.96871
144	16	0.92738
145	16	0.95435
146	16	0.95417
3	17	0.948
4	17	0.98553
5	17	0.97435
7	17	0.96299
8	17	0.85184
9	17	0.90158
10	17	0.96155
11	17	0.94005
12	17	0.95828
13	17	0.93124
14	17	0.96602
15	17	0.91858
18	17	0.94443
24	17	0.95432
26	17	0.91305
28	17	0.95917
30	17	0.91319
33	17	0.94221
37	17	0.9651
39	17	0.92007
43	17	0.90322
46	17	0.91578
47	17	0.82156
49	17	0.94972
50	17	0.95969
56	17	0.86801
57	17	0.95634
66	17	0.93479
72	17	0.95655
73	17	0.97387
74	17	0.90044
76	17	0.90997
80	17	0.95232
81	17	0.96395
84	17	0.93452
85	17	0.96586
93	17	0.90116
96	17	0.95001
99	17	0.90028
101	17	0.97512
102	17	0.94888
103	17	0.84884
111	17	0.96556
114	17	0.925
124	17	0.93775
128	17	0.97449
132	17	0.92798
133	17	0.93205
134	17	0.91112
140	17	0.95215
141	17	0.93889
143	17	0.97909
144	17	0.96267
148	17	0.94768
149	17	0.8633
2	18	0.93082
3	18	0.90847
4	18	0.94244
5	18	0.9458
7	18	0.93734
9	18	0.95027
10	18	0.95595
11	18	0.96106
12	18	0.94674
13	18	0.95464
14	18	0.97966
15	18	0.93711
16	18	0.93046
17	18	0.94443
24	18	0.9574
26	18	0.95659
28	18	0.95026
29	18	0.91526
33	18	0.97812
37	18	0.97387
39	18	0.95822
40	18	0.94263
43	18	0.96231
46	18	0.9616
49	18	0.92583
50	18	0.95354
57	18	0.9672
66	18	0.94107
72	18	0.95236
73	18	0.94087
76	18	0.94181
80	18	0.93821
81	18	0.93383
84	18	0.97478
85	18	0.95467
96	18	0.95711
100	18	0.92835
101	18	0.97807
102	18	0.97409
111	18	0.95161
112	18	0.94086
114	18	0.94295
115	18	0.93353
124	18	0.92747
128	18	0.96464
132	18	0.95536
136	18	0.92558
140	18	0.95468
141	18	0.96208
143	18	0.94777
144	18	0.97107
145	18	0.93126
149	18	0.92216
2	19	0.95944
6	19	0.95343
16	19	0.94865
21	19	0.98827
22	19	0.87581
23	19	0.98157
25	19	0.95459
27	19	0.96369
29	19	0.9168
31	19	0.96715
34	19	0.95113
36	19	0.98787
38	19	0.98407
40	19	0.95141
42	19	0.98567
44	19	0.96618
45	19	0.95814
48	19	0.95412
51	19	0.97759
53	19	0.96693
54	19	0.96252
55	19	0.98306
58	19	0.92572
60	19	0.97929
61	19	0.95638
62	19	0.97832
63	19	0.96733
64	19	0.97379
65	19	0.95547
68	19	0.963
69	19	0.95609
70	19	0.95324
71	19	0.96961
75	19	0.97423
77	19	0.9679
82	19	0.96343
83	19	0.95486
86	19	0.95277
87	19	0.98398
88	19	0.96917
90	19	0.93716
91	19	0.97411
92	19	0.94538
93	19	0.93646
94	19	0.95802
95	19	0.98305
100	19	0.95678
104	19	0.9411
106	19	0.9625
107	19	0.97716
108	19	0.98222
109	19	0.95955
118	19	0.97321
119	19	0.93217
121	19	0.9704
122	19	0.95242
123	19	0.96656
125	19	0.89987
131	19	0.95134
138	19	0.95468
139	19	0.95435
142	19	0.95929
150	19	0.95494
3	20	0.90732
4	20	0.91954
5	20	0.93305
6	20	0.97482
7	20	0.96506
8	20	0.85267
9	20	0.96063
12	20	0.97699
13	20	0.98575
15	20	0.98173
16	20	0.95545
22	20	0.89596
24	20	0.952
25	20	0.97592
26	20	0.94037
28	20	0.95579
29	20	0.92741
30	20	0.98794
31	20	0.98527
32	20	0.90219
33	20	0.95535
35	20	0.97359
36	20	0.95548
39	20	0.95785
40	20	0.97045
43	20	0.96262
45	20	0.99013
46	20	0.97322
48	20	0.9872
49	20	0.93158
52	20	0.98447
53	20	0.96087
54	20	0.9753
56	20	0.87274
60	20	0.97979
61	20	0.96393
63	20	0.96205
66	20	0.96104
67	20	0.97449
70	20	0.9639
72	20	0.95407
74	20	0.99177
76	20	0.9752
77	20	0.97566
78	20	0.98648
79	20	0.9653
80	20	0.97268
81	20	0.94811
84	20	0.9636
85	20	0.95637
86	20	0.9757
93	20	0.95605
95	20	0.96957
96	20	0.97637
97	20	0.9816
98	20	0.99098
99	20	0.96831
100	20	0.97379
101	20	0.93954
102	20	0.9499
103	20	0.81441
105	20	0.86849
106	20	0.97969
107	20	0.96779
110	20	0.98544
112	20	0.95842
113	20	0.96829
114	20	0.98854
116	20	0.98483
124	20	0.95521
126	20	0.97658
129	20	0.96982
130	20	0.96601
132	20	0.97942
134	20	0.97744
135	20	0.97983
138	20	0.96566
139	20	0.98654
141	20	0.98232
143	20	0.93695
144	20	0.92451
148	20	0.93042
2	21	0.9307
6	21	0.92372
16	21	0.92161
19	21	0.98827
23	21	0.96396
27	21	0.93897
29	21	0.91445
31	21	0.93353
34	21	0.94662
36	21	0.97375
38	21	0.97927
40	21	0.93181
42	21	0.97057
44	21	0.96055
51	21	0.95987
53	21	0.94101
54	21	0.93529
55	21	0.97011
58	21	0.92679
60	21	0.95265
61	21	0.92321
62	21	0.95758
63	21	0.93712
64	21	0.95608
65	21	0.92539
68	21	0.94123
69	21	0.92888
71	21	0.94764
75	21	0.94971
77	21	0.93297
82	21	0.93942
83	21	0.92464
87	21	0.97031
88	21	0.93666
90	21	0.92126
91	21	0.95512
92	21	0.93285
94	21	0.93753
95	21	0.95852
100	21	0.92947
106	21	0.9257
107	21	0.95025
108	21	0.96068
109	21	0.92914
118	21	0.96146
119	21	0.92221
121	21	0.95884
123	21	0.93636
125	21	0.89201
138	21	0.92478
142	21	0.92927
150	21	0.92805
3	22	0.87543
6	22	0.87465
7	22	0.86826
8	22	0.85812
9	22	0.92158
11	22	0.87448
12	22	0.87888
13	22	0.90339
15	22	0.90482
16	22	0.91972
19	22	0.87581
20	22	0.89596
25	22	0.88411
26	22	0.94211
28	22	0.88842
29	22	0.92253
30	22	0.88225
31	22	0.88513
33	22	0.90042
35	22	0.90116
36	22	0.88638
37	22	0.88699
40	22	0.90313
46	22	0.90472
47	22	0.80061
48	22	0.89476
52	22	0.90522
53	22	0.89875
54	22	0.876
60	22	0.88351
67	22	0.89362
69	22	0.86972
74	22	0.91908
77	22	0.87619
78	22	0.87737
84	22	0.87687
85	22	0.91632
86	22	0.87032
93	22	0.87127
96	22	0.89016
98	22	0.875
99	22	0.86873
100	22	0.87258
103	22	0.8334
110	22	0.86824
112	22	0.87108
114	22	0.88839
116	22	0.87348
124	22	0.87379
131	22	0.87434
132	22	0.88649
141	22	0.88758
146	22	0.87108
2	23	0.96665
6	23	0.97076
16	23	0.95225
19	23	0.98157
21	23	0.96396
25	23	0.96857
27	23	0.9795
31	23	0.97529
34	23	0.93045
36	23	0.97058
38	23	0.96875
40	23	0.95057
42	23	0.97536
44	23	0.95007
45	23	0.96866
51	23	0.97524
53	23	0.9647
54	23	0.97704
55	23	0.97886
58	23	0.90275
59	23	0.96561
60	23	0.98444
61	23	0.97303
62	23	0.98475
63	23	0.97897
64	23	0.99072
65	23	0.98097
67	23	0.96837
68	23	0.97561
69	23	0.97893
70	23	0.97044
71	23	0.97334
75	23	0.98445
77	23	0.97339
78	23	0.95843
79	23	0.96002
82	23	0.97993
83	23	0.97905
86	23	0.9737
87	23	0.97496
88	23	0.98766
89	23	0.95877
90	23	0.9383
91	23	0.97542
92	23	0.94033
93	23	0.93651
94	23	0.95612
95	23	0.98867
100	23	0.96603
104	23	0.96259
106	23	0.98199
107	23	0.98313
108	23	0.9846
109	23	0.97904
113	23	0.96451
117	23	0.95765
118	23	0.97838
119	23	0.93801
120	23	0.96843
121	23	0.97002
122	23	0.97312
123	23	0.97978
125	23	0.90476
129	23	0.97087
131	23	0.96466
137	23	0.94868
138	23	0.98014
139	23	0.9727
142	23	0.97059
150	23	0.96996
3	24	0.95173
4	24	0.97459
5	24	0.96956
7	24	0.98415
8	24	0.85387
9	24	0.96291
10	24	0.94982
11	24	0.95512
12	24	0.9885
13	24	0.97437
14	24	0.98731
15	24	0.97003
17	24	0.95432
18	24	0.9574
20	24	0.952
26	24	0.94609
28	24	0.98911
29	24	0.91678
30	24	0.96459
33	24	0.97433
37	24	0.96809
39	24	0.96764
40	24	0.95583
41	24	0.92759
43	24	0.95254
46	24	0.97134
47	24	0.80823
48	24	0.9593
49	24	0.97774
50	24	0.93273
56	24	0.90038
57	24	0.92429
66	24	0.97381
72	24	0.97938
73	24	0.97049
74	24	0.95942
80	24	0.98319
81	24	0.97976
84	24	0.95738
85	24	0.97767
96	24	0.98576
99	24	0.95818
101	24	0.97744
102	24	0.95731
103	24	0.80681
105	24	0.89074
111	24	0.98735
114	24	0.97233
116	24	0.95545
124	24	0.96941
126	24	0.96025
128	24	0.97637
130	24	0.96897
132	24	0.97007
133	24	0.96281
134	24	0.96879
140	24	0.95521
141	24	0.97211
143	24	0.96022
144	24	0.95069
148	24	0.97448
149	24	0.87556
2	25	0.96043
6	25	0.97678
16	25	0.95085
19	25	0.95459
20	25	0.97592
22	25	0.88411
23	25	0.96857
27	25	0.98402
30	25	0.97791
31	25	0.98718
32	25	0.93573
35	25	0.96762
38	25	0.94689
41	25	0.93641
45	25	0.97866
47	25	0.79318
48	25	0.9787
51	25	0.9708
52	25	0.96859
54	25	0.97283
59	25	0.98507
60	25	0.97175
61	25	0.98988
62	25	0.96221
64	25	0.96844
65	25	0.98206
67	25	0.98203
69	25	0.97086
70	25	0.98159
74	25	0.97776
75	25	0.96863
76	25	0.96163
77	25	0.9809
78	25	0.96533
79	25	0.98577
82	25	0.96915
83	25	0.97678
86	25	0.97809
88	25	0.98252
89	25	0.96497
90	25	0.91962
92	25	0.92481
94	25	0.95713
95	25	0.97651
97	25	0.97058
98	25	0.97257
99	25	0.96417
100	25	0.97105
103	25	0.8245
104	25	0.94962
106	25	0.98664
107	25	0.98421
108	25	0.97321
109	25	0.9812
110	25	0.98163
112	25	0.9556
113	25	0.97966
114	25	0.96787
115	25	0.95421
116	25	0.98035
117	25	0.96473
119	25	0.90651
120	25	0.95433
122	25	0.9811
123	25	0.98443
125	25	0.87395
126	25	0.96471
127	25	0.97497
129	25	0.98214
130	25	0.96117
131	25	0.96915
135	25	0.96977
136	25	0.962
137	25	0.97594
138	25	0.98098
139	25	0.98063
142	25	0.97766
145	25	0.96033
146	25	0.95841
147	25	0.95953
150	25	0.98047
2	26	0.93908
3	26	0.90824
6	26	0.93658
7	26	0.93611
8	26	0.82933
9	26	0.97542
10	26	0.8898
11	26	0.93083
12	26	0.94632
13	26	0.96679
14	26	0.94582
15	26	0.95832
16	26	0.96448
17	26	0.91305
18	26	0.95659
20	26	0.94037
22	26	0.94211
24	26	0.94609
28	26	0.94903
29	26	0.96215
30	26	0.93619
33	26	0.97814
36	26	0.93437
37	26	0.95694
39	26	0.94505
40	26	0.96268
43	26	0.95367
46	26	0.97213
47	26	0.81786
48	26	0.95349
50	26	0.90018
52	26	0.94376
53	26	0.94062
54	26	0.9367
57	26	0.89383
60	26	0.93843
66	26	0.93288
67	26	0.93883
72	26	0.9357
74	26	0.953
76	26	0.9336
80	26	0.93507
84	26	0.96525
85	26	0.9728
93	26	0.93756
96	26	0.95766
100	26	0.93849
101	26	0.94185
102	26	0.9541
103	26	0.83498
112	26	0.94458
114	26	0.95628
115	26	0.9329
116	26	0.93574
128	26	0.93799
132	26	0.95732
140	26	0.94582
141	26	0.96397
143	26	0.92674
144	26	0.9384
149	26	0.85887
6	27	0.97159
19	27	0.96369
21	27	0.93897
23	27	0.9795
25	27	0.98402
31	27	0.98154
32	27	0.89877
34	27	0.92475
35	27	0.94801
36	27	0.95648
38	27	0.97141
42	27	0.95819
44	27	0.95096
45	27	0.9716
51	27	0.9746
54	27	0.97368
55	27	0.96946
58	27	0.89818
59	27	0.98509
60	27	0.9665
61	27	0.99093
62	27	0.9796
64	27	0.9756
65	27	0.99252
67	27	0.96677
68	27	0.98129
69	27	0.96792
70	27	0.9888
71	27	0.97085
75	27	0.98217
77	27	0.97304
79	27	0.9842
82	27	0.98842
83	27	0.98772
86	27	0.97022
87	27	0.97506
88	27	0.98226
89	27	0.96859
90	27	0.95615
91	27	0.97204
92	27	0.95696
94	27	0.97864
95	27	0.98195
97	27	0.95109
104	27	0.97082
106	27	0.98109
107	27	0.98614
108	27	0.98607
109	27	0.98794
110	27	0.96835
113	27	0.97211
117	27	0.96538
118	27	0.97314
119	27	0.94286
120	27	0.97733
121	27	0.96235
122	27	0.98363
123	27	0.99464
125	27	0.92373
127	27	0.97333
129	27	0.98278
131	27	0.95646
137	27	0.97006
138	27	0.98644
139	27	0.9704
142	27	0.98749
150	27	0.98788
3	28	0.968
4	28	0.97795
5	28	0.97513
7	28	0.9875
8	28	0.88465
9	28	0.96967
10	28	0.94767
11	28	0.9655
12	28	0.98808
13	28	0.97591
14	28	0.98588
15	28	0.97284
17	28	0.95917
18	28	0.95026
20	28	0.95579
22	28	0.88842
24	28	0.98911
26	28	0.94903
29	28	0.92073
30	28	0.9629
33	28	0.9715
37	28	0.96496
39	28	0.96495
40	28	0.95411
46	28	0.97175
47	28	0.78862
48	28	0.95711
49	28	0.96909
50	28	0.93511
52	28	0.95306
56	28	0.90814
57	28	0.92678
66	28	0.96341
72	28	0.97867
73	28	0.97457
74	28	0.96145
76	28	0.94862
80	28	0.98055
81	28	0.97053
84	28	0.95788
85	28	0.97942
96	28	0.98195
101	28	0.97774
102	28	0.95786
103	28	0.80901
105	28	0.89488
110	28	0.94975
111	28	0.97674
114	28	0.97373
124	28	0.97228
126	28	0.95178
128	28	0.97977
130	28	0.95917
132	28	0.97018
133	28	0.96325
134	28	0.96469
140	28	0.94254
141	28	0.96945
143	28	0.96664
144	28	0.95772
148	28	0.96665
149	28	0.87335
6	29	0.90647
9	29	0.97174
11	29	0.90903
12	29	0.90825
13	29	0.93813
14	29	0.90428
15	29	0.96029
16	29	0.93366
18	29	0.91526
19	29	0.9168
20	29	0.92741
21	29	0.91445
22	29	0.92253
24	29	0.91678
26	29	0.96215
28	29	0.92073
31	29	0.912
33	29	0.96125
35	29	0.91471
36	29	0.91966
37	29	0.92125
39	29	0.90766
40	29	0.97154
42	29	0.90401
43	29	0.91117
45	29	0.9084
46	29	0.96527
48	29	0.93217
50	29	0.86376
52	29	0.91996
53	29	0.92703
54	29	0.92045
56	29	0.86841
60	29	0.92648
64	29	0.90276
67	29	0.90559
74	29	0.93211
78	29	0.92391
84	29	0.92798
85	29	0.92646
93	29	0.92564
96	29	0.93313
98	29	0.90692
100	29	0.90958
101	29	0.90262
102	29	0.91485
114	29	0.91883
132	29	0.9186
134	29	0.90579
139	29	0.90442
141	29	0.93015
144	29	0.90902
2	30	0.96071
3	30	0.90897
4	30	0.93299
5	30	0.92878
6	30	0.97941
7	30	0.9707
8	30	0.84583
9	30	0.94983
10	30	0.87329
11	30	0.91723
12	30	0.98555
13	30	0.98515
14	30	0.95807
15	30	0.96656
16	30	0.94815
17	30	0.91319
20	30	0.98794
22	30	0.88225
24	30	0.96459
25	30	0.97791
26	30	0.93619
28	30	0.9629
31	30	0.98119
32	30	0.90751
33	30	0.95156
35	30	0.96801
37	30	0.92439
39	30	0.96888
40	30	0.95572
41	30	0.94189
43	30	0.97347
45	30	0.98463
46	30	0.96439
47	30	0.79069
48	30	0.98337
49	30	0.94555
52	30	0.97888
54	30	0.9715
57	30	0.85185
59	30	0.95617
61	30	0.97054
66	30	0.97834
67	30	0.97822
70	30	0.9722
72	30	0.96995
73	30	0.92803
74	30	0.98822
76	30	0.98353
77	30	0.97698
78	30	0.97129
79	30	0.96403
80	30	0.9822
81	30	0.9568
84	30	0.96439
85	30	0.96325
86	30	0.97893
96	30	0.97849
97	30	0.96545
98	30	0.97716
99	30	0.97188
100	30	0.97625
101	30	0.94846
102	30	0.95029
103	30	0.82651
105	30	0.86611
106	30	0.97494
110	30	0.98987
111	30	0.94408
112	30	0.96786
113	30	0.96955
114	30	0.99194
115	30	0.96761
116	30	0.98911
117	30	0.96497
124	30	0.96761
126	30	0.98141
128	30	0.95424
129	30	0.97141
130	30	0.98123
132	30	0.98798
133	30	0.94269
134	30	0.97048
135	30	0.98072
136	30	0.97099
137	30	0.94886
139	30	0.98025
140	30	0.91427
141	30	0.98333
143	30	0.93435
145	30	0.9716
146	30	0.94773
147	30	0.96401
148	30	0.94859
149	30	0.86015
2	31	0.97055
6	31	0.99053
9	31	0.94805
13	31	0.97432
15	31	0.96334
16	31	0.95507
19	31	0.96715
20	31	0.98527
21	31	0.93353
22	31	0.88513
23	31	0.97529
25	31	0.98718
27	31	0.98154
29	31	0.912
30	31	0.98119
32	31	0.90772
34	31	0.89627
35	31	0.96828
36	31	0.97047
38	31	0.95007
39	31	0.95943
40	31	0.97038
41	31	0.92897
42	31	0.96794
43	31	0.9731
44	31	0.93068
45	31	0.99053
46	31	0.96626
48	31	0.99008
51	31	0.96867
52	31	0.97472
53	31	0.96467
54	31	0.9886
55	31	0.95277
59	31	0.97316
60	31	0.98415
61	31	0.98499
62	31	0.96837
63	31	0.97977
64	31	0.97888
65	31	0.97904
67	31	0.98741
68	31	0.9613
69	31	0.97203
70	31	0.98809
71	31	0.96618
74	31	0.98219
75	31	0.96921
76	31	0.9716
77	31	0.98718
78	31	0.97608
79	31	0.9795
82	31	0.96202
83	31	0.97564
86	31	0.98485
87	31	0.95866
88	31	0.98408
89	31	0.95814
93	31	0.93607
94	31	0.95193
95	31	0.98491
97	31	0.96788
98	31	0.97848
99	31	0.97073
100	31	0.97726
104	31	0.95389
106	31	0.98932
107	31	0.98316
108	31	0.98013
109	31	0.97992
110	31	0.98887
112	31	0.9726
113	31	0.98188
114	31	0.97782
115	31	0.96404
116	31	0.984
117	31	0.96831
120	31	0.96465
122	31	0.98326
123	31	0.98226
126	31	0.97649
127	31	0.96869
129	31	0.98962
130	31	0.97145
131	31	0.96609
132	31	0.97325
134	31	0.95811
135	31	0.97702
136	31	0.96565
137	31	0.96677
138	31	0.9769
139	31	0.98986
141	31	0.97254
142	31	0.97354
145	31	0.9694
146	31	0.95962
147	31	0.96462
150	31	0.97067
6	32	0.89527
8	32	0.82085
20	32	0.90219
25	32	0.93573
27	32	0.89877
30	32	0.90751
31	32	0.90772
35	32	0.93592
41	32	0.94577
47	32	0.8623
48	32	0.89674
51	32	0.88752
52	32	0.88785
59	32	0.92509
61	32	0.90093
65	32	0.91224
67	32	0.91152
69	32	0.92161
74	32	0.91834
77	32	0.88598
78	32	0.90852
79	32	0.94483
82	32	0.88643
83	32	0.89138
88	32	0.90421
97	32	0.89266
98	32	0.90694
99	32	0.92615
103	32	0.86534
104	32	0.9045
106	32	0.90696
107	32	0.90239
109	32	0.91974
110	32	0.90639
113	32	0.91964
114	32	0.88583
116	32	0.91239
122	32	0.90859
123	32	0.89456
124	32	0.89425
127	32	0.89358
129	32	0.91781
130	32	0.90912
131	32	0.90263
134	32	0.90679
135	32	0.89646
137	32	0.91799
138	32	0.89427
139	32	0.90355
146	32	0.92716
147	32	0.92543
148	32	0.89864
150	32	0.899
3	33	0.93523
4	33	0.94937
5	33	0.96616
7	33	0.96691
8	33	0.82207
9	33	0.97662
10	33	0.93054
11	33	0.96041
12	33	0.96973
13	33	0.9832
14	33	0.97619
15	33	0.98305
16	33	0.95945
17	33	0.94221
18	33	0.97812
20	33	0.95535
22	33	0.90042
24	33	0.97433
26	33	0.97814
28	33	0.9715
29	33	0.96125
30	33	0.95156
37	33	0.97275
39	33	0.96741
40	33	0.97575
43	33	0.96805
46	33	0.98826
47	33	0.78812
48	33	0.96371
49	33	0.94316
50	33	0.94022
52	33	0.95435
53	33	0.9466
54	33	0.95337
56	33	0.89549
57	33	0.93225
60	33	0.95093
66	33	0.9606
72	33	0.96598
73	33	0.94989
74	33	0.95921
76	33	0.95792
78	33	0.95123
80	33	0.96331
81	33	0.95999
84	33	0.98095
85	33	0.97724
86	33	0.95083
93	33	0.95715
96	33	0.98443
101	33	0.97782
102	33	0.97802
105	33	0.86404
111	33	0.95592
114	33	0.96926
116	33	0.95398
124	33	0.95958
126	33	0.95619
128	33	0.96711
132	33	0.97288
133	33	0.93881
134	33	0.95173
140	33	0.9462
141	33	0.98082
143	33	0.96288
144	33	0.97521
148	33	0.94195
149	33	0.87289
2	34	0.91842
19	34	0.95113
21	34	0.94662
23	34	0.93045
27	34	0.92475
31	34	0.89627
36	34	0.94182
38	34	0.96897
42	34	0.95134
44	34	0.97738
51	34	0.95077
55	34	0.97858
58	34	0.98209
60	34	0.90743
61	34	0.92127
62	34	0.95172
63	34	0.92591
64	34	0.92853
65	34	0.90128
68	34	0.96059
69	34	0.89607
70	34	0.90903
71	34	0.96439
75	34	0.95498
77	34	0.91585
82	34	0.94653
83	34	0.92277
87	34	0.97865
88	34	0.91141
89	34	0.94283
90	34	0.96609
91	34	0.96521
92	34	0.97214
94	34	0.9674
95	34	0.93406
100	34	0.90446
106	34	0.90228
107	34	0.93707
108	34	0.95818
109	34	0.91799
118	34	0.96811
119	34	0.95658
120	34	0.9085
121	34	0.96553
123	34	0.93889
125	34	0.94417
127	34	0.92157
138	34	0.90499
142	34	0.93638
150	34	0.9186
6	35	0.95348
7	35	0.94308
8	35	0.85519
9	35	0.9424
12	35	0.95514
13	35	0.95876
15	35	0.96304
20	35	0.97359
22	35	0.90116
25	35	0.96762
27	35	0.94801
29	35	0.91471
30	35	0.96801
31	35	0.96828
32	35	0.93592
40	35	0.95867
45	35	0.95473
46	35	0.95146
48	35	0.96152
52	35	0.96109
54	35	0.94602
56	35	0.89217
59	35	0.94192
60	35	0.94929
61	35	0.94675
65	35	0.94493
67	35	0.95497
70	35	0.9449
74	35	0.97794
77	35	0.94536
78	35	0.97652
79	35	0.97432
80	35	0.9504
86	35	0.94207
95	35	0.9418
96	35	0.95689
97	35	0.94747
98	35	0.96679
99	35	0.95786
100	35	0.94072
105	35	0.88698
106	35	0.95505
107	35	0.94584
110	35	0.96833
113	35	0.95315
114	35	0.95882
116	35	0.96265
126	35	0.94618
129	35	0.95173
130	35	0.95985
132	35	0.94909
134	35	0.96644
135	35	0.94802
138	35	0.94135
139	35	0.95856
141	35	0.94539
148	35	0.92625
2	36	0.97563
6	36	0.96614
9	36	0.94185
16	36	0.9579
19	36	0.98787
20	36	0.95548
21	36	0.97375
22	36	0.88638
23	36	0.97058
26	36	0.93437
27	36	0.95648
29	36	0.91966
31	36	0.97047
34	36	0.94182
38	36	0.96668
40	36	0.95447
42	36	0.99198
43	36	0.96073
44	36	0.95776
45	36	0.97131
48	36	0.96681
51	36	0.97349
52	36	0.95494
53	36	0.96617
54	36	0.97203
55	36	0.9713
58	36	0.9048
60	36	0.98014
61	36	0.95715
62	36	0.97272
63	36	0.98002
64	36	0.97929
67	36	0.95643
68	36	0.95775
70	36	0.95671
71	36	0.97483
74	36	0.9563
75	36	0.97312
77	36	0.97638
83	36	0.95407
86	36	0.95898
87	36	0.97812
88	36	0.96188
90	36	0.92035
91	36	0.9617
92	36	0.92837
93	36	0.9416
94	36	0.94843
95	36	0.97893
100	36	0.97254
106	36	0.96589
107	36	0.97175
108	36	0.98177
112	36	0.96408
118	36	0.96017
119	36	0.90746
121	36	0.95107
123	36	0.96164
138	36	0.95462
139	36	0.9632
142	36	0.95527
150	36	0.95419
3	37	0.94566
4	37	0.96549
5	37	0.96323
7	37	0.9572
8	37	0.83415
9	37	0.94611
10	37	0.95771
11	37	0.96931
12	37	0.96006
13	37	0.95048
14	37	0.97125
15	37	0.94386
16	37	0.9265
17	37	0.9651
18	37	0.97387
22	37	0.88699
24	37	0.96809
26	37	0.95694
28	37	0.96496
29	37	0.92125
30	37	0.92439
33	37	0.97275
39	37	0.93572
40	37	0.93419
43	37	0.92845
46	37	0.95377
47	37	0.83239
49	37	0.94074
50	37	0.95357
56	37	0.88796
57	37	0.95461
66	37	0.94453
72	37	0.94751
73	37	0.95313
74	37	0.92866
80	37	0.95029
81	37	0.96358
84	37	0.94909
85	37	0.97626
96	37	0.96959
101	37	0.97467
102	37	0.94699
103	37	0.83563
111	37	0.9624
114	37	0.93396
115	37	0.92192
124	37	0.93943
128	37	0.96026
132	37	0.94371
133	37	0.93326
140	37	0.96746
141	37	0.9533
143	37	0.96227
144	37	0.96289
148	37	0.94444
149	37	0.85755
19	38	0.98407
21	38	0.97927
23	38	0.96875
25	38	0.94689
27	38	0.97141
31	38	0.95007
34	38	0.96897
36	38	0.96668
42	38	0.96654
44	38	0.97868
51	38	0.9804
55	38	0.98676
58	38	0.95714
60	38	0.95121
61	38	0.95771
62	38	0.97935
64	38	0.95779
65	38	0.95702
68	38	0.97237
70	38	0.94918
71	38	0.96634
75	38	0.97425
77	38	0.94918
82	38	0.97533
83	38	0.95655
87	38	0.99103
88	38	0.95707
89	38	0.95695
90	38	0.97077
91	38	0.9826
92	38	0.97725
94	38	0.98133
95	38	0.97319
104	38	0.95498
106	38	0.9455
107	38	0.97553
108	38	0.98076
109	38	0.96181
118	38	0.98684
119	38	0.96645
120	38	0.95333
121	38	0.9846
122	38	0.94393
123	38	0.97355
125	38	0.9488
127	38	0.9492
129	38	0.94368
138	38	0.95061
142	38	0.96501
150	38	0.96487
3	39	0.91183
4	39	0.94377
5	39	0.93364
6	39	0.96748
7	39	0.96137
9	39	0.95469
10	39	0.90614
11	39	0.9446
12	39	0.97004
13	39	0.98189
14	39	0.97437
15	39	0.9602
17	39	0.92007
18	39	0.95822
20	39	0.95785
24	39	0.96764
26	39	0.94505
28	39	0.96495
29	39	0.90766
30	39	0.96888
31	39	0.95943
33	39	0.96741
37	39	0.93572
40	39	0.95801
43	39	0.98183
45	39	0.96145
46	39	0.96696
48	39	0.96928
49	39	0.95093
50	39	0.89684
54	39	0.96993
57	39	0.89373
66	39	0.96505
67	39	0.96479
72	39	0.97795
73	39	0.93212
74	39	0.95674
76	39	0.96672
80	39	0.96392
81	39	0.94256
84	39	0.96724
85	39	0.95017
86	39	0.96469
96	39	0.96662
101	39	0.96298
102	39	0.96832
105	39	0.8779
110	39	0.95882
111	39	0.96025
112	39	0.97199
113	39	0.95719
114	39	0.97572
115	39	0.95898
116	39	0.96261
117	39	0.97299
124	39	0.96491
126	39	0.97669
128	39	0.97344
130	39	0.97084
132	39	0.9819
133	39	0.96352
134	39	0.95515
135	39	0.95979
136	39	0.97183
139	39	0.95975
140	39	0.92399
141	39	0.97964
143	39	0.93662
144	39	0.94164
145	39	0.95744
147	39	0.95957
148	39	0.93749
149	39	0.92502
5	40	0.92838
6	40	0.96446
9	40	0.98446
10	40	0.86914
11	40	0.92306
12	40	0.95443
13	40	0.97471
15	40	0.98482
16	40	0.957
18	40	0.94263
19	40	0.95141
20	40	0.97045
21	40	0.93181
22	40	0.90313
23	40	0.95057
24	40	0.95583
26	40	0.96268
28	40	0.95411
29	40	0.97154
30	40	0.95572
31	40	0.97038
33	40	0.97575
35	40	0.95867
36	40	0.95447
37	40	0.93419
39	40	0.95801
43	40	0.96389
45	40	0.96251
46	40	0.99457
48	40	0.97652
50	40	0.87354
52	40	0.95939
53	40	0.95655
54	40	0.96916
56	40	0.88693
57	40	0.86521
60	40	0.97146
64	40	0.95324
67	40	0.95986
74	40	0.96937
76	40	0.95761
77	40	0.95202
78	40	0.96748
84	40	0.96483
85	40	0.95153
86	40	0.95629
93	40	0.95001
96	40	0.97025
98	40	0.95872
100	40	0.96021
102	40	0.95194
105	40	0.8608
106	40	0.95296
110	40	0.95972
112	40	0.95272
114	40	0.96676
116	40	0.95756
126	40	0.95429
132	40	0.96354
134	40	0.95633
139	40	0.96254
141	40	0.97445
144	40	0.93295
6	41	0.92666
7	41	0.92847
12	41	0.93917
13	41	0.92702
24	41	0.92759
25	41	0.93641
30	41	0.94189
31	41	0.92897
32	41	0.94577
47	41	0.92522
48	41	0.93039
66	41	0.92364
67	41	0.93411
69	41	0.94377
74	41	0.9371
77	41	0.92124
80	41	0.9314
81	41	0.93805
85	41	0.94087
88	41	0.92319
96	41	0.93412
99	41	0.97008
103	41	0.90549
106	41	0.92372
109	41	0.92104
110	41	0.93424
111	41	0.92225
112	41	0.92095
113	41	0.94244
114	41	0.93039
115	41	0.94805
116	41	0.9504
117	41	0.92493
122	41	0.92671
124	41	0.93097
126	41	0.93156
127	41	0.92773
129	41	0.93472
130	41	0.94881
131	41	0.93211
132	41	0.92503
134	41	0.92933
135	41	0.93481
136	41	0.95279
139	41	0.92625
140	41	0.93398
141	41	0.93065
145	41	0.94919
146	41	0.97494
147	41	0.96931
148	41	0.95247
2	42	0.9866
6	42	0.96557
16	42	0.95826
19	42	0.98567
21	42	0.97057
23	42	0.97536
27	42	0.95819
29	42	0.90401
31	42	0.96794
34	42	0.95134
36	42	0.99198
38	42	0.96654
43	42	0.96906
44	42	0.97319
45	42	0.96527
48	42	0.96081
51	42	0.97325
53	42	0.96814
54	42	0.97122
55	42	0.97811
58	42	0.91193
60	42	0.97575
61	42	0.95994
62	42	0.9711
63	42	0.98504
64	42	0.98167
67	42	0.95442
68	42	0.96717
69	42	0.95967
70	42	0.96316
71	42	0.98454
75	42	0.97484
77	42	0.97508
82	42	0.95427
83	42	0.96238
86	42	0.96373
87	42	0.98002
88	42	0.96874
89	42	0.96489
90	42	0.92574
91	42	0.96422
92	42	0.93583
93	42	0.93704
94	42	0.95422
95	42	0.9726
100	42	0.97268
106	42	0.96295
107	42	0.96929
108	42	0.98182
109	42	0.95449
112	42	0.96688
115	42	0.95218
118	42	0.9695
119	42	0.91546
121	42	0.94994
123	42	0.96316
125	42	0.88132
127	42	0.95527
131	42	0.95093
139	42	0.95593
142	42	0.95826
145	42	0.95996
2	43	0.98771
6	43	0.9791
9	43	0.95426
10	43	0.8794
11	43	0.92518
12	43	0.96086
13	43	0.98026
14	43	0.96119
16	43	0.9614
17	43	0.90322
18	43	0.96231
20	43	0.96262
24	43	0.95254
26	43	0.95367
29	43	0.91117
30	43	0.97347
31	43	0.9731
33	43	0.96805
36	43	0.96073
37	43	0.92845
39	43	0.98183
40	43	0.96389
42	43	0.96906
45	43	0.97811
46	43	0.97283
48	43	0.97845
50	43	0.87963
52	43	0.96038
53	43	0.9571
54	43	0.98017
57	43	0.88472
60	43	0.96879
61	43	0.9589
63	43	0.98275
64	43	0.97417
66	43	0.96238
67	43	0.97293
70	43	0.97037
72	43	0.95856
74	43	0.9621
76	43	0.98544
77	43	0.97429
80	43	0.95689
84	43	0.98459
85	43	0.95367
86	43	0.98235
88	43	0.96113
93	43	0.9466
96	43	0.96591
100	43	0.98327
101	43	0.95184
102	43	0.9747
106	43	0.96677
110	43	0.96994
111	43	0.93283
112	43	0.98781
114	43	0.98006
115	43	0.97905
116	43	0.97547
117	43	0.97353
126	43	0.97523
128	43	0.95776
130	43	0.95627
131	43	0.94885
132	43	0.98616
133	43	0.92548
135	43	0.96808
136	43	0.98027
139	43	0.97061
140	43	0.92787
141	43	0.9864
144	43	0.93956
145	43	0.9836
146	43	0.94535
147	43	0.95651
149	43	0.92417
2	44	0.94673
19	44	0.96618
21	44	0.96055
23	44	0.95007
27	44	0.95096
31	44	0.93068
34	44	0.97738
36	44	0.95776
38	44	0.97868
42	44	0.97319
51	44	0.97103
53	44	0.92787
55	44	0.98317
58	44	0.95391
60	44	0.92938
61	44	0.94583
62	44	0.95707
63	44	0.94354
64	44	0.95119
65	44	0.93215
68	44	0.96984
69	44	0.93406
70	44	0.94397
71	44	0.97513
75	44	0.96251
77	44	0.94288
82	44	0.95468
83	44	0.94872
87	44	0.98198
88	44	0.94571
89	44	0.96768
90	44	0.95844
91	44	0.9698
92	44	0.97039
94	44	0.97271
95	44	0.9444
100	44	0.92917
107	44	0.95297
108	44	0.96939
109	44	0.94466
118	44	0.97987
119	44	0.95605
121	44	0.9589
122	44	0.92901
123	44	0.95567
125	44	0.94044
127	44	0.95757
138	44	0.92934
142	44	0.95191
150	44	0.94231
2	45	0.97655
6	45	0.9841
9	45	0.9465
12	45	0.96286
13	45	0.98102
15	45	0.9662
16	45	0.95568
19	45	0.95814
20	45	0.99013
23	45	0.96866
25	45	0.97866
27	45	0.9716
29	45	0.9084
30	45	0.98463
31	45	0.99053
35	45	0.95473
36	45	0.97131
39	45	0.96145
40	45	0.96251
42	45	0.96527
43	45	0.97811
46	45	0.96583
48	45	0.99041
52	45	0.98291
53	45	0.96667
54	45	0.98812
59	45	0.96361
60	45	0.98653
61	45	0.9802
62	45	0.96596
63	45	0.98506
64	45	0.97876
65	45	0.9686
66	45	0.95833
67	45	0.98338
70	45	0.98293
71	45	0.96373
74	45	0.98234
75	45	0.96489
76	45	0.98431
77	45	0.98871
78	45	0.98027
79	45	0.9695
80	45	0.96052
83	45	0.96829
84	45	0.96833
86	45	0.98827
87	45	0.95415
88	45	0.97536
93	45	0.95235
95	45	0.98262
96	45	0.96555
97	45	0.97602
98	45	0.98116
99	45	0.96524
100	45	0.9855
102	45	0.95136
104	45	0.93609
106	45	0.99123
107	45	0.97806
108	45	0.97881
110	45	0.9883
112	45	0.972
113	45	0.97556
114	45	0.98685
115	45	0.95875
116	45	0.98827
117	45	0.96717
120	45	0.95569
122	45	0.97271
123	45	0.9754
124	45	0.94736
126	45	0.98536
129	45	0.98149
130	45	0.96295
131	45	0.95035
132	45	0.98161
134	45	0.95962
135	45	0.98487
136	45	0.96155
137	45	0.94506
138	45	0.98016
139	45	0.99148
141	45	0.97944
142	45	0.97434
145	45	0.96503
146	45	0.94139
147	45	0.95048
150	45	0.96863
3	46	0.91782
4	46	0.92947
5	46	0.9531
6	46	0.96163
7	46	0.96155
9	46	0.9861
10	46	0.90182
11	46	0.94361
12	46	0.97075
13	46	0.98366
14	46	0.96634
15	46	0.98989
16	46	0.96369
17	46	0.91578
18	46	0.9616
20	46	0.97322
22	46	0.90472
24	46	0.97134
26	46	0.97213
28	46	0.97175
29	46	0.96527
30	46	0.96439
31	46	0.96626
33	46	0.98826
35	46	0.95146
37	46	0.95377
39	46	0.96696
40	46	0.99457
43	46	0.97283
45	46	0.96583
48	46	0.97966
49	46	0.93135
50	46	0.90909
52	46	0.96751
53	46	0.95863
