6	2	0.9965
7	2	0.99037
9	2	0.87992
12	2	0.98605
13	2	0.99385
15	2	0.99839
19	2	0.99231
20	2	0.98955
21	2	0.95988
22	2	0.98716
25	2	0.99378
27	2	0.9944
28	2	0.98209
29	2	0.9391
30	2	0.98707
31	2	0.98878
33	2	0.98784
34	2	0.99758
36	2	0.98859
37	2	0.98484
38	2	0.99472
39	2	0.99625
40	2	0.98105
42	2	0.9962
43	2	0.98822
44	2	0.99002
45	2	0.98679
46	2	0.99211
48	2	0.9888
52	2	0.99078
54	2	0.98864
55	2	0.98701
57	2	0.98191
58	2	0.99033
62	2	0.98655
63	2	0.9906
65	2	0.99052
70	2	0.99314
73	2	0.98676
74	2	0.99309
75	2	0.98707
76	2	0.98707
79	2	0.98617
81	2	0.98947
85	2	0.98899
89	2	0.98922
93	2	0.98683
95	2	0.98918
96	2	0.98877
100	2	0.9921
102	2	0.98592
107	2	0.99598
108	2	0.98666
115	2	0.99246
117	2	0.99035
118	2	0.96962
121	2	0.99008
127	2	0.98891
135	2	0.9898
138	2	0.99212
6	3	0.89812
7	3	0.91471
8	3	0.91492
10	3	0.96875
11	3	0.91866
12	3	0.89226
13	3	0.89632
14	3	0.89288
16	3	0.97475
24	3	0.9224
37	3	0.92542
41	3	0.90872
43	3	0.89671
45	3	0.90553
46	3	0.90011
48	3	0.8929
49	3	0.90625
53	3	0.89481
54	3	0.89763
56	3	0.92456
57	3	0.9128
63	3	0.89577
65	3	0.90853
67	3	0.89804
73	3	0.91498
78	3	0.90916
81	3	0.89404
88	3	0.89854
91	3	0.89164
96	3	0.90068
98	3	0.8984
99	3	0.90777
103	3	0.9037
107	3	0.89419
109	3	0.90466
110	3	0.89688
112	3	0.90852
114	3	0.90397
115	3	0.89154
120	3	0.89651
126	3	0.89166
130	3	0.89377
131	3	0.90026
132	3	0.89676
134	3	0.92478
138	3	0.89633
141	3	0.90067
143	3	0.93723
145	3	0.89727
148	3	0.89906
5	4	0.95939
7	4	0.90321
11	4	0.89899
12	4	0.94698
16	4	0.89774
17	4	0.98734
18	4	0.49297
24	4	0.91631
26	4	0.48167
28	4	0.90615
35	4	0.9233
37	4	0.92844
41	4	0.90061
43	4	0.90112
44	4	0.89896
45	4	0.89919
47	4	0.96265
48	4	0.92054
50	4	0.92034
52	4	0.90146
57	4	0.90719
62	4	0.89785
73	4	0.89825
74	4	0.90357
78	4	0.89829
80	4	0.95366
83	4	0.90086
84	4	0.90461
87	4	0.90121
93	4	0.90672
95	4	0.9014
96	4	0.91695
99	4	0.89785
101	4	0.83301
103	4	0.91054
109	4	0.93159
110	4	0.9087
112	4	0.92614
113	4	0.90877
114	4	0.92346
116	4	0.91114
117	4	0.89806
126	4	0.89923
131	4	0.89811
132	4	0.90077
136	4	0.90137
140	4	0.67283
141	4	0.90068
143	4	0.90049
144	4	0.90551
145	4	0.89775
146	4	0.93181
147	4	0.9396
148	4	0.90282
4	5	0.95939
12	5	0.99392
14	5	0.98098
16	5	0.93863
17	5	0.96643
18	5	0.27551
20	5	0.98104
23	5	0.98042
24	5	0.9804
26	5	0.26566
29	5	0.90513
30	5	0.98052
32	5	0.98044
35	5	0.99051
37	5	0.98218
41	5	0.98148
44	5	0.98054
45	5	0.98129
47	5	0.99107
48	5	0.98876
50	5	0.99028
53	5	0.98063
55	5	0.98035
58	5	0.97999
62	5	0.98256
75	5	0.98045
78	5	0.98186
80	5	0.99848
83	5	0.9828
84	5	0.98666
85	5	0.98161
87	5	0.98356
93	5	0.98699
95	5	0.98363
96	5	0.98719
97	5	0.98063
98	5	0.97998
99	5	0.97994
100	5	0.98063
101	5	0.69155
103	5	0.98559
106	5	0.98123
108	5	0.98048
109	5	0.9875
110	5	0.98543
111	5	0.983
112	5	0.98003
113	5	0.9849
114	5	0.99091
116	5	0.98786
132	5	0.98207
136	5	0.98166
140	5	0.48542
141	5	0.97995
144	5	0.98657
146	5	0.99302
147	5	0.99311
148	5	0.98391
2	6	0.9965
3	6	0.89812
7	6	0.99518
9	6	0.86917
10	6	0.95888
12	6	0.98611
13	6	0.99654
15	6	0.99684
16	6	0.92807
19	6	0.99035
20	6	0.99078
21	6	0.95044
25	6	0.9962
27	6	0.9955
28	6	0.97951
29	6	0.92283
30	6	0.9912
31	6	0.99065
33	6	0.98504
34	6	0.99115
37	6	0.98786
38	6	0.99477
39	6	0.99863
40	6	0.97505
42	6	0.99272
43	6	0.99261
44	6	0.99358
45	6	0.99204
46	6	0.99245
48	6	0.99226
54	6	0.99358
57	6	0.98411
58	6	0.99244
63	6	0.99461
65	6	0.99708
70	6	0.99712
73	6	0.9927
74	6	0.99231
79	6	0.99004
81	6	0.99332
85	6	0.99084
87	6	0.9902
88	6	0.99129
89	6	0.99394
92	6	0.99042
95	6	0.99257
96	6	0.99194
98	6	0.9906
100	6	0.99295
102	6	0.98443
107	6	0.99803
108	6	0.99025
110	6	0.99009
112	6	0.99199
115	6	0.9974
117	6	0.99473
118	6	0.97092
121	6	0.99393
127	6	0.99365
129	6	0.99031
135	6	0.99349
138	6	0.99674
142	6	0.98998
145	6	0.99256
2	7	0.99037
3	7	0.91471
4	7	0.90321
6	7	0.99518
8	7	0.99351
9	7	0.8643
10	7	0.96366
11	7	0.99046
12	7	0.98934
13	7	0.9934
15	7	0.99312
16	7	0.94608
17	7	0.92931
19	7	0.98947
20	7	0.99554
21	7	0.94422
22	7	0.99327
24	7	0.99005
25	7	0.99674
27	7	0.99406
28	7	0.97109
29	7	0.9074
30	7	0.99575
31	7	0.9955
33	7	0.97378
34	7	0.98482
36	7	0.99246
37	7	0.9921
38	7	0.99551
39	7	0.99371
40	7	0.97001
41	7	0.99551
42	7	0.98196
43	7	0.99366
44	7	0.99589
45	7	0.99796
46	7	0.98932
48	7	0.99604
52	7	0.99143
53	7	0.99662
54	7	0.99068
55	7	0.99432
56	7	0.98484
57	7	0.98139
58	7	0.99514
62	7	0.99537
65	7	0.99508
67	7	0.99445
70	7	0.99564
73	7	0.99613
74	7	0.99399
75	7	0.99453
78	7	0.99466
79	7	0.99429
81	7	0.99666
85	7	0.99585
86	7	0.99429
87	7	0.99553
88	7	0.99607
89	7	0.9948
91	7	0.99501
92	7	0.99482
93	7	0.99466
95	7	0.99599
96	7	0.99635
97	7	0.99515
98	7	0.99666
99	7	0.99524
100	7	0.99649
102	7	0.97439
103	7	0.99566
107	7	0.99676
108	7	0.9948
109	7	0.99124
110	7	0.99678
112	7	0.99175
113	7	0.9943
114	7	0.99597
115	7	0.99164
117	7	0.99562
118	7	0.95104
121	7	0.99517
127	7	0.99456
132	7	0.99529
134	7	0.99274
135	7	0.99473
137	7	0.99439
138	7	0.99685
141	7	0.99478
143	7	0.98815
3	8	0.91492
7	8	0.99351
10	8	0.95075
14	8	0.99643
16	8	0.94562
30	8	0.99399
32	8	0.99478
41	8	0.99632
45	8	0.99564
49	8	0.9907
51	8	0.99374
53	8	0.9963
56	8	0.98223
62	8	0.9945
66	8	0.99375
67	8	0.99477
68	8	0.99322
69	8	0.99379
71	8	0.994
72	8	0.99341
75	8	0.99359
77	8	0.99438
78	8	0.99687
83	8	0.99491
86	8	0.99615
87	8	0.99433
88	8	0.9934
90	8	0.9935
91	8	0.99531
92	8	0.99354
94	8	0.99499
97	8	0.99529
98	8	0.99471
99	8	0.99393
103	8	0.9947
104	8	0.99486
106	8	0.99463
108	8	0.99377
110	8	0.99548
114	8	0.99543
116	8	0.99436
120	8	0.99519
122	8	0.99382
123	8	0.99337
124	8	0.99573
125	8	0.99351
128	8	0.99385
130	8	0.9947
132	8	0.99749
133	8	0.99493
134	8	0.99144
137	8	0.99409
139	8	0.99568
141	8	0.99403
143	8	0.99559
148	8	0.99358
2	9	0.87992
6	9	0.86917
7	9	0.8643
10	9	0.91754
11	9	0.88609
12	9	0.88144
13	9	0.88004
15	9	0.88097
16	9	0.85597
17	9	0.8666
19	9	0.91183
21	9	0.96123
22	9	0.87596
24	9	0.90343
28	9	0.94044
29	9	0.94993
31	9	0.87625
33	9	0.92669
34	9	0.89625
36	9	0.88548
37	9	0.88726
38	9	0.85934
39	9	0.8598
40	9	0.93875
42	9	0.88918
43	9	0.87693
44	9	0.86129
46	9	0.91064
48	9	0.8621
52	9	0.8844
54	9	0.87684
56	9	0.88631
57	9	0.91473
60	9	0.85691
63	9	0.86895
73	9	0.87131
74	9	0.89338
93	9	0.85926
96	9	0.87646
99	9	0.85596
102	9	0.92354
107	9	0.8696
109	9	0.85497
112	9	0.88364
131	9	0.86475
134	9	0.85618
135	9	0.85579
141	9	0.86558
148	9	0.86109
149	9	0.88265
3	10	0.96875
6	10	0.95888
7	10	0.96366
8	10	0.95075
9	10	0.91754
11	10	0.97347
12	10	0.95303
13	10	0.95881
15	10	0.95223
16	10	0.96268
17	10	0.92482
19	10	0.96027
21	10	0.94558
24	10	0.97607
28	10	0.96135
29	10	0.91059
31	10	0.95459
33	10	0.96366
36	10	0.95115
37	10	0.97013
40	10	0.95342
41	10	0.95578
43	10	0.96185
44	10	0.95165
45	10	0.95539
46	10	0.96647
48	10	0.95261
54	10	0.95937
56	10	0.96281
57	10	0.97553
63	10	0.95734
65	10	0.95778
73	10	0.96683
74	10	0.95737
81	10	0.95101
88	10	0.95519
96	10	0.96004
98	10	0.95163
99	10	0.95829
102	10	0.96673
103	10	0.95372
105	10	0.94068
107	10	0.9565
109	10	0.95907
110	10	0.95065
112	10	0.96979
114	10	0.95189
126	10	0.95152
131	10	0.95907
134	10	0.96385
138	10	0.95083
141	10	0.95765
143	10	0.95594
145	10	0.95342
148	10	0.95233
3	11	0.91866
4	11	0.89899
7	11	0.99046
9	11	0.88609
10	11	0.97347
16	11	0.93432
17	11	0.92704
21	11	0.95193
24	11	0.99241
28	11	0.9714
29	11	0.89867
30	11	0.98755
31	11	0.99187
33	11	0.96815
36	11	0.98914
41	11	0.99137
43	11	0.99543
44	11	0.99185
45	11	0.99153
48	11	0.99118
49	11	0.98773
53	11	0.989
54	11	0.98741
57	11	0.98292
62	11	0.98891
63	11	0.98906
67	11	0.99075
71	11	0.98823
73	11	0.99355
74	11	0.99029
81	11	0.98819
87	11	0.98736
88	11	0.99373
89	11	0.9874
91	11	0.98976
92	11	0.98937
96	11	0.99235
97	11	0.9877
98	11	0.99077
99	11	0.99113
102	11	0.97647
103	11	0.98912
105	11	0.96453
106	11	0.98887
107	11	0.98971
109	11	0.99161
110	11	0.991
112	11	0.99467
113	11	0.99015
114	11	0.98777
117	11	0.98878
121	11	0.98733
122	11	0.98746
126	11	0.99391
127	11	0.98822
130	11	0.98885
131	11	0.99557
132	11	0.98788
135	11	0.99175
141	11	0.99285
142	11	0.99019
145	11	0.98895
148	11	0.98913
149	11	0.97752
2	12	0.98605
3	12	0.89226
4	12	0.94698
5	12	0.99392
6	12	0.98611
7	12	0.98934
9	12	0.88144
10	12	0.95303
13	12	0.98767
15	12	0.98782
16	12	0.94254
17	12	0.96392
18	12	0.21476
19	12	0.98561
20	12	0.98618
21	12	0.94961
24	12	0.98842
25	12	0.98733
26	12	0.20549
28	12	0.98057
29	12	0.93606
31	12	0.98743
33	12	0.97387
34	12	0.98428
35	12	0.98726
36	12	0.98645
37	12	0.9932
38	12	0.98732
39	12	0.98585
40	12	0.97396
42	12	0.98032
43	12	0.98571
44	12	0.9875
45	12	0.98672
46	12	0.98824
47	12	0.97232
48	12	0.99326
50	12	0.99068
52	12	0.98874
57	12	0.98393
62	12	0.98614
63	12	0.98742
70	12	0.9857
73	12	0.98596
74	12	0.99079
80	12	0.99222
81	12	0.98661
84	12	0.98834
85	12	0.98645
87	12	0.98634
93	12	0.9904
95	12	0.98757
96	12	0.99345
100	12	0.98798
101	12	0.64245
102	12	0.97464
103	12	0.989
107	12	0.98892
109	12	0.99023
110	12	0.98884
111	12	0.98629
112	12	0.99041
113	12	0.98797
114	12	0.99182
116	12	0.98594
117	12	0.98595
118	12	0.94228
135	12	0.98582
140	12	0.42826
146	12	0.98847
148	12	0.98702
2	13	0.99385
3	13	0.89632
6	13	0.99654
7	13	0.9934
9	13	0.88004
10	13	0.95881
12	13	0.98767
15	13	0.99726
16	13	0.92925
19	13	0.99319
20	13	0.9929
21	13	0.95235
23	13	0.99213
24	13	0.98887
25	13	0.99672
27	13	0.99495
28	13	0.98158
29	13	0.92346
30	13	0.99183
31	13	0.99363
33	13	0.98553
34	13	0.99236
37	13	0.98663
38	13	0.99497
39	13	0.99757
40	13	0.98452
42	13	0.99262
43	13	0.9939
44	13	0.99537
45	13	0.99296
46	13	0.99625
48	13	0.99299
54	13	0.99887
56	13	0.98681
57	13	0.98923
58	13	0.99338
60	13	0.99472
62	13	0.99211
63	13	0.99862
65	13	0.99478
70	13	0.99559
73	13	0.99204
74	13	0.99436
81	13	0.99473
85	13	0.99301
87	13	0.99184
88	13	0.99193
89	13	0.99394
92	13	0.9923
95	13	0.99368
96	13	0.99487
98	13	0.99239
99	13	0.99316
100	13	0.9937
102	13	0.98395
107	13	0.99764
111	13	0.99227
112	13	0.99008
115	13	0.9941
117	13	0.99459
118	13	0.95758
121	13	0.99399
127	13	0.99454
134	13	0.99164
135	13	0.99388
138	13	0.99521
145	13	0.99428
148	13	0.99195
3	14	0.89288
5	14	0.98098
8	14	0.99643
16	14	0.92885
20	14	0.99732
22	14	0.99123
23	14	0.99772
30	14	0.99822
32	14	0.99844
41	14	0.9978
45	14	0.99821
47	14	0.96318
49	14	0.99356
50	14	0.99643
51	14	0.99824
53	14	0.99814
55	14	0.99828
56	14	0.98224
59	14	0.99815
61	14	0.99771
62	14	0.99851
64	14	0.99747
66	14	0.99871
67	14	0.99861
68	14	0.99864
69	14	0.99821
71	14	0.99829
72	14	0.9978
75	14	0.99811
76	14	0.99728
77	14	0.99867
78	14	0.9977
79	14	0.99723
80	14	0.98185
82	14	0.99765
83	14	0.99876
84	14	0.99795
85	14	0.99794
86	14	0.9989
87	14	0.99883
88	14	0.99689
90	14	0.99848
91	14	0.99851
92	14	0.99834
93	14	0.99615
94	14	0.99926
95	14	0.99798
97	14	0.99912
98	14	0.99823
99	14	0.9961
103	14	0.99632
104	14	0.99773
106	14	0.99849
108	14	0.99823
110	14	0.99825
111	14	0.99785
113	14	0.99741
114	14	0.9965
116	14	0.99765
119	14	0.99784
120	14	0.99838
122	14	0.9981
123	14	0.99829
124	14	0.99845
125	14	0.99843
128	14	0.99851
130	14	0.99863
131	14	0.99505
132	14	0.99914
133	14	0.99766
134	14	0.99172
136	14	0.9975
137	14	0.99871
139	14	0.99892
141	14	0.99568
143	14	0.9898
144	14	0.99676
146	14	0.99345
147	14	0.98679
148	14	0.99618
150	14	0.99739
2	15	0.99839
6	15	0.99684
7	15	0.99312
9	15	0.88097
10	15	0.95223
12	15	0.98782
13	15	0.99726
19	15	0.99439
20	15	0.99313
21	15	0.95732
23	15	0.99019
25	15	0.99661
27	15	0.99656
28	15	0.98164
29	15	0.93414
30	15	0.99041
31	15	0.99234
33	15	0.98795
34	15	0.9969
36	15	0.99081
37	15	0.98825
38	15	0.99646
39	15	0.99719
40	15	0.98477
42	15	0.99579
43	15	0.9909
44	15	0.993
45	15	0.99062
46	15	0.99539
48	15	0.99175
52	15	0.99179
54	15	0.99319
55	15	0.99077
56	15	0.98151
57	15	0.98574
58	15	0.99312
60	15	0.99097
62	15	0.99055
63	15	0.9943
65	15	0.99356
70	15	0.99496
73	15	0.99018
74	15	0.99488
75	15	0.99011
76	15	0.9905
81	15	0.99353
85	15	0.99264
87	15	0.99024
89	15	0.99183
93	15	0.99112
95	15	0.99249
96	15	0.99272
100	15	0.99445
102	15	0.98428
107	15	0.99767
108	15	0.9904
115	15	0.99351
117	15	0.99284
118	15	0.96503
121	15	0.99306
127	15	0.99194
135	15	0.99205
138	15	0.99484
3	16	0.97475
4	16	0.89774
5	16	0.93863
6	16	0.92807
7	16	0.94608
8	16	0.94562
9	16	0.85597
10	16	0.96268
11	16	0.93432
12	16	0.94254
13	16	0.92925
14	16	0.92885
17	16	0.93741
18	16	0.1945
22	16	0.93091
24	16	0.95263
25	16	0.92785
26	16	0.16801
31	16	0.92765
37	16	0.96388
41	16	0.93798
45	16	0.93738
46	16	0.93719
48	16	0.93133
49	16	0.931
50	16	0.92793
53	16	0.93075
54	16	0.92728
56	16	0.96121
57	16	0.94199
65	16	0.93692
67	16	0.92759
73	16	0.93954
78	16	0.94488
80	16	0.9417
84	16	0.9275
88	16	0.92757
93	16	0.93336
96	16	0.93696
98	16	0.93143
99	16	0.93737
101	16	0.58521
103	16	0.93862
109	16	0.93464
110	16	0.93317
112	16	0.93437
114	16	0.94467
120	16	0.92779
132	16	0.93166
134	16	0.95409
138	16	0.92942
140	16	0.38089
141	16	0.93252
143	16	0.96644
146	16	0.92749
148	16	0.93551
4	17	0.98734
5	17	0.96643
7	17	0.92931
9	17	0.8666
10	17	0.92482
11	17	0.92704
12	17	0.96392
16	17	0.93741
18	17	0.40684
19	17	0.92222
22	17	0.92574
24	17	0.94488
26	17	0.39349
28	17	0.93587
29	17	0.91472
31	17	0.92306
35	17	0.92957
36	17	0.92539
37	17	0.95408
41	17	0.92151
43	17	0.9243
44	17	0.92028
45	17	0.92256
46	17	0.92649
47	17	0.95397
48	17	0.93745
50	17	0.93376
52	17	0.92802
56	17	0.92103
57	17	0.93609
73	17	0.92288
74	17	0.93062
80	17	0.95983
84	17	0.92346
93	17	0.92891
96	17	0.93846
99	17	0.92019
101	17	0.76951
102	17	0.91985
103	17	0.93019
107	17	0.92039
109	17	0.94302
110	17	0.92878
112	17	0.94607
113	17	0.92626
114	17	0.94275
116	17	0.92784
131	17	0.92045
132	17	0.92037
134	17	0.92036
140	17	0.59187
141	17	0.92575
143	17	0.9266
146	17	0.93904
147	17	0.93936
148	17	0.9261
4	18	0.49297
5	18	0.27551
12	18	0.21476
16	18	0.1945
17	18	0.40684
24	18	0.12093
26	18	0.99829
28	18	0.12144
29	18	0.18403
32	18	0.10516
35	18	0.21403
37	18	0.16857
47	18	0.35637
48	18	0.14109
49	18	0.10648
50	18	0.15548
52	18	0.10303
57	18	0.1123
66	18	0.10139
72	18	0.10514
77	18	0.10138
78	18	0.11225
80	18	0.27196
83	18	0.11625
84	18	0.12461
87	18	0.10941
93	18	0.12684
95	18	0.10952
96	18	0.12692
101	18	0.88298
103	18	0.12166
104	18	0.10908
109	18	0.16216
110	18	0.11905
111	18	0.10292
112	18	0.13736
113	18	0.12076
114	18	0.15944
116	18	0.14654
119	18	0.10289
124	18	0.1008
132	18	0.11131
136	18	0.12598
140	18	0.97203
143	18	0.12797
144	18	0.15199
146	18	0.19296
147	18	0.24571
148	18	0.10531
150	18	0.1051
2	19	0.99231
6	19	0.99035
7	19	0.98947
9	19	0.91183
10	19	0.96027
12	19	0.98561
13	19	0.99319
15	19	0.99439
17	19	0.92222
20	19	0.98889
21	19	0.97658
22	19	0.99224
23	19	0.9874
24	19	0.99019
25	19	0.99019
28	19	0.98838
29	19	0.93935
31	19	0.99486
33	19	0.98869
34	19	0.99278
36	19	0.99587
37	19	0.98429
38	19	0.99276
39	19	0.99015
40	19	0.99125
42	19	0.98851
43	19	0.99329
44	19	0.99183
45	19	0.98801
46	19	0.99537
48	19	0.98991
52	19	0.99425
53	19	0.9874
54	19	0.99023
56	19	0.98169
57	19	0.98783
58	19	0.98813
60	19	0.98833
62	19	0.98836
63	19	0.99097
70	19	0.9879
74	19	0.99696
81	19	0.98857
85	19	0.98878
88	19	0.98756
92	19	0.98724
93	19	0.98927
95	19	0.9873
96	19	0.99319
100	19	0.99047
102	19	0.98785
107	19	0.993
112	19	0.98788
117	19	0.98761
118	19	0.94201
131	19	0.98939
135	19	0.98967
141	19	0.99067
148	19	0.98784
149	19	0.97433
2	20	0.98955
5	20	0.98104
6	20	0.99078
7	20	0.99554
12	20	0.98618
13	20	0.9929
14	20	0.99732
15	20	0.99313
19	20	0.98889
22	20	0.99473
23	20	0.9985
25	20	0.99828
27	20	0.99659
30	20	0.99866
31	20	0.99718
32	20	0.99755
34	20	0.98582
35	20	0.99016
36	20	0.99451
37	20	0.98251
38	20	0.99861
39	20	0.99347
40	20	0.97005
42	20	0.98029
44	20	0.99777
45	20	0.99762
46	20	0.98594
48	20	0.99622
50	20	0.99622
51	20	0.99723
52	20	0.99405
53	20	0.99842
55	20	0.99915
56	20	0.98353
58	20	0.99932
59	20	0.99753
60	20	0.9969
61	20	0.99839
62	20	0.99904
63	20	0.99444
64	20	0.99829
65	20	0.99132
68	20	0.99729
69	20	0.99807
70	20	0.99581
71	20	0.99709
74	20	0.99349
75	20	0.99911
76	20	0.99853
78	20	0.99549
79	20	0.99807
80	20	0.98207
81	20	0.99729
82	20	0.99788
84	20	0.99881
85	20	0.99983
86	20	0.99763
87	20	0.99891
89	20	0.99702
90	20	0.99769
91	20	0.99753
92	20	0.99824
93	20	0.99844
94	20	0.99733
95	20	0.99908
96	20	0.99589
97	20	0.99834
98	20	0.99741
100	20	0.99938
103	20	0.99627
106	20	0.99823
107	20	0.99595
108	20	0.99903
110	20	0.99778
111	20	0.9988
114	20	0.99544
115	20	0.9889
116	20	0.99645
117	20	0.99747
118	20	0.93915
121	20	0.99752
123	20	0.99831
127	20	0.99709
132	20	0.99705
137	20	0.99776
138	20	0.99662
139	20	0.99754
141	20	0.99552
144	20	0.99624
148	20	0.99642
2	21	0.95988
6	21	0.95044
7	21	0.94422
9	21	0.96123
10	21	0.94558
11	21	0.95193
12	21	0.94961
13	21	0.95235
15	21	0.95732
19	21	0.97658
22	21	0.9568
24	21	0.95658
25	21	0.93985
28	21	0.98063
29	21	0.96518
31	21	0.95476
33	21	0.97827
34	21	0.96577
36	21	0.96388
37	21	0.94948
38	21	0.94842
39	21	0.94634
40	21	0.97835
42	21	0.95904
43	21	0.95653
44	21	0.94631
45	21	0.93748
46	21	0.9653
48	21	0.94466
52	21	0.96245
54	21	0.94717
57	21	0.96225
63	21	0.9467
70	21	0.93857
73	21	0.94301
74	21	0.967
81	21	0.93945
88	21	0.9381
93	21	0.94102
96	21	0.95206
100	21	0.94251
102	21	0.9796
107	21	0.95127
112	21	0.9552
126	21	0.93939
131	21	0.94506
135	21	0.94335
141	21	0.94745
148	21	0.93924
149	21	0.95952
2	22	0.98716
7	22	0.99327
9	22	0.87596
14	22	0.99123
16	22	0.93091
17	22	0.92574
19	22	0.99224
20	22	0.99473
21	22	0.9568
23	22	0.99228
24	22	0.98654
25	22	0.99114
28	22	0.96744
29	22	0.91067
30	22	0.99225
31	22	0.99683
33	22	0.96845
34	22	0.98413
36	22	0.99827
37	22	0.98333
38	22	0.9951
40	22	0.97257
43	22	0.99186
44	22	0.99361
45	22	0.99376
48	22	0.99272
52	22	0.99678
53	22	0.99559
55	22	0.99231
58	22	0.9928
62	22	0.99471
71	22	0.99303
74	22	0.99509
75	22	0.99335
81	22	0.99133
84	22	0.99294
85	22	0.99444
86	22	0.99152
87	22	0.99267
88	22	0.99093
91	22	0.99203
92	22	0.99234
93	22	0.99551
95	22	0.99246
96	22	0.99392
97	22	0.99257
100	22	0.99487
103	22	0.9913
106	22	0.99429
107	22	0.99148
108	22	0.99215
110	22	0.99425
111	22	0.99145
113	22	0.9918
114	22	0.99316
116	22	0.99242
131	22	0.99113
132	22	0.9922
139	22	0.99154
141	22	0.99526
142	22	0.99105
148	22	0.99317
149	22	0.98078
5	23	0.98042
13	23	0.99213
14	23	0.99772
15	23	0.99019
19	23	0.9874
20	23	0.9985
22	23	0.99228
25	23	0.99648
27	23	0.99391
30	23	0.99878
31	23	0.99714
36	23	0.99358
38	23	0.99687
41	23	0.99768
43	23	0.99501
44	23	0.99828
45	23	0.99722
48	23	0.99643
50	23	0.99647
51	23	0.99748
52	23	0.99218
53	23	0.9981
54	23	0.99152
55	23	0.99897
56	23	0.98238
58	23	0.99864
59	23	0.99819
60	23	0.99782
61	23	0.99914
62	23	0.99931
63	23	0.99487
64	23	0.99816
66	23	0.99731
67	23	0.99766
68	23	0.99838
69	23	0.99845
70	23	0.9955
71	23	0.99829
72	23	0.9961
75	23	0.99883
76	23	0.99801
77	23	0.99723
78	23	0.99555
81	23	0.99739
82	23	0.99774
83	23	0.99788
84	23	0.99815
85	23	0.99838
86	23	0.99831
87	23	0.99923
88	23	0.99757
89	23	0.99771
90	23	0.99877
91	23	0.999
92	23	0.99941
93	23	0.99697
94	23	0.99785
95	23	0.99869
96	23	0.99618
97	23	0.99859
98	23	0.99781
99	23	0.99744
100	23	0.99765
103	23	0.99701
104	23	0.99577
105	23	0.94182
106	23	0.99885
107	23	0.99497
108	23	0.99934
109	23	0.99122
110	23	0.99794
111	23	0.99848
113	23	0.99764
116	23	0.99656
117	23	0.99772
119	23	0.99646
120	23	0.99834
121	23	0.99831
122	23	0.99738
123	23	0.9985
124	23	0.99623
125	23	0.99808
126	23	0.99753
127	23	0.99823
128	23	0.99739
129	23	0.9986
130	23	0.99785
131	23	0.9967
132	23	0.99746
133	23	0.99612
134	23	0.99182
135	23	0.99742
136	23	0.99662
137	23	0.99803
138	23	0.99586
139	23	0.99877
141	23	0.99696
142	23	0.99867
145	23	0.99529
146	23	0.99355
148	23	0.99728
149	23	0.96675
150	23	0.99562
3	24	0.9224
4	24	0.91631
5	24	0.9804
7	24	0.99005
9	24	0.90343
10	24	0.97607
11	24	0.99241
12	24	0.98842
13	24	0.98887
16	24	0.95263
17	24	0.94488
18	24	0.12093
19	24	0.99019
21	24	0.95658
22	24	0.98654
26	24	0.10783
28	24	0.98041
29	24	0.91805
31	24	0.99234
33	24	0.974
36	24	0.98947
37	24	0.98716
40	24	0.98016
41	24	0.9905
43	24	0.99178
44	24	0.98986
45	24	0.99005
46	24	0.9908
48	24	0.9907
52	24	0.98643
53	24	0.9878
54	24	0.98984
56	24	0.99055
57	24	0.99051
60	24	0.98903
62	24	0.9879
63	24	0.98996
67	24	0.98712
73	24	0.98913
74	24	0.99044
81	24	0.98662
84	24	0.98722
88	24	0.98963
92	24	0.9866
93	24	0.98889
96	24	0.99453
97	24	0.98711
98	24	0.98925
99	24	0.9921
101	24	0.56295
102	24	0.97684
103	24	0.9904
105	24	0.94707
106	24	0.98658
107	24	0.9874
109	24	0.99039
110	24	0.98932
111	24	0.98711
112	24	0.99126
113	24	0.98874
114	24	0.99017
126	24	0.98886
131	24	0.99261
134	24	0.99166
135	24	0.98729
140	24	0.33835
141	24	0.99284
148	24	0.99202
149	24	0.96855
2	25	0.99378
6	25	0.9962
7	25	0.99674
12	25	0.98733
13	25	0.99672
15	25	0.99661
16	25	0.92785
19	25	0.99019
20	25	0.99828
21	25	0.93985
22	25	0.99114
23	25	0.99648
27	25	0.99894
28	25	0.97092
29	25	0.90645
30	25	0.99733
32	25	0.99622
33	25	0.97513
34	25	0.98947
35	25	0.98816
36	25	0.99185
37	25	0.98576
38	25	0.99865
39	25	0.99773
40	25	0.97383
42	25	0.98788
44	25	0.99752
45	25	0.99701
46	25	0.99064
48	25	0.99581
52	25	0.99153
54	25	0.99442
55	25	0.99737
56	25	0.9841
57	25	0.98084
58	25	0.99857
59	25	0.99647
60	25	0.99602
61	25	0.99696
62	25	0.99684
63	25	0.99673
64	25	0.99748
65	25	0.99649
69	25	0.99598
70	25	0.99852
73	25	0.99263
74	25	0.99338
75	25	0.99696
76	25	0.9971
79	25	0.99744
81	25	0.99744
84	25	0.9962
85	25	0.9983
87	25	0.99729
89	25	0.99787
92	25	0.99685
93	25	0.9956
95	25	0.99845
96	25	0.99553
97	25	0.99588
98	25	0.9967
100	25	0.9985
102	25	0.97383
107	25	0.99837
108	25	0.9974
110	25	0.99594
111	25	0.99675
112	25	0.98776
115	25	0.9953
117	25	0.99831
118	25	0.95565
121	25	0.99792
123	25	0.99668
127	25	0.99769
129	25	0.99626
134	25	0.99207
135	25	0.99667
137	25	0.99611
138	25	0.99901
145	25	0.99465
4	26	0.48167
5	26	0.26566
12	26	0.20549
16	26	0.16801
17	26	0.39349
18	26	0.99829
24	26	0.10783
28	26	0.11375
29	26	0.17878
32	26	0.0951
35	26	0.20754
37	26	0.1548
47	26	0.34622
48	26	0.13225
49	26	0.09391
50	26	0.14683
52	26	0.09732
57	26	0.1002
66	26	0.09336
72	26	0.09653
77	26	0.0929
78	26	0.09941
80	26	0.26121
82	26	0.09263
83	26	0.10634
84	26	0.11616
87	26	0.10051
93	26	0.11803
95	26	0.10101
96	26	0.11722
101	26	0.87967
103	26	0.11064
104	26	0.0988
109	26	0.15101
110	26	0.10955
111	26	0.09414
112	26	0.12715
113	26	0.1126
114	26	0.14861
116	26	0.13816
119	26	0.09476
132	26	0.10112
136	26	0.11672
140	26	0.97039
143	26	0.11086
144	26	0.14425
146	26	0.18325
147	26	0.23716
148	26	0.09502
150	26	0.09718
2	27	0.9944
6	27	0.9955
7	27	0.99406
13	27	0.99495
15	27	0.99656
20	27	0.99659
23	27	0.99391
25	27	0.99894
28	27	0.96671
29	27	0.9059
30	27	0.99557
32	27	0.99496
33	27	0.9733
34	27	0.99025
35	27	0.98948
37	27	0.98368
38	27	0.99736
39	27	0.99743
40	27	0.96999
42	27	0.98892
44	27	0.99444
45	27	0.99373
46	27	0.98794
54	27	0.99151
55	27	0.99566
58	27	0.99721
59	27	0.99502
61	27	0.99553
62	27	0.99398
63	27	0.99414
64	27	0.99659
65	27	0.99598
69	27	0.99465
70	27	0.99766
75	27	0.99532
76	27	0.99669
79	27	0.9973
81	27	0.99586
82	27	0.99483
84	27	0.99363
85	27	0.99631
87	27	0.99503
89	27	0.99633
90	27	0.9937
92	27	0.99404
95	27	0.99684
98	27	0.99357
100	27	0.99695
107	27	0.99706
108	27	0.99558
111	27	0.99442
115	27	0.99607
117	27	0.99675
118	27	0.96206
121	27	0.99664
123	27	0.99544
127	27	0.99568
129	27	0.99428
135	27	0.99413
137	27	0.99421
138	27	0.99804
2	28	0.98209
4	28	0.90615
6	28	0.97951
7	28	0.97109
9	28	0.94044
10	28	0.96135
11	28	0.9714
12	28	0.98057
13	28	0.98158
15	28	0.98164
17	28	0.93587
18	28	0.12144
19	28	0.98838
21	28	0.98063
22	28	0.96744
24	28	0.98041
25	28	0.97092
26	28	0.11375
27	28	0.96671
29	28	0.96872
31	28	0.9736
33	28	0.99286
34	28	0.98467
36	28	0.97467
37	28	0.97726
38	28	0.97147
39	28	0.97652
40	28	0.99056
42	28	0.98565
43	28	0.97626
44	28	0.97153
46	28	0.99132
48	28	0.97278
52	28	0.97505
54	28	0.97914
56	28	0.96665
57	28	0.98787
60	28	0.96634
63	28	0.97592
65	28	0.96914
70	28	0.97011
73	28	0.97165
74	28	0.98194
93	28	0.96615
96	28	0.97678
100	28	0.96763
101	28	0.55395
102	28	0.99139
107	28	0.9774
109	28	0.96961
112	28	0.98155
115	28	0.96818
117	28	0.96695
118	28	0.94817
131	28	0.96816
135	28	0.97012
138	28	0.96707
140	28	0.33396
141	28	0.96732
2	29	0.9391
5	29	0.90513
6	29	0.92283
7	29	0.9074
9	29	0.94993
10	29	0.91059
11	29	0.89867
12	29	0.93606
13	29	0.92346
15	29	0.93414
17	29	0.91472
18	29	0.18403
19	29	0.93935
21	29	0.96518
22	29	0.91067
24	29	0.91805
25	29	0.90645
26	29	0.17878
27	29	0.9059
28	29	0.96872
31	29	0.90745
33	29	0.9653
34	29	0.94905
36	29	0.91574
37	29	0.93665
38	29	0.91041
39	29	0.91595
40	29	0.95916
42	29	0.94952
43	29	0.90873
44	29	0.9017
46	29	0.94492
48	29	0.90787
52	29	0.92118
54	29	0.91442
56	29	0.90704
57	29	0.94291
63	29	0.91003
65	29	0.90436
70	29	0.90294
73	29	0.90575
74	29	0.92897
93	29	0.90346
96	29	0.91388
100	29	0.90252
101	29	0.57219
102	29	0.95684
107	29	0.91808
112	29	0.92068
115	29	0.9069
118	29	0.9194
135	29	0.89845
138	29	0.90033
140	29	0.37377
2	30	0.98707
5	30	0.98052
6	30	0.9912
7	30	0.99575
8	30	0.99399
11	30	0.98755
13	30	0.99183
14	30	0.99822
15	30	0.99041
20	30	0.99866
22	30	0.99225
23	30	0.99878
25	30	0.99733
27	30	0.99557
31	30	0.99623
32	30	0.99847
35	30	0.98845
36	30	0.99267
38	30	0.99738
39	30	0.99383
41	30	0.99761
43	30	0.9944
44	30	0.99835
45	30	0.99833
48	30	0.99712
49	30	0.98993
50	30	0.99729
51	30	0.99844
52	30	0.99237
53	30	0.99866
55	30	0.99926
58	30	0.99932
59	30	0.99931
60	30	0.99595
61	30	0.99938
62	30	0.99914
63	30	0.99477
64	30	0.99885
65	30	0.99238
66	30	0.99823
67	30	0.99818
68	30	0.99867
69	30	0.99887
70	30	0.99706
71	30	0.99859
72	30	0.99715
73	30	0.99234
74	30	0.99221
75	30	0.99967
76	30	0.99902
77	30	0.99769
78	30	0.99598
79	30	0.9986
80	30	0.98141
81	30	0.99813
82	30	0.99849
83	30	0.99865
84	30	0.99785
85	30	0.99866
86	30	0.99922
87	30	0.99954
88	30	0.99801
89	30	0.99889
90	30	0.99942
91	30	0.99945
92	30	0.9994
93	30	0.99639
94	30	0.9987
95	30	0.99951
96	30	0.99576
97	30	0.99878
98	30	0.99849
99	30	0.99665
100	30	0.99858
103	30	0.99716
104	30	0.99623
106	30	0.99897
107	30	0.99602
108	30	0.99976
109	30	0.99181
110	30	0.99884
111	30	0.99822
113	30	0.99812
114	30	0.99589
115	30	0.99007
116	30	0.99689
117	30	0.99895
118	30	0.93847
119	30	0.99723
120	30	0.99834
121	30	0.99893
122	30	0.99767
123	30	0.99942
124	30	0.99683
125	30	0.99873
126	30	0.99753
127	30	0.9988
128	30	0.99731
129	30	0.99915
130	30	0.99811
131	30	0.99575
132	30	0.99848
133	30	0.99703
135	30	0.99794
136	30	0.99702
137	30	0.99946
138	30	0.99727
139	30	0.99908
141	30	0.99589
142	30	0.99911
143	30	0.98424
144	30	0.99574
145	30	0.9957
146	30	0.99355
148	30	0.99611
149	30	0.9662
150	30	0.99646
2	31	0.98878
6	31	0.99065
7	31	0.9955
9	31	0.87625
10	31	0.95459
11	31	0.99187
12	31	0.98743
13	31	0.99363
15	31	0.99234
16	31	0.92765
17	31	0.92306
19	31	0.99486
20	31	0.99718
21	31	0.95476
22	31	0.99683
23	31	0.99714
24	31	0.99234
28	31	0.9736
29	31	0.90745
30	31	0.99623
33	31	0.97305
34	31	0.98606
36	31	0.99866
37	31	0.98384
38	31	0.99724
40	31	0.97776
41	31	0.99596
42	31	0.97964
43	31	0.99717
44	31	0.99861
45	31	0.99736
46	31	0.98957
48	31	0.99689
52	31	0.99703
53	31	0.99784
54	31	0.9923
55	31	0.99663
56	31	0.98518
57	31	0.98183
58	31	0.99665
60	31	0.99609
62	31	0.99819
63	31	0.9952
71	31	0.99639
73	31	0.99185
74	31	0.99741
75	31	0.99619
81	31	0.99642
84	31	0.99652
85	31	0.99735
87	31	0.99686
88	31	0.99684
91	31	0.99648
92	31	0.99734
93	31	0.99707
95	31	0.99659
96	31	0.99816
97	31	0.99695
98	31	0.99668
99	31	0.99625
100	31	0.99756
102	31	0.9754
103	31	0.99576
105	31	0.94287
106	31	0.99771
107	31	0.9959
108	31	0.99628
110	31	0.99736
111	31	0.9964
112	31	0.99018
113	31	0.99702
117	31	0.99586
126	31	0.99681
127	31	0.99566
131	31	0.99752
135	31	0.99678
139	31	0.99556
141	31	0.99854
142	31	0.99641
148	31	0.99746
149	31	0.97752
5	32	0.98044
8	32	0.99478
14	32	0.99844
18	32	0.10516
20	32	0.99755
25	32	0.99622
26	32	0.0951
27	32	0.99496
30	32	0.99847
35	32	0.99012
41	32	0.99681
47	32	0.96418
49	32	0.99063
51	32	0.99915
55	32	0.99794
58	32	0.9976
59	32	0.99863
61	32	0.99854
62	32	0.99732
64	32	0.99914
65	32	0.99195
66	32	0.99847
67	32	0.99748
68	32	0.9983
69	32	0.99932
72	32	0.99849
75	32	0.99812
76	32	0.99826
77	32	0.99753
78	32	0.9983
79	32	0.99935
80	32	0.98341
82	32	0.9992
83	32	0.99915
84	32	0.99732
85	32	0.99776
86	32	0.99842
87	32	0.99851
90	32	0.99836
91	32	0.99765
92	32	0.99748
94	32	0.99877
95	32	0.99833
97	32	0.99799
98	32	0.99744
101	32	0.55534
103	32	0.99592
104	32	0.99905
108	32	0.99853
111	32	0.99765
114	32	0.99501
115	32	0.98903
116	32	0.99611
119	32	0.99812
120	32	0.99858
122	32	0.99694
123	32	0.99883
124	32	0.99824
125	32	0.99837
128	32	0.99751
129	32	0.9979
130	32	0.99789
132	32	0.99793
133	32	0.99835
134	32	0.99211
136	32	0.99758
137	32	0.9986
138	32	0.99621
139	32	0.99805
140	32	0.32794
143	32	0.98779
144	32	0.9968
146	32	0.99358
147	32	0.98791
150	32	0.99786
2	33	0.98784
6	33	0.98504
7	33	0.97378
9	33	0.92669
10	33	0.96366
11	33	0.96815
12	33	0.97387
13	33	0.98553
15	33	0.98795
19	33	0.98869
21	33	0.97827
22	33	0.96845
24	33	0.974
25	33	0.97513
27	33	0.9733
28	33	0.99286
29	33	0.9653
31	33	0.97305
34	33	0.98938
36	33	0.97355
37	33	0.97903
38	33	0.97521
39	33	0.98196
40	33	0.99103
42	33	0.99383
43	33	0.97667
44	33	0.972
46	33	0.99198
48	33	0.97002
52	33	0.97357
54	33	0.98152
57	33	0.98788
60	33	0.96787
63	33	0.97889
65	33	0.97591
70	33	0.9747
73	33	0.97257
74	33	0.98165
81	33	0.97044
89	33	0.96745
96	33	0.97503
100	33	0.96993
102	33	0.99499
107	33	0.98149
112	33	0.97747
115	33	0.97707
117	33	0.96877
118	33	0.96545
121	33	0.96915
127	33	0.96864
131	33	0.96686
135	33	0.9706
138	33	0.97315
145	33	0.96938
2	34	0.99758
6	34	0.99115
7	34	0.98482
9	34	0.89625
12	34	0.98428
13	34	0.99236
15	34	0.9969
19	34	0.99278
20	34	0.98582
21	34	0.96577
22	34	0.98413
25	34	0.98947
27	34	0.99025
28	34	0.98467
29	34	0.94905
31	34	0.98606
33	34	0.98938
36	34	0.98684
38	34	0.99072
39	34	0.99153
40	34	0.98818
42	34	0.99611
43	34	0.98371
44	34	0.9858
46	34	0.99326
48	34	0.98443
52	34	0.99029
54	34	0.98707
55	34	0.9827
57	34	0.98165
58	34	0.98552
60	34	0.98339
62	34	0.98218
63	34	0.98813
65	34	0.98389
70	34	0.98701
73	34	0.98345
74	34	0.99248
76	34	0.98253
81	34	0.98523
85	34	0.98509
89	34	0.98289
93	34	0.98443
95	34	0.98406
96	34	0.98561
100	34	0.98819
102	34	0.9851
107	34	0.99209
115	34	0.98541
117	34	0.98442
118	34	0.96193
121	34	0.98408
127	34	0.98295
135	34	0.98455
138	34	0.98541
4	35	0.9233
5	35	0.99051
12	35	0.98726
17	35	0.92957
18	35	0.21403
20	35	0.99016
25	35	0.98816
26	35	0.20754
27	35	0.98948
30	35	0.98845
32	35	0.99012
38	35	0.98805
47	35	0.98194
48	35	0.98915
50	35	0.99249
51	35	0.98969
55	35	0.98952
58	35	0.98971
59	35	0.98873
61	35	0.98932
62	35	0.9881
64	35	0.99061
66	35	0.98916
68	35	0.9887
69	35	0.99017
72	35	0.98915
75	35	0.98972
76	35	0.99088
79	35	0.991
80	35	0.99327
82	35	0.99105
83	35	0.98969
84	35	0.99205
85	35	0.98994
87	35	0.98992
90	35	0.98815
93	35	0.99094
94	35	0.98858
95	35	0.99074
100	35	0.98947
101	35	0.64368
104	35	0.98921
108	35	0.98927
110	35	0.98823
111	35	0.98964
113	35	0.9879
114	35	0.98985
116	35	0.99144
119	35	0.98871
123	35	0.99005
125	35	0.98773
136	35	0.98865
137	35	0.98831
140	35	0.43007
144	35	0.99519
146	35	0.99178
147	35	0.99346
150	35	0.9895
2	36	0.98859
7	36	0.99246
9	36	0.88548
10	36	0.95115
11	36	0.98914
12	36	0.98645
15	36	0.99081
17	36	0.92539
19	36	0.99587
20	36	0.99451
21	36	0.96388
22	36	0.99827
23	36	0.99358
24	36	0.98947
25	36	0.99185
28	36	0.97467
29	36	0.91574
30	36	0.99267
31	36	0.99866
33	36	0.97355
34	36	0.98684
38	36	0.99585
40	36	0.97856
42	36	0.978
43	36	0.99505
44	36	0.99578
45	36	0.99388
46	36	0.98719
48	36	0.99458
52	36	0.99853
53	36	0.99525
55	36	0.99335
57	36	0.97875
58	36	0.9937
62	36	0.9953
71	36	0.99367
74	36	0.998
75	36	0.99328
81	36	0.99297
84	36	0.99323
85	36	0.99445
87	36	0.99334
88	36	0.9928
91	36	0.99274
92	36	0.9938
93	36	0.9952
95	36	0.99309
96	36	0.99611
97	36	0.9932
98	36	0.99198
100	36	0.99548
102	36	0.97594
103	36	0.99198
106	36	0.99497
107	36	0.99323
108	36	0.99261
110	36	0.99436
111	36	0.99227
113	36	0.99378
114	36	0.99206
117	36	0.99196
121	36	0.99174
126	36	0.99343
131	36	0.99404
135	36	0.99359
141	36	0.99633
142	36	0.99302
148	36	0.99422
149	36	0.98267
2	37	0.98484
3	37	0.92542
4	37	0.92844
5	37	0.98218
6	37	0.98786
7	37	0.9921
9	37	0.88726
10	37	0.97013
12	37	0.9932
13	37	0.98663
15	37	0.98825
16	37	0.96388
17	37	0.95408
18	37	0.16857
19	37	0.98429
20	37	0.98251
21	37	0.94948
22	37	0.98333
24	37	0.98716
25	37	0.98576
26	37	0.1548
27	37	0.98368
28	37	0.97726
29	37	0.93665
31	37	0.98384
33	37	0.97903
38	37	0.98392
39	37	0.98355
40	37	0.97291
41	37	0.9828
42	37	0.98122
44	37	0.9825
45	37	0.98521
46	37	0.98894
48	37	0.98753
50	37	0.98341
52	37	0.98243
53	37	0.98292
56	37	0.98254
57	37	0.98327
63	37	0.98409
65	37	0.98648
70	37	0.98308
73	37	0.98767
74	37	0.98748
78	37	0.98292
80	37	0.98281
81	37	0.9855
85	37	0.98258
93	37	0.9857
95	37	0.98292
96	37	0.98944
98	37	0.98236
99	37	0.98346
100	37	0.98401
101	37	0.59765
102	37	0.97451
103	37	0.98635
107	37	0.98743
109	37	0.98415
110	37	0.98444
112	37	0.98661
114	37	0.98786
115	37	0.9827
118	37	0.95394
134	37	0.98494
138	37	0.98542
140	37	0.37917
148	37	0.98315
2	38	0.99472
6	38	0.99477
7	38	0.99551
9	38	0.85934
12	38	0.98732
13	38	0.99497
15	38	0.99646
19	38	0.99276
20	38	0.99861
21	38	0.94842
22	38	0.9951
23	38	0.99687
25	38	0.99865
27	38	0.99736
28	38	0.97147
29	38	0.91041
30	38	0.99738
31	38	0.99724
33	38	0.97521
34	38	0.99072
35	38	0.98805
36	38	0.99585
37	38	0.98392
39	38	0.99664
40	38	0.97475
42	38	0.98651
43	38	0.99472
44	38	0.998
45	38	0.99629
46	38	0.98894
48	38	0.99636
52	38	0.99562
53	38	0.99644
54	38	0.99179
55	38	0.99758
57	38	0.97889
58	38	0.99889
59	38	0.99589
61	38	0.99682
62	38	0.99749
63	38	0.99506
64	38	0.99662
65	38	0.99243
70	38	0.99718
74	38	0.99587
75	38	0.99777
76	38	0.99682
79	38	0.99596
81	38	0.99692
84	38	0.9962
85	38	0.99833
87	38	0.99728
89	38	0.99707
90	38	0.99583
91	38	0.99581
92	38	0.99707
93	38	0.99642
95	38	0.99824
96	38	0.99601
100	38	0.99912
102	38	0.97507
106	38	0.99626
107	38	0.99803
108	38	0.99749
110	38	0.99623
111	38	0.996
115	38	0.99178
117	38	0.99782
118	38	0.94893
121	38	0.99773
123	38	0.9964
127	38	0.99727
135	38	0.99692
137	38	0.9957
138	38	0.99729
142	38	0.99618
149	38	0.96934
2	39	0.99625
6	39	0.99863
7	39	0.99371
9	39	0.8598
12	39	0.98585
13	39	0.99757
15	39	0.99719
19	39	0.99015
20	39	0.99347
21	39	0.94634
25	39	0.99773
27	39	0.99743
28	39	0.97652
29	39	0.91595
30	39	0.99383
33	39	0.98196
34	39	0.99153
37	39	0.98355
38	39	0.99664
40	39	0.97536
42	39	0.99252
43	39	0.99362
44	39	0.99562
45	39	0.99265
46	39	0.99146
48	39	0.99343
54	39	0.99538
55	39	0.99297
57	39	0.98306
58	39	0.99543
59	39	0.99273
61	39	0.99329
63	39	0.99683
64	39	0.99345
65	39	0.99646
70	39	0.99871
73	39	0.99123
74	39	0.99276
75	39	0.99279
76	39	0.99318
79	39	0.99283
81	39	0.99519
85	39	0.99333
87	39	0.99289
88	39	0.99273
89	39	0.9967
92	39	0.99327
95	39	0.99504
96	39	0.99305
98	39	0.99241
100	39	0.99514
102	39	0.98226
105	39	0.9408
107	39	0.99864
108	39	0.99346
112	39	0.99035
115	39	0.99769
117	39	0.99695
118	39	0.9656
121	39	0.99657
123	39	0.99233
127	39	0.99653
129	39	0.9936
135	39	0.99583
138	39	0.99767
142	39	0.99307
145	39	0.9949
2	40	0.98105
6	40	0.97505
7	40	0.97001
9	40	0.93875
10	40	0.95342
12	40	0.97396
13	40	0.98452
15	40	0.98477
19	40	0.99125
20	40	0.97005
21	40	0.97835
22	40	0.97257
24	40	0.98016
25	40	0.97383
27	40	0.96999
28	40	0.99056
29	40	0.95916
31	40	0.97776
33	40	0.99103
34	40	0.98818
36	40	0.97856
37	40	0.97291
38	40	0.97475
39	40	0.97536
42	40	0.98634
43	40	0.97547
44	40	0.97333
46	40	0.99284
48	40	0.97022
52	40	0.97847
54	40	0.98231
56	40	0.97782
57	40	0.98708
60	40	0.97561
63	40	0.9791
70	40	0.9691
73	40	0.96982
74	40	0.98353
81	40	0.97021
85	40	0.96971
93	40	0.97221
96	40	0.97723
99	40	0.96982
100	40	0.97144
102	40	0.98597
107	40	0.9777
111	40	0.9684
112	40	0.97038
131	40	0.96945
134	40	0.96868
135	40	0.96968
141	40	0.97033
148	40	0.97153
3	41	0.90872
4	41	0.90061
5	41	0.98148
7	41	0.99551
8	41	0.99632
10	41	0.95578
11	41	0.99137
14	41	0.9978
16	41	0.93798
17	41	0.92151
23	41	0.99768
24	41	0.9905
30	41	0.99761
31	41	0.99596
32	41	0.99681
37	41	0.9828
43	41	0.99446
44	41	0.99702
45	41	0.99838
48	41	0.996
49	41	0.99211
53	41	0.99803
54	41	0.99171
56	41	0.98637
60	41	0.99644
61	41	0.99654
62	41	0.99798
63	41	0.99482
67	41	0.9986
69	41	0.99653
71	41	0.9967
73	41	0.99315
75	41	0.99645
78	41	0.99767
80	41	0.98186
81	41	0.99696
83	41	0.99756
84	41	0.99662
86	41	0.99728
87	41	0.99786
88	41	0.99784
90	41	0.99686
91	41	0.9985
92	41	0.99797
93	41	0.99545
94	41	0.99645
95	41	0.99705
96	41	0.99645
97	41	0.99831
98	41	0.99858
99	41	0.99931
103	41	0.99868
105	41	0.94441
106	41	0.998
108	41	0.99733
109	41	0.99378
110	41	0.99827
111	41	0.99725
112	41	0.9886
113	41	0.99695
114	41	0.99653
120	41	0.99907
122	41	0.99726
124	41	0.99629
126	41	0.99753
127	41	0.99644
128	41	0.99739
129	41	0.99742
130	41	0.99827
131	41	0.99733
132	41	0.99799
134	41	0.99574
137	41	0.9967
139	41	0.99792
141	41	0.99728
142	41	0.99726
143	41	0.99081
145	41	0.99583
146	41	0.99392
148	41	0.99844
2	42	0.9962
6	42	0.99272
7	42	0.98196
9	42	0.88918
12	42	0.98032
13	42	0.99262
15	42	0.99579
19	42	0.98851
20	42	0.98029
21	42	0.95904
25	42	0.98788
27	42	0.98892
28	42	0.98565
29	42	0.94952
31	42	0.97964
33	42	0.99383
34	42	0.99611
36	42	0.978
37	42	0.98122
38	42	0.98651
39	42	0.99252
40	42	0.98634
43	42	0.98055
44	42	0.98153
46	42	0.99355
48	42	0.97919
52	42	0.97997
54	42	0.98811
57	42	0.98461
58	42	0.98097
60	42	0.97944
63	42	0.98725
65	42	0.98713
70	42	0.98684
73	42	0.97924
74	42	0.98549
81	42	0.98118
85	42	0.97957
89	42	0.98089
93	42	0.97718
95	42	0.97974
96	42	0.98119
100	42	0.98262
102	42	0.98825
107	42	0.9901
112	42	0.97883
115	42	0.99014
117	42	0.98164
118	42	0.97657
121	42	0.9817
127	42	0.9809
135	42	0.98074
138	42	0.98567
145	42	0.97874
2	43	0.98822
3	43	0.89671
4	43	0.90112
6	43	0.99261
7	43	0.99366
9	43	0.87693
10	43	0.96185
11	43	0.99543
12	43	0.98571
13	43	0.9939
15	43	0.9909
17	43	0.9243
19	43	0.99329
21	43	0.95653
22	43	0.99186
23	43	0.99501
24	43	0.99178
28	43	0.97626
29	43	0.90873
30	43	0.9944
31	43	0.99717
33	43	0.97667
34	43	0.98371
36	43	0.99505
38	43	0.99472
39	43	0.99362
40	43	0.97547
41	43	0.99446
42	43	0.98055
44	43	0.99804
45	43	0.99498
46	43	0.98939
48	43	0.99617
52	43	0.99338
53	43	0.99402
54	43	0.99377
57	43	0.98687
58	43	0.99409
62	43	0.99517
63	43	0.99581
67	43	0.99413
70	43	0.99495
71	43	0.99424
73	43	0.99253
74	43	0.9954
81	43	0.99413
87	43	0.99436
88	43	0.99684
89	43	0.99541
91	43	0.99531
92	43	0.99595
95	43	0.99443
96	43	0.99698
98	43	0.99456
99	43	0.9949
100	43	0.99393
102	43	0.98242
105	43	0.96099
106	43	0.99452
107	43	0.99642
108	43	0.99408
109	43	0.99396
110	43	0.9955
112	43	0.99563
113	43	0.99544
117	43	0.99581
121	43	0.99568
126	43	0.99735
127	43	0.99637
129	43	0.99449
131	43	0.99831
135	43	0.99775
141	43	0.99733
142	43	0.99648
145	43	0.99584
148	43	0.9937
149	43	0.97854
2	44	0.99002
4	44	0.89896
5	44	0.98054
6	44	0.99358
7	44	0.99589
9	44	0.86129
10	44	0.95165
11	44	0.99185
12	44	0.9875
13	44	0.99537
15	44	0.993
17	44	0.92028
19	44	0.99183
20	44	0.99777
21	44	0.94631
22	44	0.99361
23	44	0.99828
24	44	0.98986
25	44	0.99752
27	44	0.99444
28	44	0.97153
29	44	0.9017
30	44	0.99835
31	44	0.99861
33	44	0.972
34	44	0.9858
36	44	0.99578
37	44	0.9825
38	44	0.998
39	44	0.99562
40	44	0.97333
41	44	0.99702
42	44	0.98153
43	44	0.99804
45	44	0.99816
46	44	0.9889
48	44	0.99805
50	44	0.99627
52	44	0.99491
53	44	0.99775
54	44	0.99477
55	44	0.99813
56	44	0.98248
57	44	0.98203
58	44	0.99845
60	44	0.99698
61	44	0.99762
62	44	0.99881
63	44	0.9974
65	44	0.99257
67	44	0.9973
70	44	0.99739
71	44	0.99755
73	44	0.9934
74	44	0.99577
75	44	0.99789
81	44	0.99757
84	44	0.9972
85	44	0.99791
87	44	0.99838
88	44	0.99846
89	44	0.99845
90	44	0.99747
91	44	0.99825
92	44	0.99904
93	44	0.99618
95	44	0.99863
96	44	0.99793
97	44	0.99754
98	44	0.99817
99	44	0.99708
100	44	0.99826
102	44	0.97544
103	44	0.99633
105	44	0.94743
106	44	0.99822
107	44	0.99782
108	44	0.99828
109	44	0.9936
110	44	0.99838
111	44	0.99747
112	44	0.99223
113	44	0.99852
114	44	0.99515
115	44	0.99016
117	44	0.99887
118	44	0.94
121	44	0.99835
126	44	0.99831
127	44	0.99884
129	44	0.99763
131	44	0.99804
134	44	0.99132
135	44	0.99914
137	44	0.99714
138	44	0.99675
