7	2	0.92812
9	2	0.68462
12	2	0.87639
13	2	0.69415
16	2	0.62718
17	2	0.76199
20	2	0.62859
25	2	0.7855
32	2	0.91048
34	2	0.68421
37	2	0.84685
41	2	0.80809
42	2	0.61186
44	2	0.67935
45	2	0.63902
48	2	0.67063
49	2	0.60134
52	2	0.59705
54	2	0.61947
64	2	0.63864
69	2	0.61114
70	2	0.65796
73	2	0.59707
75	2	0.58237
79	2	0.59155
80	2	0.91031
83	2	0.66518
85	2	0.70979
87	2	0.59548
89	2	0.62036
92	2	0.59334
94	2	0.71872
97	2	0.6507
100	2	0.86633
106	2	0.80563
108	2	0.59366
110	2	0.73167
111	2	0.80591
112	2	0.74906
113	2	0.69297
114	2	0.68099
116	2	0.70748
117	2	0.58514
118	2	0.61693
120	2	0.70308
132	2	0.69175
139	2	0.70231
143	2	0.58146
145	2	0.60391
146	2	0.70368
8	3	0.5518
10	3	0.4408
11	3	0.34936
12	3	0.2977
14	3	0.28697
17	3	0.37608
18	3	0.28542
24	3	0.30507
28	3	0.42302
30	3	0.29909
35	3	0.42548
41	3	0.29369
47	3	0.2952
49	3	0.4162
57	3	0.45954
61	3	0.29425
67	3	0.35766
73	3	0.58196
76	3	0.27846
78	3	0.30456
79	3	0.27554
81	3	0.31431
83	3	0.2892
84	3	0.27876
88	3	0.28295
89	3	0.27432
92	3	0.27759
97	3	0.291
98	3	0.30845
99	3	0.3243
101	3	0.35687
103	3	0.47407
104	3	0.28092
105	3	0.81252
107	3	0.28726
109	3	0.30328
111	3	0.41673
114	3	0.33815
117	3	0.33463
124	3	0.40659
128	3	0.38376
133	3	0.32258
135	3	0.27747
140	3	0.38753
141	3	0.33585
143	3	0.28006
145	3	0.27354
146	3	0.35937
147	3	0.35421
148	3	0.42572
5	4	0.99154
9	4	0.95134
11	4	0.98447
13	4	0.96516
14	4	0.98413
15	4	0.99309
16	4	0.95436
17	4	0.86263
18	4	0.99269
19	4	0.98735
20	4	0.98301
21	4	0.98569
22	4	0.99058
23	4	0.98504
24	4	0.99159
26	4	0.97719
27	4	0.96846
29	4	0.97501
31	4	0.96976
33	4	0.9945
36	4	0.99297
37	4	0.7445
38	4	0.97667
40	4	0.99109
42	4	0.96614
43	4	0.97473
46	4	0.9898
47	4	0.99602
48	4	0.9503
50	4	0.92821
51	4	0.98455
52	4	0.98955
53	4	0.9903
55	4	0.97092
56	4	0.44539
66	4	0.99031
69	4	0.9697
72	4	0.97545
73	4	0.83058
74	4	0.99498
78	4	0.9618
81	4	0.95656
85	4	0.96515
86	4	0.95775
87	4	0.95956
88	4	0.96584
93	4	0.98911
95	4	0.97812
96	4	0.99578
101	4	0.95199
102	4	0.96144
105	4	0.38697
111	4	0.81292
121	4	0.95595
126	4	0.9938
130	4	0.96085
134	4	0.95859
140	4	0.98041
143	4	0.97832
144	4	0.99395
148	4	0.94395
150	4	0.96478
4	5	0.99154
9	5	0.96919
11	5	0.97262
13	5	0.96617
14	5	0.95969
15	5	0.99035
16	5	0.96866
17	5	0.86324
18	5	0.98955
19	5	0.98122
20	5	0.9786
21	5	0.9833
22	5	0.98984
23	5	0.97303
24	5	0.97618
26	5	0.99079
27	5	0.9517
29	5	0.98675
31	5	0.95258
33	5	0.99378
36	5	0.98738
37	5	0.78211
38	5	0.96529
40	5	0.98715
42	5	0.95913
43	5	0.96034
46	5	0.97946
47	5	0.98446
50	5	0.94673
51	5	0.97358
52	5	0.99014
53	5	0.98475
55	5	0.95898
56	5	0.4907
66	5	0.98856
69	5	0.95367
72	5	0.95346
73	5	0.80915
74	5	0.9921
81	5	0.94475
85	5	0.95972
87	5	0.94235
93	5	0.98281
95	5	0.95756
96	5	0.98552
101	5	0.93626
102	5	0.95873
105	5	0.39178
111	5	0.81073
121	5	0.94094
126	5	0.9908
131	5	0.94102
134	5	0.94957
140	5	0.95878
143	5	0.96351
144	5	0.98515
148	5	0.92729
150	5	0.94345
11	6	0.95824
13	6	0.9485
14	6	0.9738
19	6	0.96353
21	6	0.9403
22	6	0.93992
23	6	0.98413
24	6	0.9716
27	6	0.99538
28	6	0.95605
31	6	0.97951
34	6	0.93731
36	6	0.96679
38	6	0.99018
39	6	0.99498
40	6	0.95032
42	6	0.98476
43	6	0.99104
44	6	0.94712
46	6	0.97993
51	6	0.97416
53	6	0.9623
54	6	0.9874
55	6	0.9927
57	6	0.94672
59	6	0.97466
60	6	0.98864
62	6	0.97219
64	6	0.97035
65	6	0.97347
68	6	0.95245
69	6	0.97625
70	6	0.96515
72	6	0.9875
75	6	0.99403
76	6	0.97173
77	6	0.9895
78	6	0.97207
82	6	0.97291
84	6	0.98169
86	6	0.99579
87	6	0.99328
88	6	0.98784
91	6	0.99779
92	6	0.96854
93	6	0.96253
95	6	0.99126
96	6	0.96616
98	6	0.97064
99	6	0.95929
102	6	0.98612
104	6	0.97504
108	6	0.96531
113	6	0.96591
116	6	0.96374
119	6	0.98538
120	6	0.9615
121	6	0.99771
122	6	0.94518
125	6	0.96024
126	6	0.96548
128	6	0.95101
129	6	0.98631
130	6	0.98774
131	6	0.9967
133	6	0.96276
134	6	0.98879
135	6	0.98952
140	6	0.96813
142	6	0.98456
143	6	0.98319
144	6	0.96169
147	6	0.97504
150	6	0.9953
2	7	0.92812
8	7	0.59473
9	7	0.73533
10	7	0.37922
12	7	0.94648
13	7	0.7516
16	7	0.72689
17	7	0.86202
18	7	0.69105
20	7	0.69716
25	7	0.82846
26	7	0.69305
28	7	0.69206
32	7	0.90884
34	7	0.7122
35	7	0.67456
37	7	0.85102
41	7	0.90336
44	7	0.70901
45	7	0.73227
48	7	0.77724
49	7	0.77578
52	7	0.68394
54	7	0.6983
57	7	0.69548
64	7	0.71321
69	7	0.72682
70	7	0.69898
73	7	0.81779
79	7	0.68678
80	7	0.87349
81	7	0.69748
83	7	0.73001
85	7	0.77995
94	7	0.74082
97	7	0.73238
99	7	0.6905
100	7	0.88088
101	7	0.71385
103	7	0.70905
105	7	0.46393
106	7	0.85185
110	7	0.81543
111	7	0.879
112	7	0.77289
113	7	0.77021
114	7	0.80856
116	7	0.76454
120	7	0.7548
124	7	0.45213
132	7	0.75905
139	7	0.72992
143	7	0.69886
146	7	0.79645
148	7	0.71673
3	8	0.5518
7	8	0.59473
10	8	0.92851
11	8	0.46976
12	8	0.68394
17	8	0.52651
28	8	0.56798
30	8	0.55546
32	8	0.59642
35	8	0.83116
41	8	0.638
45	8	0.51144
48	8	0.56033
49	8	0.79554
56	8	0.52061
57	8	0.59533
61	8	0.4757
67	8	0.57724
73	8	0.76002
76	8	0.49449
78	8	0.50428
79	8	0.67859
80	8	0.47004
81	8	0.57445
82	8	0.47665
83	8	0.4667
89	8	0.50688
90	8	0.49422
92	8	0.47528
97	8	0.46983
99	8	0.56751
101	8	0.59122
103	8	0.86543
104	8	0.47851
107	8	0.55366
109	8	0.47817
110	8	0.5453
111	8	0.49502
114	8	0.67467
117	8	0.59885
123	8	0.50895
124	8	0.90734
128	8	0.55396
132	8	0.47352
133	8	0.56233
137	8	0.4723
141	8	0.54564
146	8	0.50342
147	8	0.53068
148	8	0.62318
2	9	0.68462
4	9	0.95134
5	9	0.96919
7	9	0.73533
11	9	0.90927
13	9	0.97593
14	9	0.9156
15	9	0.94206
16	9	0.98468
17	9	0.9163
18	9	0.96028
19	9	0.92804
20	9	0.97225
21	9	0.93169
22	9	0.93644
23	9	0.91625
24	9	0.91209
26	9	0.97763
27	9	0.90637
29	9	0.9818
31	9	0.89031
33	9	0.94562
36	9	0.95162
37	9	0.9017
38	9	0.92027
40	9	0.93108
42	9	0.9392
43	9	0.90462
46	9	0.92398
47	9	0.92456
48	9	0.92126
51	9	0.91783
52	9	0.9832
53	9	0.93003
54	9	0.89789
55	9	0.92039
66	9	0.97038
69	9	0.92036
72	9	0.8986
74	9	0.97345
80	9	0.40955
85	9	0.97144
87	9	0.91257
93	9	0.92603
95	9	0.90677
96	9	0.93862
102	9	0.89867
105	9	0.36718
111	9	0.87947
116	9	0.93902
126	9	0.95166
140	9	0.89878
143	9	0.9241
144	9	0.92355
150	9	0.89115
3	10	0.4408
7	10	0.37922
8	10	0.92851
12	10	0.49047
17	10	0.24159
28	10	0.29285
30	10	0.34401
32	10	0.52191
35	10	0.63865
41	10	0.41973
45	10	0.25691
48	10	0.28479
49	10	0.57871
56	10	0.28094
57	10	0.31678
61	10	0.22493
67	10	0.36097
73	10	0.4817
76	10	0.23004
79	10	0.58972
80	10	0.40637
81	10	0.26062
82	10	0.21444
83	10	0.24386
89	10	0.38118
90	10	0.28148
92	10	0.21996
99	10	0.27258
101	10	0.27818
103	10	0.69045
107	10	0.29454
109	10	0.23233
110	10	0.30483
111	10	0.22617
114	10	0.44942
115	10	0.21394
117	10	0.43995
123	10	0.3055
124	10	0.96388
127	10	0.26624
128	10	0.28881
132	10	0.22755
133	10	0.28451
137	10	0.23934
138	10	0.24481
141	10	0.2938
145	10	0.27255
146	10	0.23292
147	10	0.25193
148	10	0.3097
3	11	0.34936
4	11	0.98447
5	11	0.97262
6	11	0.95824
8	11	0.46976
9	11	0.90927
14	11	0.98083
15	11	0.96972
16	11	0.91835
17	11	0.83722
18	11	0.98259
19	11	0.96809
20	11	0.95719
21	11	0.95891
22	11	0.9701
23	11	0.9771
24	11	0.98839
26	11	0.95716
27	11	0.964
28	11	0.94967
29	11	0.93076
31	11	0.96166
33	11	0.97602
35	11	0.55011
36	11	0.97218
37	11	0.68545
38	11	0.9662
40	11	0.97244
43	11	0.96764
46	11	0.98522
47	11	0.9874
48	11	0.9434
49	11	0.86259
50	11	0.95105
51	11	0.96752
52	11	0.95965
53	11	0.97366
55	11	0.96233
56	11	0.5447
57	11	0.95157
66	11	0.96402
69	11	0.97392
72	11	0.9736
73	11	0.87239
74	11	0.97214
78	11	0.97895
81	11	0.9812
85	11	0.94798
86	11	0.96078
88	11	0.97572
93	11	0.97274
95	11	0.97407
96	11	0.97977
99	11	0.97167
101	11	0.97929
102	11	0.97374
104	11	0.97961
105	11	0.42478
111	11	0.79106
121	11	0.95708
126	11	0.97548
133	11	0.95296
134	11	0.97387
140	11	0.98287
143	11	0.98535
144	11	0.98628
147	11	0.95953
148	11	0.978
150	11	0.96282
2	12	0.87639
3	12	0.2977
7	12	0.94648
8	12	0.68394
10	12	0.49047
13	12	0.80423
17	12	0.8896
25	12	0.89981
28	12	0.80922
30	12	0.78957
32	12	0.88587
34	12	0.78259
35	12	0.61863
37	12	0.80767
41	12	0.9444
44	12	0.79516
45	12	0.84877
48	12	0.88311
49	12	0.88742
54	12	0.79123
57	12	0.8026
64	12	0.79323
67	12	0.79804
69	12	0.81092
70	12	0.78782
73	12	0.86567
76	12	0.79477
79	12	0.78232
80	12	0.80522
82	12	0.78661
83	12	0.81506
85	12	0.84542
90	12	0.7824
92	12	0.80701
94	12	0.82525
97	12	0.83587
100	12	0.91865
101	12	0.78961
103	12	0.75967
105	12	0.40039
106	12	0.8807
107	12	0.7927
110	12	0.89833
111	12	0.8963
112	12	0.82562
113	12	0.84817
114	12	0.91134
116	12	0.83683
120	12	0.82349
124	12	0.57515
128	12	0.78767
132	12	0.86083
139	12	0.8018
141	12	0.7953
146	12	0.86846
147	12	0.78741
148	12	0.78633
2	13	0.69415
4	13	0.96516
5	13	0.96617
6	13	0.9485
7	13	0.7516
9	13	0.97593
12	13	0.80423
14	13	0.96082
15	13	0.94591
16	13	0.94732
17	13	0.89306
18	13	0.96356
19	13	0.95068
20	13	0.99205
21	13	0.93889
22	13	0.94264
23	13	0.95723
24	13	0.94846
25	13	0.94135
26	13	0.95668
27	13	0.96472
29	13	0.96311
33	13	0.95157
36	13	0.97289
37	13	0.83174
38	13	0.96761
42	13	0.98699
43	13	0.95594
46	13	0.96026
48	13	0.95668
51	13	0.95063
52	13	0.97968
53	13	0.95128
54	13	0.96678
55	13	0.97298
66	13	0.98536
69	13	0.97214
70	13	0.94904
72	13	0.95327
73	13	0.81153
74	13	0.98193
75	13	0.9496
80	13	0.41844
85	13	0.99523
86	13	0.95126
87	13	0.97584
88	13	0.94936
91	13	0.95881
93	13	0.94877
95	13	0.9611
96	13	0.96202
100	13	0.9299
102	13	0.95286
105	13	0.35716
111	13	0.87149
113	13	0.9594
116	13	0.99019
120	13	0.95505
121	13	0.95193
126	13	0.97182
131	13	0.95077
143	13	0.9753
144	13	0.94771
150	13	0.9551
3	14	0.28697
4	14	0.98413
5	14	0.95969
6	14	0.9738
9	14	0.9156
11	14	0.98083
13	14	0.96082
15	14	0.96595
16	14	0.90991
17	14	0.84539
18	14	0.9743
19	14	0.96971
20	14	0.97846
21	14	0.95676
22	14	0.96055
23	14	0.98389
24	14	0.98599
26	14	0.93986
27	14	0.98483
28	14	0.9647
29	14	0.93298
31	14	0.98237
33	14	0.96844
35	14	0.47353
36	14	0.98015
37	14	0.69936
38	14	0.98057
39	14	0.97683
40	14	0.96899
42	14	0.973
43	14	0.97922
46	14	0.98721
47	14	0.97884
48	14	0.97686
49	14	0.87951
50	14	0.89167
51	14	0.97684
52	14	0.96877
53	14	0.97207
54	14	0.97844
55	14	0.97857
56	14	0.40935
57	14	0.95515
65	14	0.96357
66	14	0.97333
69	14	0.99081
72	14	0.9942
73	14	0.84721
74	14	0.98012
78	14	0.9895
81	14	0.96677
85	14	0.96837
86	14	0.98587
87	14	0.97986
88	14	0.99371
91	14	0.97411
93	14	0.97035
95	14	0.99283
96	14	0.98676
99	14	0.97072
101	14	0.96816
102	14	0.96706
104	14	0.97301
105	14	0.3468
111	14	0.80301
116	14	0.96638
121	14	0.97316
126	14	0.97827
128	14	0.95408
130	14	0.98264
131	14	0.9665
133	14	0.96479
134	14	0.96907
140	14	0.98474
143	14	0.99168
144	14	0.97847
147	14	0.97547
148	14	0.9545
150	14	0.98511
4	15	0.99309
5	15	0.99035
9	15	0.94206
11	15	0.96972
13	15	0.94591
14	15	0.96595
16	15	0.94083
17	15	0.81356
18	15	0.97858
19	15	0.99427
20	15	0.97114
21	15	0.99748
22	15	0.99835
23	15	0.98391
24	15	0.98538
26	15	0.97087
27	15	0.95885
29	15	0.98097
31	15	0.96787
33	15	0.99917
36	15	0.99219
37	15	0.714
38	15	0.97257
39	15	0.94194
40	15	0.99857
42	15	0.9535
43	15	0.97245
46	15	0.98652
47	15	0.9927
50	15	0.9323
51	15	0.98858
52	15	0.98144
53	15	0.99597
55	15	0.96318
56	15	0.44243
66	15	0.98495
69	15	0.94484
72	15	0.96372
74	15	0.98656
81	15	0.93521
86	15	0.94316
87	15	0.94222
88	15	0.94619
93	15	0.99469
95	15	0.9673
96	15	0.99395
102	15	0.95404
121	15	0.94908
126	15	0.99302
130	15	0.95191
131	15	0.94965
134	15	0.9514
140	15	0.96183
143	15	0.95725
144	15	0.99403
148	15	0.91224
150	15	0.95297
2	16	0.62718
4	16	0.95436
5	16	0.96866
7	16	0.72689
9	16	0.98468
11	16	0.91835
13	16	0.94732
14	16	0.90991
15	16	0.94083
17	16	0.94463
18	16	0.97286
19	16	0.91342
20	16	0.95033
21	16	0.92358
22	16	0.93474
23	16	0.89819
24	16	0.9117
26	16	0.98709
29	16	0.96924
33	16	0.94437
35	16	0.48431
36	16	0.93499
37	16	0.89433
38	16	0.89152
40	16	0.92589
42	16	0.90195
43	16	0.87876
46	16	0.91103
47	16	0.93662
48	16	0.91728
50	16	0.88469
51	16	0.90017
52	16	0.97736
53	16	0.91921
55	16	0.88729
56	16	0.45279
66	16	0.95311
69	16	0.9061
72	16	0.88195
73	16	0.84129
74	16	0.96584
80	16	0.39325
81	16	0.89872
85	16	0.95129
87	16	0.87709
93	16	0.91569
95	16	0.88677
96	16	0.93028
101	16	0.89297
105	16	0.46611
111	16	0.89875
116	16	0.90485
126	16	0.938
140	16	0.90334
143	16	0.91037
144	16	0.92266
148	16	0.89298
2	17	0.76199
3	17	0.37608
4	17	0.86263
5	17	0.86324
7	17	0.86202
8	17	0.52651
9	17	0.9163
10	17	0.24159
11	17	0.83722
12	17	0.8896
13	17	0.89306
14	17	0.84539
15	17	0.81356
16	17	0.94463
18	17	0.90096
20	17	0.87775
22	17	0.80386
24	17	0.81306
25	17	0.83654
26	17	0.89952
28	17	0.8018
29	17	0.85597
32	17	0.64937
33	17	0.82089
35	17	0.55631
36	17	0.82637
37	17	0.92152
42	17	0.82228
46	17	0.80286
47	17	0.83263
48	17	0.90346
52	17	0.89626
54	17	0.81003
66	17	0.86126
69	17	0.85876
73	17	0.90599
74	17	0.88166
78	17	0.8013
80	17	0.63695
81	17	0.8356
85	17	0.9155
87	17	0.80865
88	17	0.80286
95	17	0.80109
96	17	0.82355
100	17	0.86238
101	17	0.84667
105	17	0.59772
111	17	0.98647
113	17	0.82867
116	17	0.87458
120	17	0.80561
126	17	0.82937
140	17	0.84062
143	17	0.84843
144	17	0.80704
146	17	0.83265
148	17	0.85773
3	18	0.28542
4	18	0.99269
5	18	0.98955
7	18	0.69105
9	18	0.96028
11	18	0.98259
13	18	0.96356
14	18	0.9743
15	18	0.97858
16	18	0.97286
17	18	0.90096
19	18	0.96385
20	18	0.97539
21	18	0.96354
22	18	0.97402
23	18	0.96295
24	18	0.97448
26	18	0.99012
27	18	0.94586
29	18	0.96599
31	18	0.94613
33	18	0.9831
35	18	0.5362
36	18	0.97663
37	18	0.79076
38	18	0.95275
40	18	0.97326
42	18	0.9501
43	18	0.94777
46	18	0.9737
47	18	0.98704
48	18	0.95976
50	18	0.93787
51	18	0.95874
52	18	0.98968
53	18	0.96974
55	18	0.94781
56	18	0.50703
66	18	0.97802
69	18	0.96632
72	18	0.95707
73	18	0.87669
74	18	0.99112
78	18	0.95483
81	18	0.96921
85	18	0.96982
88	18	0.95191
93	18	0.96696
95	18	0.95756
96	18	0.98043
101	18	0.96512
102	18	0.9469
104	18	0.94713
105	18	0.42853
111	18	0.84923
126	18	0.97867
140	18	0.96602
143	18	0.97248
144	18	0.97842
148	18	0.96175
4	19	0.98735
5	19	0.98122
6	19	0.96353
9	19	0.92804
11	19	0.96809
13	19	0.95068
14	19	0.96971
15	19	0.99427
16	19	0.91342
18	19	0.96385
20	19	0.97304
21	19	0.99706
22	19	0.9953
23	19	0.99473
24	19	0.99014
26	19	0.94971
27	19	0.97747
29	19	0.9722
31	19	0.97998
33	19	0.99348
36	19	0.99581
38	19	0.9888
39	19	0.96597
40	19	0.99739
42	19	0.97047
43	19	0.98977
46	19	0.99305
47	19	0.98532
50	19	0.91759
51	19	0.99806
52	19	0.9708
53	19	0.99955
55	19	0.98196
56	19	0.40286
66	19	0.98691
69	19	0.95244
72	19	0.97561
74	19	0.98081
86	19	0.96362
87	19	0.96293
88	19	0.95915
91	19	0.95514
93	19	0.99949
95	19	0.98112
96	19	0.99516
102	19	0.9702
121	19	0.97296
126	19	0.99594
130	19	0.97056
131	19	0.97511
134	19	0.96956
140	19	0.96909
143	19	0.9657
144	19	0.99487
150	19	0.97309
2	20	0.62859
4	20	0.98301
5	20	0.9786
7	20	0.69716
9	20	0.97225
11	20	0.95719
13	20	0.99205
14	20	0.97846
15	20	0.97114
16	20	0.95033
17	20	0.87775
18	20	0.97539
19	20	0.97304
21	20	0.96507
22	20	0.96584
23	20	0.97661
24	20	0.9689
26	20	0.96502
27	20	0.97752
29	20	0.97572
31	20	0.96625
33	20	0.97356
36	20	0.98885
37	20	0.80128
38	20	0.98111
40	20	0.96979
42	20	0.98599
43	20	0.97263
46	20	0.9783
47	20	0.96424
48	20	0.96406
50	20	0.87903
51	20	0.97449
52	20	0.9912
53	20	0.97338
54	20	0.97146
55	20	0.98105
66	20	0.99486
69	20	0.97899
72	20	0.9738
74	20	0.99451
81	20	0.93278
85	20	0.98906
86	20	0.96564
87	20	0.97773
88	20	0.96357
91	20	0.96267
93	20	0.97066
95	20	0.97812
96	20	0.98377
100	20	0.90092
101	20	0.92972
111	20	0.84116
116	20	0.98123
121	20	0.96359
126	20	0.98783
130	20	0.96275
131	20	0.95936
140	20	0.9618
143	20	0.97941
144	20	0.96884
150	20	0.97017
4	21	0.98569
5	21	0.9833
6	21	0.9403
9	21	0.93169
11	21	0.95891
13	21	0.93889
14	21	0.95676
15	21	0.99748
16	21	0.92358
18	21	0.96354
19	21	0.99706
20	21	0.96507
22	21	0.99813
23	21	0.98464
24	21	0.98281
26	21	0.95567
27	21	0.95944
29	21	0.97927
31	21	0.96741
33	21	0.99524
36	21	0.99112
37	21	0.68771
38	21	0.97515
39	21	0.9448
40	21	0.9978
42	21	0.9535
43	21	0.97608
46	21	0.98398
47	21	0.98525
50	21	0.91984
51	21	0.99158
52	21	0.97158
53	21	0.99696
55	21	0.9657
56	21	0.40636
66	21	0.98267
69	21	0.93387
72	21	0.95984
74	21	0.97828
86	21	0.94195
87	21	0.9416
88	21	0.93902
93	21	0.99681
95	21	0.96554
96	21	0.99071
102	21	0.95265
121	21	0.95284
126	21	0.99149
130	21	0.95297
131	21	0.95563
134	21	0.9512
140	21	0.95721
143	21	0.94861
144	21	0.99161
150	21	0.95402
4	22	0.99058
5	22	0.98984
6	22	0.93992
9	22	0.93644
11	22	0.9701
13	22	0.94264
14	22	0.96055
15	22	0.99835
16	22	0.93474
17	22	0.80386
18	22	0.97402
19	22	0.9953
20	22	0.96584
21	22	0.99813
23	22	0.98431
24	22	0.98699
26	22	0.96604
27	22	0.9582
29	22	0.97893
31	22	0.96565
33	22	0.99781
36	22	0.99119
37	22	0.69957
38	22	0.9735
39	22	0.942
40	22	0.99827
42	22	0.95394
43	22	0.97399
46	22	0.98627
47	22	0.99096
50	22	0.93755
51	22	0.98904
52	22	0.97549
53	22	0.99667
55	22	0.96432
56	22	0.44528
66	22	0.98349
69	22	0.94076
72	22	0.96072
74	22	0.98194
86	22	0.94147
87	22	0.94169
88	22	0.94229
93	22	0.99666
95	22	0.96556
96	22	0.99188
102	22	0.95779
105	22	0.35018
121	22	0.95152
126	22	0.99269
130	22	0.95113
131	22	0.95406
134	22	0.95587
140	22	0.96449
143	22	0.95553
144	22	0.99529
150	22	0.95339
4	23	0.98504
5	23	0.97303
6	23	0.98413
9	23	0.91625
11	23	0.9771
13	23	0.95723
14	23	0.98389
15	23	0.98391
16	23	0.89819
18	23	0.96295
19	23	0.99473
20	23	0.97661
21	23	0.98464
22	23	0.98431
24	23	0.99397
26	23	0.93964
27	23	0.99262
29	23	0.95386
31	23	0.99168
33	23	0.98534
36	23	0.99384
38	23	0.99693
39	23	0.98543
40	23	0.99026
42	23	0.98182
43	23	0.9979
46	23	0.99845
47	23	0.98219
50	23	0.91479
51	23	0.99797
52	23	0.96517
53	23	0.99476
54	23	0.96963
55	23	0.99262
56	23	0.4134
65	23	0.96284
66	23	0.98367
69	23	0.97397
72	23	0.99169
74	23	0.97904
78	23	0.97194
81	23	0.94416
85	23	0.94895
86	23	0.98522
87	23	0.98107
88	23	0.98147
91	23	0.97786
93	23	0.99436
95	23	0.99485
96	23	0.99519
101	23	0.93916
102	23	0.98559
104	23	0.9672
116	23	0.95152
121	23	0.98952
126	23	0.99398
129	23	0.95735
130	23	0.9876
131	23	0.98877
134	23	0.98659
140	23	0.98004
143	23	0.9829
144	23	0.99296
148	23	0.92167
150	23	0.99027
3	24	0.30507
4	24	0.99159
5	24	0.97618
6	24	0.9716
9	24	0.91209
11	24	0.98839
13	24	0.94846
14	24	0.98599
15	24	0.98538
16	24	0.9117
17	24	0.81306
18	24	0.97448
19	24	0.99014
20	24	0.9689
21	24	0.98281
22	24	0.98699
23	24	0.99397
26	24	0.94701
27	24	0.98061
29	24	0.95027
31	24	0.98231
33	24	0.98683
36	24	0.98891
38	24	0.9861
39	24	0.97203
40	24	0.98952
42	24	0.9682
43	24	0.98859
46	24	0.99511
47	24	0.99292
50	24	0.92745
51	24	0.99171
52	24	0.96566
53	24	0.99206
55	24	0.98047
56	24	0.44
66	24	0.97968
69	24	0.97156
72	24	0.98639
73	24	0.8132
74	24	0.97886
78	24	0.97395
81	24	0.95404
85	24	0.94523
86	24	0.97473
87	24	0.96888
88	24	0.97858
91	24	0.96416
93	24	0.99284
95	24	0.98887
96	24	0.99412
99	24	0.94967
101	24	0.95215
102	24	0.97633
104	24	0.96528
105	24	0.38781
121	24	0.97527
126	24	0.99046
130	24	0.97937
131	24	0.9757
134	24	0.97965
140	24	0.99226
143	24	0.98197
144	24	0.99708
148	24	0.9433
150	24	0.98152
2	25	0.7855
7	25	0.82846
12	25	0.89981
13	25	0.94135
17	25	0.83654
28	25	0.93168
32	25	0.69229
34	25	0.97004
37	25	0.74708
41	25	0.95067
42	25	0.93823
44	25	0.97455
45	25	0.96985
48	25	0.9457
49	25	0.88512
54	25	0.96308
59	25	0.94006
61	25	0.94324
62	25	0.94479
63	25	0.7053
64	25	0.9723
68	25	0.93238
69	25	0.94789
70	25	0.96453
73	25	0.80787
75	25	0.95271
76	25	0.95036
77	25	0.92742
79	25	0.76153
80	25	0.5683
82	25	0.95706
83	25	0.95879
84	25	0.9473
85	25	0.95004
86	25	0.92929
87	25	0.94861
89	25	0.84783
90	25	0.928
91	25	0.94336
92	25	0.96244
94	25	0.97466
97	25	0.97608
98	25	0.93279
100	25	0.9856
106	25	0.97172
108	25	0.95196
109	25	0.94081
110	25	0.98154
111	25	0.84073
112	25	0.97126
113	25	0.98715
114	25	0.94738
116	25	0.97472
117	25	0.87067
118	25	0.91931
119	25	0.94088
120	25	0.9824
124	25	0.31576
132	25	0.97831
135	25	0.94756
136	25	0.92789
138	25	0.8691
139	25	0.96903
142	25	0.94849
143	25	0.9354
145	25	0.90439
146	25	0.98056
147	25	0.93603
4	26	0.97719
5	26	0.99079
7	26	0.69305
9	26	0.97763
11	26	0.95716
13	26	0.95668
14	26	0.93986
15	26	0.97087
16	26	0.98709
17	26	0.89952
18	26	0.99012
19	26	0.94971
20	26	0.96502
21	26	0.95567
22	26	0.96604
23	26	0.93964
24	26	0.94701
27	26	0.91587
29	26	0.97671
31	26	0.91674
33	26	0.97614
35	26	0.52226
36	26	0.96342
37	26	0.83691
38	26	0.92931
40	26	0.96211
42	26	0.93092
43	26	0.9209
46	26	0.95207
47	26	0.96772
48	26	0.92933
50	26	0.94013
51	26	0.93842
52	26	0.98724
53	26	0.95593
55	26	0.92322
56	26	0.53286
66	26	0.96982
69	26	0.93624
72	26	0.92247
73	26	0.84008
74	26	0.98285
81	26	0.94396
85	26	0.95707
93	26	0.95169
95	26	0.92482
96	26	0.96218
101	26	0.93415
102	26	0.92598
104	26	0.91416
105	26	0.40652
111	26	0.84232
116	26	0.91815
126	26	0.96717
140	26	0.92935
143	26	0.9438
144	26	0.95955
148	26	0.92942
4	27	0.96846
5	27	0.9517
6	27	0.99538
9	27	0.90637
11	27	0.964
13	27	0.96472
14	27	0.98483
15	27	0.95885
18	27	0.94586
19	27	0.97747
20	27	0.97752
21	27	0.95944
22	27	0.9582
23	27	0.99262
24	27	0.98061
26	27	0.91587
28	27	0.94713
29	27	0.93208
31	27	0.99019
33	27	0.96169
36	27	0.98299
38	27	0.99734
39	27	0.99679
40	27	0.9678
42	27	0.99105
43	27	0.99593
46	27	0.98941
47	27	0.95899
48	27	0.94327
50	27	0.8791
51	27	0.98639
52	27	0.95281
53	27	0.97636
54	27	0.99083
55	27	0.99761
57	27	0.935
59	27	0.96696
60	27	0.97455
62	27	0.95385
65	27	0.97823
66	27	0.97535
69	27	0.98462
70	27	0.97141
72	27	0.99502
74	27	0.96872
75	27	0.98768
76	27	0.96673
77	27	0.98112
78	27	0.97562
81	27	0.93635
84	27	0.97173
85	27	0.95817
86	27	0.99716
87	27	0.9953
88	27	0.98953
91	27	0.99485
93	27	0.97566
95	27	0.99775
96	27	0.98233
98	27	0.9603
99	27	0.95517
101	27	0.93546
102	27	0.98643
104	27	0.97186
113	27	0.962
116	27	0.97244
119	27	0.97706
120	27	0.96352
121	27	0.99748
125	27	0.95124
126	27	0.98162
129	27	0.97885
130	27	0.99372
131	27	0.99403
133	27	0.95569
134	27	0.98699
135	27	0.97663
140	27	0.97471
142	27	0.97423
143	27	0.98788
144	27	0.97363
147	27	0.9672
148	27	0.91371
150	27	0.99845
3	28	0.42302
6	28	0.95605
7	28	0.69206
8	28	0.56798
10	28	0.29285
11	28	0.94967
12	28	0.80922
14	28	0.9647
17	28	0.8018
25	28	0.93168
27	28	0.94713
30	28	0.9357
35	28	0.55881
39	28	0.94692
41	28	0.88476
45	28	0.97154
48	28	0.95012
49	28	0.9346
54	28	0.96008
56	28	0.41981
57	28	0.99719
59	28	0.97039
60	28	0.94413
61	28	0.97474
64	28	0.95799
67	28	0.94844
69	28	0.96834
72	28	0.9578
73	28	0.88513
75	28	0.95861
76	28	0.98039
78	28	0.97618
81	28	0.94572
82	28	0.97896
84	28	0.97682
86	28	0.96317
87	28	0.95406
88	28	0.97741
90	28	0.938
91	28	0.95912
92	28	0.97988
95	28	0.95418
97	28	0.97002
98	28	0.96774
99	28	0.98017
101	28	0.95794
103	28	0.79376
104	28	0.96817
105	28	0.41053
107	28	0.97091
109	28	0.96519
110	28	0.9422
111	28	0.78321
113	28	0.96597
114	28	0.9462
117	28	0.86902
119	28	0.97128
123	28	0.91752
124	28	0.37261
128	28	0.98895
130	28	0.94645
133	28	0.98335
135	28	0.97436
137	28	0.93181
140	28	0.95665
141	28	0.97165
142	28	0.97678
143	28	0.96811
146	28	0.96777
147	28	0.99387
148	28	0.95413
150	28	0.95481
4	29	0.97501
5	29	0.98675
9	29	0.9818
11	29	0.93076
13	29	0.96311
14	29	0.93298
15	29	0.98097
16	29	0.96924
17	29	0.85597
18	29	0.96599
19	29	0.9722
20	29	0.97572
21	29	0.97927
22	29	0.97893
23	29	0.95386
24	29	0.95027
26	29	0.97671
27	29	0.93208
31	29	0.92887
33	29	0.98006
36	29	0.97948
37	29	0.81355
38	29	0.95121
40	29	0.97387
42	29	0.94858
43	29	0.9433
46	29	0.95604
47	29	0.95995
50	29	0.89087
51	29	0.96194
52	29	0.98737
53	29	0.97229
55	29	0.94546
66	29	0.98708
69	29	0.92104
72	29	0.92619
74	29	0.98356
85	29	0.95134
87	29	0.925
93	29	0.97055
95	29	0.93515
96	29	0.97045
102	29	0.92289
105	29	0.33554
111	29	0.80827
116	29	0.92397
121	29	0.91772
126	29	0.97992
130	29	0.91313
131	29	0.92025
134	29	0.91022
140	29	0.92781
143	29	0.93174
144	29	0.96304
150	29	0.92058
3	30	0.29909
8	30	0.55546
10	30	0.34401
12	30	0.78957
28	30	0.9357
32	30	0.5784
34	30	0.92991
35	30	0.50702
41	30	0.9147
44	30	0.93513
45	30	0.96936
49	30	0.89174
57	30	0.92724
58	30	0.94857
59	30	0.96304
61	30	0.97785
62	30	0.93466
63	30	0.77288
64	30	0.94788
67	30	0.99753
68	30	0.9413
71	30	0.97806
76	30	0.96234
79	30	0.89032
80	30	0.3804
82	30	0.9619
83	30	0.96232
84	30	0.94622
89	30	0.93321
90	30	0.99561
92	30	0.96365
94	30	0.94519
97	30	0.96688
98	30	0.95842
103	30	0.82494
106	30	0.90567
107	30	0.97593
108	30	0.95487
109	30	0.97693
110	30	0.96493
113	30	0.91875
114	30	0.96722
115	30	0.98938
117	30	0.95695
118	30	0.95837
119	30	0.94877
122	30	0.95571
123	30	0.99745
124	30	0.47364
125	30	0.94424
127	30	0.97372
128	30	0.96659
132	30	0.96353
133	30	0.94447
135	30	0.92074
136	30	0.97036
137	30	0.98747
138	30	0.95011
139	30	0.9406
141	30	0.97645
142	30	0.95014
145	30	0.9605
146	30	0.92833
147	30	0.93386
149	30	0.89101
4	31	0.96976
5	31	0.95258
6	31	0.97951
9	31	0.89031
11	31	0.96166
14	31	0.98237
15	31	0.96787
18	31	0.94613
19	31	0.97998
20	31	0.96625
21	31	0.96741
22	31	0.96565
23	31	0.99168
24	31	0.98231
26	31	0.91674
27	31	0.99019
29	31	0.92887
33	31	0.96866
36	31	0.97986
38	31	0.98875
39	31	0.98993
40	31	0.97718
42	31	0.96808
43	31	0.98966
46	31	0.98942
47	31	0.96774
50	31	0.89754
51	31	0.98938
52	31	0.94936
53	31	0.97982
54	31	0.9732
55	31	0.98248
56	31	0.4028
65	31	0.9858
66	31	0.96533
69	31	0.9747
72	31	0.99517
74	31	0.96508
75	31	0.9636
77	31	0.96195
78	31	0.9793
81	31	0.9431
86	31	0.98845
87	31	0.97289
88	31	0.98217
91	31	0.97418
93	31	0.97852
95	31	0.99247
96	31	0.98588
99	31	0.94982
101	31	0.94094
102	31	0.97894
104	31	0.96692
121	31	0.98699
126	31	0.9797
129	31	0.96911
130	31	0.99541
131	31	0.97877
134	31	0.98345
140	31	0.97067
143	31	0.97358
144	31	0.9778
148	31	0.91334
150	31	0.99058
2	32	0.91048
7	32	0.90884
8	32	0.59642
10	32	0.52191
12	32	0.88587
17	32	0.64937
25	32	0.69229
30	32	0.5784
34	32	0.5809
35	32	0.52099
37	32	0.64933
41	32	0.82701
44	32	0.57313
45	32	0.58594
48	32	0.57709
49	32	0.65064
58	32	0.53921
63	32	0.55279
64	32	0.54308
67	32	0.58208
71	32	0.54296
73	32	0.61174
79	32	0.76421
80	32	0.96153
83	32	0.63768
85	32	0.5439
89	32	0.70508
90	32	0.56124
92	32	0.52575
94	32	0.64687
97	32	0.58895
100	32	0.75204
103	32	0.63508
106	32	0.74851
110	32	0.70566
111	32	0.70005
112	32	0.67131
113	32	0.59021
114	32	0.70904
115	32	0.52811
116	32	0.55414
117	32	0.66801
118	32	0.58212
120	32	0.57481
123	32	0.57526
124	32	0.61561
127	32	0.54257
132	32	0.63596
138	32	0.58578
139	32	0.62239
145	32	0.62133
146	32	0.63843
4	33	0.9945
5	33	0.99378
9	33	0.94562
11	33	0.97602
13	33	0.95157
14	33	0.96844
15	33	0.99917
16	33	0.94437
17	33	0.82089
18	33	0.9831
19	33	0.99348
20	33	0.97356
21	33	0.99524
22	33	0.99781
23	33	0.98534
24	33	0.98683
26	33	0.97614
27	33	0.96169
29	33	0.98006
31	33	0.96866
36	33	0.99281
37	33	0.72214
38	33	0.97441
40	33	0.99818
42	33	0.95796
43	33	0.97377
46	33	0.98908
47	33	0.99369
50	33	0.94261
51	33	0.9878
52	33	0.98311
53	33	0.99593
55	33	0.96589
56	33	0.4685
66	33	0.98619
69	33	0.95166
72	33	0.96611
74	33	0.98869
78	33	0.94754
81	33	0.94525
85	33	0.94494
86	33	0.94653
87	33	0.94657
88	33	0.95076
93	33	0.99432
95	33	0.96939
96	33	0.99441
101	33	0.93509
102	33	0.96167
105	33	0.3361
121	33	0.95256
126	33	0.99447
130	33	0.95289
131	33	0.95295
134	33	0.95787
140	33	0.9644
143	33	0.96387
144	33	0.99526
148	33	0.92346
150	33	0.95527
2	34	0.68421
6	34	0.93731
7	34	0.7122
12	34	0.78259
25	34	0.97004
30	34	0.92991
32	34	0.5809
41	34	0.90417
44	34	0.99455
45	34	0.95532
54	34	0.95474
58	34	0.93398
59	34	0.9557
60	34	0.95991
61	34	0.95795
62	34	0.98619
63	34	0.81182
64	34	0.98852
67	34	0.92754
68	34	0.9868
70	34	0.96533
71	34	0.96204
75	34	0.96882
76	34	0.9488
77	34	0.96277
79	34	0.75728
80	34	0.43609
82	34	0.9684
83	34	0.98156
84	34	0.96143
87	34	0.94375
89	34	0.88345
90	34	0.95046
91	34	0.95281
92	34	0.96367
94	34	0.99053
97	34	0.97672
98	34	0.9573
100	34	0.93962
106	34	0.96438
108	34	0.97548
109	34	0.96942
110	34	0.96007
112	34	0.98842
113	34	0.97102
115	34	0.95977
116	34	0.94245
117	34	0.89732
118	34	0.97347
119	34	0.95907
120	34	0.97824
122	34	0.95825
123	34	0.93836
125	34	0.96678
127	34	0.8954
129	34	0.95023
132	34	0.96588
135	34	0.96233
136	34	0.97287
137	34	0.93053
138	34	0.93489
139	34	0.99448
142	34	0.96337
145	34	0.95168
146	34	0.96454
149	34	0.92221
3	35	0.42548
7	35	0.67456
8	35	0.83116
10	35	0.63865
11	35	0.55011
12	35	0.61863
14	35	0.47353
16	35	0.48431
17	35	0.55631
18	35	0.5362
26	35	0.52226
28	35	0.55881
30	35	0.50702
32	35	0.52099
41	35	0.63559
45	35	0.48998
48	35	0.54718
49	35	0.71773
50	35	0.61675
56	35	0.84177
57	35	0.59183
67	35	0.52267
69	35	0.51392
73	35	0.79244
76	35	0.47947
78	35	0.54644
79	35	0.56074
80	35	0.42143
81	35	0.66413
82	35	0.48075
84	35	0.49353
85	35	0.46956
88	35	0.4783
99	35	0.6223
101	35	0.6705
103	35	0.8692
104	35	0.57836
105	35	0.46566
106	35	0.47545
107	35	0.55856
110	35	0.5285
111	35	0.50533
113	35	0.47865
114	35	0.62597
117	35	0.5262
124	35	0.63898
128	35	0.53269
133	35	0.57642
141	35	0.50537
143	35	0.50292
146	35	0.51118
147	35	0.52781
148	35	0.69823
4	36	0.99297
5	36	0.98738
6	36	0.96679
9	36	0.95162
11	36	0.97218
13	36	0.97289
14	36	0.98015
15	36	0.99219
16	36	0.93499
17	36	0.82637
18	36	0.97663
19	36	0.99581
20	36	0.98885
21	36	0.99112
22	36	0.99119
23	36	0.99384
24	36	0.98891
26	36	0.96342
27	36	0.98299
29	36	0.97948
31	36	0.97986
33	36	0.99281
37	36	0.73018
38	36	0.99143
39	36	0.96876
40	36	0.99344
42	36	0.98301
43	36	0.98854
46	36	0.99446
47	36	0.98488
48	36	0.93861
50	36	0.91205
51	36	0.99463
52	36	0.98588
53	36	0.9959
55	36	0.98733
66	36	0.99587
69	36	0.96904
72	36	0.98078
74	36	0.99295
81	36	0.93681
85	36	0.96585
86	36	0.96986
87	36	0.97468
88	36	0.96733
93	36	0.99494
95	36	0.98571
96	36	0.99762
101	36	0.93022
102	36	0.97252
111	36	0.78078
116	36	0.95671
121	36	0.975
126	36	0.99894
130	36	0.97199
131	36	0.97468
134	36	0.9687
140	36	0.97258
143	36	0.97836
144	36	0.99241
148	36	0.91447
150	36	0.97742
2	37	0.84685
4	37	0.7445
5	37	0.78211
7	37	0.85102
9	37	0.9017
11	37	0.68545
12	37	0.80767
13	37	0.83174
14	37	0.69936
15	37	0.714
16	37	0.89433
17	37	0.92152
18	37	0.79076
20	37	0.80128
21	37	0.68771
22	37	0.69957
25	37	0.74708
26	37	0.83691
29	37	0.81355
32	37	0.64933
33	37	0.72214
36	37	0.73018
40	37	0.68841
41	37	0.68227
42	37	0.7341
47	37	0.69497
48	37	0.78324
52	37	0.82379
53	37	0.68352
54	37	0.69225
55	37	0.68571
66	37	0.77869
69	37	0.72877
70	37	0.68846
73	37	0.71487
74	37	0.79404
80	37	0.6813
81	37	0.68893
85	37	0.83883
87	37	0.69449
96	37	0.70842
100	37	0.81588
101	37	0.68499
105	37	0.39385
106	37	0.68306
111	37	0.90626
113	37	0.71009
116	37	0.78465
120	37	0.711
126	37	0.73151
143	37	0.71746
146	37	0.68292
148	37	0.68251
4	38	0.97667
5	38	0.96529
6	38	0.99018
9	38	0.92027
11	38	0.9662
13	38	0.96761
14	38	0.98057
15	38	0.97257
16	38	0.89152
18	38	0.95275
19	38	0.9888
20	38	0.98111
21	38	0.97515
22	38	0.9735
23	38	0.99693
24	38	0.9861
26	38	0.92931
27	38	0.99734
29	38	0.95121
31	38	0.98875
33	38	0.97441
36	38	0.99143
39	38	0.99129
40	38	0.9799
42	38	0.99165
43	38	0.99877
46	38	0.99341
47	38	0.96786
50	38	0.89193
51	38	0.99396
52	38	0.96194
53	38	0.98741
54	38	0.98038
55	38	0.99876
60	38	0.96426
65	38	0.96665
66	38	0.98485
69	38	0.97691
70	38	0.95855
72	38	0.99059
74	38	0.97595
75	38	0.97709
77	38	0.97059
78	38	0.96568
85	38	0.95721
86	38	0.98964
87	38	0.99081
88	38	0.98085
91	38	0.98778
93	38	0.98726
95	38	0.99546
96	38	0.9889
102	38	0.98639
104	38	0.96333
116	38	0.96636
121	38	0.99508
126	38	0.99073
129	38	0.96802
130	38	0.98923
131	38	0.99443
134	38	0.98566
140	38	0.97581
143	38	0.984
144	38	0.98289
150	38	0.99453
6	39	0.99498
14	39	0.97683
15	39	0.94194
19	39	0.96597
21	39	0.9448
22	39	0.942
23	39	0.98543
24	39	0.97203
27	39	0.99679
28	39	0.94692
31	39	0.98993
36	39	0.96876
38	39	0.99129
40	39	0.95417
42	39	0.97999
43	39	0.99171
44	39	0.94685
46	39	0.97941
51	39	0.9791
53	39	0.96398
54	39	0.98904
55	39	0.99118
59	39	0.97791
60	39	0.97984
61	39	0.96035
62	39	0.96187
64	39	0.96325
65	39	0.98879
66	39	0.9584
68	39	0.94413
69	39	0.97727
70	39	0.97543
72	39	0.99263
75	39	0.98878
76	39	0.97295
77	39	0.98989
78	39	0.97271
82	39	0.96444
84	39	0.97623
86	39	0.99769
87	39	0.98944
88	39	0.98649
91	39	0.99386
92	39	0.96738
93	39	0.96398
95	39	0.99392
96	39	0.97021
98	39	0.97398
99	39	0.94976
102	39	0.9808
104	39	0.9662
107	39	0.94358
108	39	0.97129
116	39	0.96067
119	39	0.98521
120	39	0.9635
121	39	0.9968
122	39	0.95492
125	39	0.96879
126	39	0.96783
128	39	0.95206
129	39	0.98875
130	39	0.99722
131	39	0.99192
133	39	0.95707
134	39	0.98512
135	39	0.9769
140	39	0.96976
141	39	0.94556
142	39	0.98035
143	39	0.9774
144	39	0.96085
147	39	0.96694
150	39	0.9984
4	40	0.99109
5	40	0.98715
6	40	0.95032
9	40	0.93108
11	40	0.97244
14	40	0.96899
15	40	0.99857
16	40	0.92589
18	40	0.97326
19	40	0.99739
20	40	0.96979
21	40	0.9978
22	40	0.99827
23	40	0.99026
24	40	0.98952
26	40	0.96211
27	40	0.9678
29	40	0.97387
31	40	0.97718
33	40	0.99818
36	40	0.99344
37	40	0.68841
38	40	0.9799
39	40	0.95417
42	40	0.95894
43	40	0.9808
46	40	0.9916
47	40	0.99184
50	40	0.93547
51	40	0.99382
52	40	0.97518
53	40	0.99864
55	40	0.9707
56	40	0.44567
66	40	0.98349
69	40	0.95012
72	40	0.97156
74	40	0.98326
78	40	0.95005
81	40	0.93793
86	40	0.95389
87	40	0.94995
88	40	0.95421
93	40	0.99776
95	40	0.97456
96	40	0.9957
101	40	0.92834
102	40	0.96505
121	40	0.96119
126	40	0.99453
130	40	0.96281
131	40	0.96134
134	40	0.9641
140	40	0.96651
143	40	0.96205
144	40	0.99652
148	40	0.91341
150	40	0.96308
2	41	0.80809
3	41	0.29369
7	41	0.90336
8	41	0.638
10	41	0.41973
12	41	0.9444
25	41	0.95067
28	41	0.88476
30	41	0.9147
32	41	0.82701
34	41	0.90417
35	41	0.63559
37	41	0.68227
44	41	0.89966
45	41	0.92358
48	41	0.87968
49	41	0.91428
57	41	0.88392
61	41	0.88845
63	41	0.74787
64	41	0.90755
67	41	0.91911
71	41	0.88222
73	41	0.84427
76	41	0.88794
79	41	0.88509
80	41	0.69406
82	41	0.89873
83	41	0.93928
84	41	0.88222
89	41	0.90025
90	41	0.90421
92	41	0.89714
94	41	0.92758
97	41	0.92727
100	41	0.94212
103	41	0.85014
105	41	0.35643
106	41	0.96665
107	41	0.89369
108	41	0.87775
109	41	0.90131
110	41	0.97364
111	41	0.80888
112	41	0.93359
113	41	0.92121
114	41	0.97025
115	41	0.88921
116	41	0.87625
117	41	0.92261
118	41	0.89337
120	41	0.90421
123	41	0.90708
124	41	0.52772
128	41	0.88191
132	41	0.93734
133	41	0.878
137	41	0.87883
138	41	0.87491
139	41	0.91974
141	41	0.8857
145	41	0.90771
146	41	0.94436
147	41	0.87354
2	42	0.61186
4	42	0.96614
5	42	0.95913
6	42	0.98476
9	42	0.9392
13	42	0.98699
14	42	0.973
15	42	0.9535
16	42	0.90195
17	42	0.82228
18	42	0.9501
19	42	0.97047
20	42	0.98599
21	42	0.9535
22	42	0.95394
23	42	0.98182
24	42	0.9682
25	42	0.93823
26	42	0.93092
27	42	0.99105
29	42	0.94858
31	42	0.96808
33	42	0.95796
36	42	0.98301
37	42	0.7341
38	42	0.99165
39	42	0.97999
40	42	0.95894
43	42	0.98538
46	42	0.98043
47	42	0.94823
48	42	0.94349
51	42	0.97485
52	42	0.96385
53	42	0.96915
54	42	0.98549
55	42	0.99588
60	42	0.96338
66	42	0.98383
69	42	0.97973
70	42	0.96758
72	42	0.9779
74	42	0.97461
75	42	0.98215
77	42	0.96681
85	42	0.97804
86	42	0.98197
87	42	0.99593
88	42	0.97357
91	42	0.98899
93	42	0.96832
95	42	0.98508
96	42	0.97468
100	42	0.90701
102	42	0.97949
104	42	0.95832
111	42	0.79917
113	42	0.96899
116	42	0.98706
120	42	0.96784
121	42	0.98696
126	42	0.98079
129	42	0.95896
130	42	0.9719
131	42	0.98669
134	42	0.97285
135	42	0.96976
140	42	0.96241
143	42	0.98627
144	42	0.96467
150	42	0.98509
4	43	0.97473
5	43	0.96034
6	43	0.99104
9	43	0.90462
11	43	0.96764
13	43	0.95594
14	43	0.97922
15	43	0.97245
16	43	0.87876
18	43	0.94777
19	43	0.98977
20	43	0.97263
21	43	0.97608
22	43	0.97399
23	43	0.9979
24	43	0.98859
26	43	0.9209
27	43	0.99593
29	43	0.9433
31	43	0.98966
33	43	0.97377
36	43	0.98854
38	43	0.99877
39	43	0.99171
40	43	0.9808
42	43	0.98538
46	43	0.99354
47	43	0.96977
50	43	0.894
51	43	0.99523
52	43	0.95338
53	43	0.98843
54	43	0.97536
55	43	0.99648
60	43	0.9648
65	43	0.96752
66	43	0.9791
69	43	0.9718
72	43	0.99068
74	43	0.96954
75	43	0.97446
77	43	0.97064
78	43	0.96681
85	43	0.94482
86	43	0.98953
87	43	0.98691
88	43	0.98154
91	43	0.98597
93	43	0.98873
95	43	0.99545
96	43	0.98797
102	43	0.98565
104	43	0.96354
116	43	0.95607
121	43	0.995
126	43	0.98828
129	43	0.96865
130	43	0.99051
131	43	0.99547
134	43	0.98735
140	43	0.97755
143	43	0.98084
144	43	0.98473
150	43	0.99442
2	44	0.67935
6	44	0.94712
7	44	0.70901
12	44	0.79516
25	44	0.97455
30	44	0.93513
32	44	0.57313
34	44	0.99455
39	44	0.94685
41	44	0.89966
45	44	0.96983
54	44	0.96921
58	44	0.92876
59	44	0.96897
60	44	0.96023
61	44	0.96835
62	44	0.98279
63	44	0.76671
64	44	0.98941
67	44	0.933
68	44	0.9831
70	44	0.98334
71	44	0.96234
75	44	0.9752
76	44	0.96178
77	44	0.97312
79	44	0.74649
80	44	0.4328
82	44	0.97108
83	44	0.97465
84	44	0.96672
86	44	0.94786
87	44	0.95594
89	44	0.87148
90	44	0.95752
91	44	0.96318
92	44	0.97427
94	44	0.99314
97	44	0.98589
98	44	0.97101
100	44	0.94613
106	44	0.95995
108	44	0.98658
109	44	0.96828
110	44	0.96684
112	44	0.98176
113	44	0.97524
114	44	0.91468
115	44	0.96389
116	44	0.95588
117	44	0.87972
118	44	0.96813
119	44	0.96999
120	44	0.98813
122	44	0.97027
123	44	0.9409
125	44	0.97962
127	44	0.9026
129	44	0.96013
132	44	0.98064
135	44	0.96447
136	44	0.97809
137	44	0.94683
138	44	0.91863
139	44	0.99411
142	44	0.97128
145	44	0.93878
146	44	0.96839
149	44	0.89882
2	45	0.63902
7	45	0.73227
8	45	0.51144
10	45	0.25691
12	45	0.84877
25	45	0.96985
28	45	0.97154
30	45	0.96936
32	45	0.58594
34	45	0.95532
35	45	0.48998
41	45	0.92358
44	45	0.96983
48	45	0.95488
49	45	0.90989
54	45	0.97663
57	45	0.95861
58	45	0.89569
59	45	0.98722
61	45	0.98977
62	45	0.95773
64	45	0.97991
65	45	0.96098
67	45	0.96882
68	45	0.94863
69	45	0.96664
70	45	0.97101
71	45	0.94673
73	45	0.81892
75	45	0.96702
76	45	0.99232
78	45	0.95874
79	45	0.79365
80	45	0.42391
82	45	0.98473
83	45	0.95706
84	45	0.97919
86	45	0.96383
88	45	0.9646
89	45	0.86025
90	45	0.97712
91	45	0.96006
92	45	0.99403
94	45	0.96339
97	45	0.99392
98	45	0.97951
99	45	0.95528
100	45	0.92848
103	45	0.75988
106	45	0.93064
107	45	0.98552
108	45	0.98207
109	45	0.97435
110	45	0.98359
112	45	0.93586
113	45	0.97618
114	45	0.97231
115	45	0.96727
116	45	0.95282
117	45	0.89226
118	45	0.93288
119	45	0.98154
120	45	0.97524
122	45	0.96009
123	45	0.9606
124	45	0.37086
125	45	0.96474
127	45	0.91233
128	45	0.98279
132	45	0.9922
133	45	0.97225
135	45	0.96431
136	45	0.96839
137	45	0.97442
138	45	0.88931
139	45	0.9569
141	45	0.98744
142	45	0.98221
145	45	0.91629
146	45	0.96982
147	45	0.9737
149	45	0.82978
4	46	0.9898
5	46	0.97946
6	46	0.97993
9	46	0.92398
11	46	0.98522
13	46	0.96026
14	46	0.98721
15	46	0.98652
16	46	0.91103
17	46	0.80286
18	46	0.9737
19	46	0.99305
20	46	0.9783
21	46	0.98398
22	46	0.98627
23	46	0.99845
24	46	0.99511
26	46	0.95207
27	46	0.98941
29	46	0.95604
31	46	0.98942
33	46	0.98908
36	46	0.99446
38	46	0.99341
39	46	0.97941
40	46	0.9916
42	46	0.98043
43	46	0.99354
47	46	0.9876
48	46	0.94037
50	46	0.92941
51	46	0.99492
52	46	0.97175
53	46	0.99444
55	46	0.98889
56	46	0.44965
65	46	0.95728
66	46	0.98427
69	46	0.97815
72	46	0.99116
74	46	0.98408
78	46	0.97738
81	46	0.95823
85	46	0.95541
86	46	0.9822
87	46	0.97849
88	46	0.98272
91	46	0.97374
93	46	0.99344
95	46	0.99307
96	46	0.99688
99	46	0.95595
101	46	0.95303
102	46	0.98624
104	46	0.97385
116	46	0.95214
121	46	0.98489
126	46	0.99467
130	46	0.98279
131	46	0.98308
134	46	0.98614
140	46	0.98081
143	46	0.98701
144	46	0.99546
148	46	0.93772
150	46	0.98631
3	47	0.2952
4	47	0.99602
5	47	0.98446
9	47	0.92456
11	47	0.9874
14	47	0.97884
15	47	0.9927
16	47	0.93662
17	47	0.83263
18	47	0.98704
19	47	0.98532
20	47	0.96424
21	47	0.98525
22	47	0.99096
23	47	0.98219
24	47	0.99292
26	47	0.96772
27	47	0.95899
29	47	0.95995
31	47	0.96774
33	47	0.99369
36	47	0.98488
37	47	0.69497
38	47	0.96786
40	47	0.99184
42	47	0.94823
43	47	0.96977
46	47	0.9876
48	47	0.93418
50	47	0.94185
51	47	0.98199
52	47	0.97512
53	47	0.98928
55	47	0.95922
56	47	0.48053
66	47	0.97611
69	47	0.95787
72	47	0.97111
73	47	0.82805
74	47	0.98305
78	47	0.96313
81	47	0.96075
85	47	0.94079
86	47	0.9503
88	47	0.96205
93	47	0.98845
95	47	0.97212
96	47	0.99223
101	47	0.95504
102	47	0.95666
104	47	0.95063
105	47	0.38693
111	47	0.77526
121	47	0.94828
126	47	0.9866
130	47	0.95622
134	47	0.95762
140	47	0.97872
143	47	0.96935
144	47	0.99594
148	47	0.9493
150	47	0.95713
2	48	0.67063
4	48	0.9503
7	48	0.77724
8	48	0.56033
9	48	0.92126
10	48	0.28479
11	48	0.9434
12	48	0.88311
13	48	0.95668
14	48	0.97686
16	48	0.91728
17	48	0.90346
18	48	0.95976
20	48	0.96406
25	48	0.9457
26	48	0.92933
27	48	0.94327
28	48	0.95012
