3	2	0.73621
6	2	0.87706
7	2	0.91212
8	2	0.72069
9	2	0.86083
10	2	0.47243
11	2	0.946
13	2	0.96488
14	2	0.9555
15	2	0.90787
16	2	0.94878
21	2	0.95898
22	2	0.54169
23	2	0.95431
24	2	0.94307
27	2	0.97872
29	2	0.49846
30	2	0.94896
31	2	0.94264
33	2	0.88445
34	2	0.87961
35	2	0.90005
36	2	0.69696
38	2	0.98201
39	2	0.9414
40	2	0.96474
42	2	0.97266
43	2	0.95212
44	2	0.94483
46	2	0.97162
47	2	0.94683
48	2	0.97135
49	2	0.876
50	2	0.44926
51	2	0.85498
52	2	0.92787
54	2	0.95267
56	2	0.91592
57	2	0.62569
58	2	0.97139
61	2	0.9627
62	2	0.9817
63	2	0.95996
64	2	0.9423
66	2	0.84377
72	2	0.79651
73	2	0.7855
74	2	0.8076
76	2	0.94682
81	2	0.90156
83	2	0.94556
85	2	0.67077
90	2	0.94173
92	2	0.9614
93	2	0.97387
94	2	0.95024
95	2	0.94161
96	2	0.96386
97	2	0.97068
100	2	0.97099
102	2	0.94481
103	2	0.69766
104	2	0.9647
105	2	0.77172
107	2	0.94894
108	2	0.94136
110	2	0.97165
115	2	0.81931
116	2	0.96416
117	2	0.95306
126	2	0.95767
129	2	0.95816
131	2	0.95978
133	2	0.87477
134	2	0.98709
135	2	0.95629
142	2	0.96323
144	2	0.97619
145	2	0.87003
148	2	0.72441
150	2	0.95659
2	3	0.73621
4	3	0.78406
6	3	0.74082
7	3	0.81406
9	3	0.7461
10	3	0.68109
13	3	0.7279
14	3	0.7018
15	3	0.72502
21	3	0.75099
22	3	0.5599
29	3	0.59455
30	3	0.69893
33	3	0.75519
34	3	0.86421
35	3	0.76731
36	3	0.70886
38	3	0.7379
39	3	0.70561
40	3	0.73658
42	3	0.78679
43	3	0.7177
44	3	0.69962
46	3	0.72728
48	3	0.73405
49	3	0.70093
50	3	0.60317
51	3	0.75983
52	3	0.84438
54	3	0.71726
56	3	0.74972
57	3	0.66444
58	3	0.70597
63	3	0.74521
66	3	0.7195
72	3	0.77141
73	3	0.85393
74	3	0.78096
80	3	0.68106
81	3	0.7415
85	3	0.67807
92	3	0.73149
94	3	0.69958
96	3	0.80879
100	3	0.73819
103	3	0.72729
104	3	0.7313
105	3	0.76758
110	3	0.77651
115	3	0.74947
127	3	0.76626
131	3	0.72531
133	3	0.69952
134	3	0.76914
144	3	0.74037
145	3	0.78843
150	3	0.74725
3	4	0.78406
6	4	0.97391
7	4	0.9615
9	4	0.98228
10	4	0.83155
13	4	0.87133
15	4	0.92581
21	4	0.90422
22	4	0.85196
29	4	0.82948
33	4	0.96896
34	4	0.88866
35	4	0.95309
36	4	0.96643
38	4	0.8447
39	4	0.87227
40	4	0.89764
42	4	0.86721
43	4	0.85504
44	4	0.80378
46	4	0.85612
48	4	0.84671
49	4	0.93238
50	4	0.86894
51	4	0.98707
52	4	0.90022
54	4	0.85501
56	4	0.93725
57	4	0.87959
63	4	0.85891
66	4	0.9812
72	4	0.96038
73	4	0.92952
74	4	0.97016
80	4	0.90013
81	4	0.92552
85	4	0.95407
92	4	0.85416
96	4	0.91727
103	4	0.78115
104	4	0.87237
105	4	0.9753
115	4	0.99506
117	4	0.80963
127	4	0.95662
131	4	0.86542
133	4	0.93557
134	4	0.85529
144	4	0.88695
145	4	0.91975
148	4	0.9606
150	4	0.8261
12	5	0.99688
17	5	0.99688
18	5	0.99936
19	5	0.99063
20	5	0.98507
25	5	0.99749
26	5	0.99967
32	5	0.9967
41	5	0.9941
45	5	0.99896
53	5	0.99426
55	5	0.99883
59	5	0.98789
60	5	0.99727
65	5	0.99311
67	5	0.99009
68	5	0.99297
69	5	0.99401
70	5	0.98607
75	5	0.98791
78	5	0.99396
79	5	0.9928
82	5	0.99488
84	5	0.99008
86	5	0.99427
87	5	0.99121
88	5	0.99754
91	5	0.99583
98	5	0.98025
99	5	0.98689
101	5	0.99695
109	5	0.99857
111	5	0.99859
113	5	0.99715
114	5	0.99691
118	5	0.99779
120	5	0.98976
121	5	0.98935
122	5	0.99364
123	5	0.98532
124	5	0.99647
128	5	0.994
130	5	0.99337
132	5	0.99566
136	5	0.99669
137	5	0.9892
138	5	0.99265
139	5	0.99905
140	5	0.99402
146	5	0.99392
147	5	0.99782
149	5	0.98655
2	6	0.87706
3	6	0.74082
4	6	0.97391
7	6	0.96637
9	6	0.97637
10	6	0.73238
11	6	0.89009
13	6	0.94999
15	6	0.93363
21	6	0.95388
22	6	0.76272
29	6	0.70912
30	6	0.86853
33	6	0.99028
34	6	0.89648
35	6	0.97919
36	6	0.90891
38	6	0.92037
39	6	0.95392
40	6	0.9599
42	6	0.91272
43	6	0.93592
44	6	0.89037
46	6	0.93423
48	6	0.92639
49	6	0.97601
50	6	0.7615
51	6	0.99399
52	6	0.90855
54	6	0.93573
56	6	0.9831
57	6	0.84456
58	6	0.8788
62	6	0.87064
63	6	0.93894
66	6	0.99063
72	6	0.93611
73	6	0.92112
74	6	0.92956
80	6	0.79367
81	6	0.93859
83	6	0.89212
85	6	0.90765
92	6	0.93654
96	6	0.95891
103	6	0.70762
104	6	0.95018
105	6	0.9613
115	6	0.98542
117	6	0.90381
127	6	0.98405
131	6	0.9441
133	6	0.97277
134	6	0.90258
144	6	0.93465
145	6	0.94352
148	6	0.92208
150	6	0.90885
2	7	0.91212
3	7	0.81406
4	7	0.9615
6	7	0.96637
9	7	0.97565
10	7	0.73766
11	7	0.86243
13	7	0.92966
15	7	0.96808
21	7	0.94423
22	7	0.79627
29	7	0.74691
33	7	0.97923
34	7	0.89304
35	7	0.9742
36	7	0.90542
38	7	0.92533
39	7	0.91783
40	7	0.95594
42	7	0.92431
43	7	0.91023
46	7	0.93022
48	7	0.91019
49	7	0.9491
50	7	0.76633
51	7	0.96898
52	7	0.93743
54	7	0.89913
56	7	0.97268
57	7	0.81338
58	7	0.87001
62	7	0.87929
63	7	0.91787
66	7	0.96992
72	7	0.91283
73	7	0.91894
74	7	0.93319
80	7	0.83187
81	7	0.98369
83	7	0.86179
85	7	0.89559
92	7	0.914
96	7	0.97503
100	7	0.88372
103	7	0.81445
104	7	0.94078
105	7	0.94302
110	7	0.89607
115	7	0.95517
117	7	0.87989
127	7	0.93864
131	7	0.92332
133	7	0.94557
134	7	0.94115
144	7	0.96779
145	7	0.89891
148	7	0.9306
150	7	0.88845
2	8	0.72069
14	8	0.69329
16	8	0.71147
25	8	0.68469
27	8	0.68843
28	8	0.69052
30	8	0.68254
34	8	0.72033
42	8	0.75257
44	8	0.69529
52	8	0.7034
58	8	0.68796
59	8	0.69709
61	8	0.69831
62	8	0.68425
64	8	0.69803
70	8	0.70906
71	8	0.71486
75	8	0.69582
77	8	0.76545
79	8	0.70816
84	8	0.70572
86	8	0.71068
89	8	0.76607
90	8	0.7316
93	8	0.73499
94	8	0.6853
97	8	0.70468
98	8	0.72963
99	8	0.70252
100	8	0.71762
102	8	0.71538
106	8	0.75157
107	8	0.69071
108	8	0.70451
110	8	0.7545
112	8	0.6825
116	8	0.736
119	8	0.7024
121	8	0.70582
122	8	0.69794
123	8	0.69743
125	8	0.73068
129	8	0.72702
132	8	0.68819
134	8	0.70679
137	8	0.70806
138	8	0.70016
142	8	0.7077
150	8	0.68364
2	9	0.86083
3	9	0.7461
4	9	0.98228
6	9	0.97637
7	9	0.97565
10	9	0.79641
13	9	0.90547
15	9	0.95936
21	9	0.93334
22	9	0.84707
29	9	0.8114
33	9	0.98402
34	9	0.88303
35	9	0.9688
36	9	0.94781
38	9	0.88394
39	9	0.90265
40	9	0.9417
42	9	0.90364
43	9	0.88436
44	9	0.83022
46	9	0.90614
48	9	0.87765
49	9	0.94167
50	9	0.82105
51	9	0.98328
52	9	0.90445
54	9	0.87948
56	9	0.96204
57	9	0.87779
63	9	0.88093
66	9	0.98359
72	9	0.92749
73	9	0.89945
74	9	0.95001
80	9	0.85805
81	9	0.96
85	9	0.93948
92	9	0.88296
96	9	0.95057
100	9	0.83519
103	9	0.79429
104	9	0.90662
105	9	0.95774
110	9	0.83085
115	9	0.9824
117	9	0.84202
127	9	0.94218
131	9	0.89784
133	9	0.94422
134	9	0.89927
144	9	0.93385
145	9	0.89831
148	9	0.9464
150	9	0.84956
2	10	0.47243
3	10	0.68109
4	10	0.83155
6	10	0.73238
7	10	0.73766
9	10	0.79641
13	10	0.54288
15	10	0.70397
21	10	0.5701
22	10	0.89055
29	10	0.88323
33	10	0.758
34	10	0.67509
35	10	0.73031
36	10	0.90299
38	10	0.47782
39	10	0.54365
40	10	0.60806
42	10	0.55524
43	10	0.50369
46	10	0.53327
48	10	0.48088
49	10	0.69235
50	10	0.9199
51	10	0.7595
52	10	0.61775
54	10	0.5043
56	10	0.69309
57	10	0.94654
63	10	0.5057
66	10	0.78798
72	10	0.76259
73	10	0.83453
74	10	0.77418
80	10	0.865
81	10	0.69959
85	10	0.91145
92	10	0.50234
96	10	0.64646
103	10	0.61872
104	10	0.55324
105	10	0.85915
115	10	0.7964
127	10	0.68944
131	10	0.55376
133	10	0.7146
134	10	0.5177
144	10	0.58083
145	10	0.63468
148	10	0.87721
2	11	0.946
6	11	0.89009
7	11	0.86243
12	11	0.97006
13	11	0.98189
14	11	0.98962
19	11	0.9759
20	11	0.98522
21	11	0.94218
23	11	0.98764
24	11	0.99011
27	11	0.98402
28	11	0.9861
30	11	0.98984
31	11	0.99298
33	11	0.87626
35	11	0.87719
37	11	0.99074
38	11	0.96947
39	11	0.98425
40	11	0.95358
42	11	0.9279
43	11	0.98462
44	11	0.96937
46	11	0.97958
47	11	0.98599
48	11	0.97835
49	11	0.90874
51	11	0.85384
54	11	0.97481
56	11	0.92988
57	11	0.61597
58	11	0.98147
59	11	0.9719
61	11	0.98065
62	11	0.97636
63	11	0.98088
64	11	0.97784
65	11	0.97212
66	11	0.83799
67	11	0.97197
68	11	0.97602
76	11	0.98281
78	11	0.97015
81	11	0.84835
83	11	0.99151
87	11	0.97916
90	11	0.97393
92	11	0.98599
94	11	0.98824
95	11	0.99387
96	11	0.94069
100	11	0.95502
104	11	0.98039
108	11	0.96954
110	11	0.91924
117	11	0.98784
120	11	0.97349
123	11	0.97341
126	11	0.99184
127	11	0.88943
131	11	0.98064
133	11	0.89238
134	11	0.92163
135	11	0.9898
141	11	0.99611
142	11	0.98054
143	11	0.98187
144	11	0.91931
145	11	0.86805
146	11	0.9748
150	11	0.97764
5	12	0.99688
11	12	0.97006
17	12	0.9914
18	12	0.9941
19	12	0.99629
20	12	0.99432
23	12	0.98749
24	12	0.98656
25	12	0.99624
26	12	0.99549
28	12	0.98586
31	12	0.98868
32	12	0.99854
37	12	0.98443
41	12	0.99731
45	12	0.99777
47	12	0.98693
53	12	0.98399
55	12	0.99792
59	12	0.99398
60	12	0.99418
64	12	0.99071
65	12	0.99751
67	12	0.99443
68	12	0.99749
69	12	0.98675
70	12	0.98848
71	12	0.98851
75	12	0.99339
76	12	0.98927
78	12	0.99764
79	12	0.99603
82	12	0.99751
84	12	0.99419
86	12	0.99344
87	12	0.99796
88	12	0.99649
91	12	0.99803
95	12	0.98656
99	12	0.99322
101	12	0.99054
106	12	0.98271
107	12	0.98517
108	12	0.99209
109	12	0.99165
111	12	0.99623
112	12	0.98567
113	12	0.99358
114	12	0.99503
118	12	0.99521
119	12	0.99074
120	12	0.99477
121	12	0.99435
122	12	0.99018
123	12	0.99286
124	12	0.98974
125	12	0.98083
128	12	0.99209
130	12	0.98972
132	12	0.99134
135	12	0.98452
136	12	0.99159
137	12	0.9846
138	12	0.99431
139	12	0.99296
140	12	0.98584
141	12	0.98363
143	12	0.9905
146	12	0.99742
147	12	0.99593
149	12	0.97746
2	13	0.96488
3	13	0.7279
4	13	0.87133
6	13	0.94999
7	13	0.92966
9	13	0.90547
10	13	0.54288
11	13	0.98189
14	13	0.97316
15	13	0.89665
20	13	0.9515
21	13	0.98305
22	13	0.57054
23	13	0.963
24	13	0.9622
27	13	0.97537
28	13	0.9596
29	13	0.51174
30	13	0.97522
31	13	0.96518
33	13	0.94001
34	13	0.88854
35	13	0.93898
36	13	0.75459
37	13	0.96375
38	13	0.98875
39	13	0.99577
40	13	0.98674
42	13	0.96666
43	13	0.99397
44	13	0.97088
46	13	0.99274
47	13	0.95949
48	13	0.9922
49	13	0.94684
50	13	0.53607
51	13	0.92767
52	13	0.9114
54	13	0.99151
56	13	0.96902
57	13	0.70548
58	13	0.9802
61	13	0.97027
62	13	0.97637
63	13	0.99485
64	13	0.95015
66	13	0.91335
72	13	0.85628
73	13	0.84329
74	13	0.83675
76	13	0.95206
80	13	0.61873
81	13	0.91302
83	13	0.98097
85	13	0.74885
90	13	0.95163
92	13	0.9972
94	13	0.97453
95	13	0.96657
96	13	0.97961
97	13	0.95418
100	13	0.95937
103	13	0.66475
104	13	0.9963
105	13	0.84999
110	13	0.9402
115	13	0.89612
117	13	0.98654
126	13	0.97221
127	13	0.94707
131	13	0.99368
133	13	0.93766
134	13	0.95985
135	13	0.96846
141	13	0.97214
142	13	0.96268
143	13	0.94867
144	13	0.96483
145	13	0.92794
148	13	0.78406
150	13	0.98489
2	14	0.9555
3	14	0.7018
8	14	0.69329
11	14	0.98962
13	14	0.97316
19	14	0.97776
20	14	0.98205
21	14	0.94565
23	14	0.98839
24	14	0.99347
27	14	0.98913
28	14	0.99098
30	14	0.99704
31	14	0.99218
34	14	0.83117
37	14	0.97942
38	14	0.97229
39	14	0.96995
40	14	0.93381
41	14	0.97727
42	14	0.94672
43	14	0.98403
44	14	0.98542
46	14	0.96737
47	14	0.9927
48	14	0.98215
49	14	0.88364
52	14	0.86027
54	14	0.976
56	14	0.8991
58	14	0.98686
59	14	0.98562
61	14	0.99494
62	14	0.98561
63	14	0.97864
64	14	0.98737
65	14	0.9786
67	14	0.98107
68	14	0.97939
71	14	0.98471
75	14	0.98115
76	14	0.99084
78	14	0.9774
83	14	0.99188
87	14	0.98101
89	14	0.98187
90	14	0.98924
92	14	0.98409
93	14	0.95971
94	14	0.99733
95	14	0.99149
96	14	0.93305
97	14	0.98148
99	14	0.97786
100	14	0.97187
104	14	0.96783
108	14	0.98216
110	14	0.95152
112	14	0.98104
116	14	0.98353
117	14	0.99349
119	14	0.98184
120	14	0.98288
123	14	0.98663
126	14	0.99557
127	14	0.87954
129	14	0.96583
131	14	0.9741
133	14	0.87082
134	14	0.93683
135	14	0.98673
141	14	0.98902
142	14	0.99397
143	14	0.98423
144	14	0.91313
145	14	0.87875
150	14	0.98645
2	15	0.90787
3	15	0.72502
4	15	0.92581
6	15	0.93363
7	15	0.96808
9	15	0.95936
10	15	0.70397
13	15	0.89665
21	15	0.92343
22	15	0.8346
27	15	0.83757
29	15	0.7937
33	15	0.95731
34	15	0.89384
35	15	0.96956
36	15	0.90913
38	15	0.903
39	15	0.87273
40	15	0.94477
42	15	0.90574
43	15	0.8593
46	15	0.90033
48	15	0.88173
49	15	0.88968
50	15	0.74474
51	15	0.93589
52	15	0.9403
54	15	0.86908
56	15	0.93213
57	15	0.79851
58	15	0.84468
62	15	0.85251
63	15	0.87899
66	15	0.94443
72	15	0.86741
73	15	0.86144
74	15	0.93164
80	15	0.81285
81	15	0.95477
85	15	0.88598
92	15	0.87241
96	15	0.94069
100	15	0.83924
103	15	0.76003
104	15	0.90147
105	15	0.91311
110	15	0.8632
115	15	0.92557
117	15	0.82911
127	15	0.90414
131	15	0.88145
133	15	0.89714
134	15	0.93204
144	15	0.96565
145	15	0.86923
148	15	0.90473
150	15	0.84626
2	16	0.94878
8	16	0.71147
19	16	0.93137
20	16	0.92068
23	16	0.93788
24	16	0.9187
27	16	0.94565
41	16	0.92247
47	16	0.93259
55	16	0.91758
58	16	0.92287
59	16	0.92645
60	16	0.92125
61	16	0.92293
62	16	0.94964
64	16	0.92601
65	16	0.92064
68	16	0.91897
71	16	0.9215
75	16	0.93671
76	16	0.93607
77	16	0.95676
78	16	0.92405
79	16	0.92304
82	16	0.93159
84	16	0.93901
86	16	0.92463
87	16	0.9192
91	16	0.93004
93	16	0.98435
97	16	0.96314
98	16	0.95114
99	16	0.93661
100	16	0.94422
102	16	0.98696
106	16	0.94357
107	16	0.96076
108	16	0.94281
114	16	0.92489
116	16	0.95727
118	16	0.91947
119	16	0.93658
120	16	0.92427
121	16	0.93633
123	16	0.92904
126	16	0.92519
129	16	0.96698
134	16	0.92118
135	16	0.92899
138	16	0.93517
142	16	0.93555
5	17	0.99688
12	17	0.9914
18	17	0.99711
19	17	0.98221
25	17	0.99529
26	17	0.99794
32	17	0.99314
41	17	0.99037
45	17	0.99628
53	17	0.99677
55	17	0.99477
59	17	0.98191
60	17	0.99638
65	17	0.98583
67	17	0.98333
68	17	0.98507
69	17	0.99602
75	17	0.98221
78	17	0.98915
79	17	0.99043
82	17	0.99148
84	17	0.99011
86	17	0.9937
87	17	0.98346
88	17	0.99408
91	17	0.99173
98	17	0.9853
99	17	0.98348
101	17	0.99858
102	17	0.94479
109	17	0.99678
111	17	0.99502
113	17	0.99549
114	17	0.99748
118	17	0.99561
120	17	0.98368
121	17	0.98591
122	17	0.99247
123	17	0.98087
124	17	0.99637
128	17	0.99041
130	17	0.99227
132	17	0.99622
136	17	0.994
137	17	0.99015
138	17	0.99086
139	17	0.99711
140	17	0.99559
146	17	0.98635
147	17	0.99251
149	17	0.9853
5	18	0.99936
12	18	0.9941
17	18	0.99711
19	18	0.98706
25	18	0.99707
26	18	0.99958
32	18	0.99476
41	18	0.99133
45	18	0.99796
53	18	0.99681
55	18	0.9971
59	18	0.98425
60	18	0.99717
65	18	0.99035
67	18	0.98747
68	18	0.98963
69	18	0.99563
70	18	0.98526
75	18	0.98411
78	18	0.99127
79	18	0.99073
82	18	0.9925
84	18	0.98741
86	18	0.99371
87	18	0.98702
88	18	0.99641
91	18	0.99316
98	18	0.97999
99	18	0.98417
101	18	0.99767
109	18	0.9995
111	18	0.99715
113	18	0.99723
114	18	0.99606
118	18	0.99682
119	18	0.98139
120	18	0.98627
121	18	0.9863
122	18	0.99384
124	18	0.99792
128	18	0.99318
130	18	0.99396
132	18	0.99632
136	18	0.99715
137	18	0.98996
138	18	0.99081
139	18	0.99964
140	18	0.9959
146	18	0.99
147	18	0.99638
149	18	0.9882
5	19	0.99063
11	19	0.9759
12	19	0.99629
14	19	0.97776
16	19	0.93137
17	19	0.98221
18	19	0.98706
20	19	0.99707
23	19	0.99446
24	19	0.99118
25	19	0.99079
26	19	0.98783
27	19	0.9802
28	19	0.9918
30	19	0.97902
31	19	0.99359
32	19	0.99292
37	19	0.98694
41	19	0.99477
45	19	0.99214
46	19	0.94365
47	19	0.99297
53	19	0.97499
55	19	0.99475
58	19	0.97339
59	19	0.99435
60	19	0.99039
62	19	0.97177
64	19	0.99295
65	19	0.997
67	19	0.99119
68	19	0.99681
69	19	0.98001
70	19	0.98716
71	19	0.9893
75	19	0.99581
76	19	0.99426
77	19	0.97568
78	19	0.99645
79	19	0.99326
82	19	0.99633
84	19	0.99295
86	19	0.99051
87	19	0.99743
88	19	0.99347
89	19	0.97094
90	19	0.98154
91	19	0.99728
93	19	0.96165
94	19	0.97995
95	19	0.99025
97	19	0.9849
98	19	0.97892
99	19	0.994
100	19	0.95462
101	19	0.98195
102	19	0.95192
106	19	0.98284
107	19	0.99037
108	19	0.99538
109	19	0.98271
111	19	0.99081
112	19	0.98842
113	19	0.98809
114	19	0.99052
116	19	0.98089
118	19	0.99135
119	19	0.99242
120	19	0.99411
121	19	0.99485
123	19	0.99235
125	19	0.98059
126	19	0.98404
128	19	0.98763
129	19	0.97134
135	19	0.9905
136	19	0.98327
138	19	0.99327
139	19	0.98537
141	19	0.98675
142	19	0.98423
143	19	0.98871
146	19	0.99572
147	19	0.98978
149	19	0.96747
5	20	0.98507
11	20	0.98522
12	20	0.99432
13	20	0.9515
14	20	0.98205
16	20	0.92068
19	20	0.99707
23	20	0.99715
24	20	0.99453
27	20	0.98271
28	20	0.9934
30	20	0.98488
31	20	0.99688
32	20	0.98902
37	20	0.99606
38	20	0.95433
39	20	0.94772
41	20	0.99063
43	20	0.95516
45	20	0.98652
46	20	0.95795
47	20	0.99405
48	20	0.95335
54	20	0.94268
55	20	0.99047
58	20	0.98016
59	20	0.9915
61	20	0.97271
62	20	0.97707
63	20	0.95157
64	20	0.99509
65	20	0.99419
67	20	0.98768
68	20	0.99486
75	20	0.99274
76	20	0.99277
78	20	0.99309
79	20	0.98847
82	20	0.9922
83	20	0.97122
84	20	0.9878
87	20	0.99731
88	20	0.987
90	20	0.98131
91	20	0.99341
92	20	0.95909
93	20	0.95727
94	20	0.98537
95	20	0.99484
97	20	0.98473
99	20	0.98908
100	20	0.9604
102	20	0.94258
104	20	0.9465
107	20	0.98603
108	20	0.99242
111	20	0.98564
112	20	0.98675
116	20	0.9775
117	20	0.97004
118	20	0.98418
119	20	0.98865
120	20	0.99119
121	20	0.99178
123	20	0.98967
126	20	0.98895
129	20	0.96561
135	20	0.99536
138	20	0.98739
141	20	0.99395
142	20	0.98524
143	20	0.99461
146	20	0.99518
147	20	0.98561
150	20	0.96013
2	21	0.95898
3	21	0.75099
4	21	0.90422
6	21	0.95388
7	21	0.94423
9	21	0.93334
10	21	0.5701
11	21	0.94218
13	21	0.98305
14	21	0.94565
15	21	0.92343
22	21	0.62347
24	21	0.92654
27	21	0.95079
28	21	0.92982
29	21	0.60074
30	21	0.949
31	21	0.9275
33	21	0.94188
34	21	0.91636
35	21	0.93974
36	21	0.79731
38	21	0.98484
39	21	0.97419
40	21	0.97863
42	21	0.98734
43	21	0.97871
44	21	0.95729
46	21	0.97763
48	21	0.98465
49	21	0.92649
50	21	0.58903
51	21	0.94678
52	21	0.94962
54	21	0.98125
56	21	0.95325
57	21	0.70297
58	21	0.96328
61	21	0.94749
62	21	0.96126
63	21	0.97819
66	21	0.91947
72	21	0.89732
73	21	0.82818
74	21	0.89887
80	21	0.69486
81	21	0.92408
83	21	0.94767
85	21	0.77183
92	21	0.98079
94	21	0.95221
96	21	0.98084
97	21	0.93173
100	21	0.95668
103	21	0.75152
104	21	0.97213
105	21	0.85347
110	21	0.94577
115	21	0.92535
117	21	0.96613
126	21	0.93711
127	21	0.95668
131	21	0.97034
133	21	0.92204
134	21	0.97888
135	21	0.92787
141	21	0.9315
142	21	0.93642
144	21	0.97231
145	21	0.95208
148	21	0.80082
150	21	0.97564
2	22	0.54169
3	22	0.5599
4	22	0.85196
6	22	0.76272
7	22	0.79627
9	22	0.84707
10	22	0.89055
13	22	0.57054
15	22	0.8346
21	22	0.62347
29	22	0.9679
33	22	0.80423
34	22	0.65882
35	22	0.79333
36	22	0.94996
38	22	0.54655
39	22	0.55753
40	22	0.66563
42	22	0.58017
43	22	0.51669
46	22	0.57382
48	22	0.51923
49	22	0.69862
50	22	0.95462
51	22	0.79568
52	22	0.68023
54	22	0.52069
56	22	0.72208
57	22	0.8656
63	22	0.53209
66	22	0.83372
72	22	0.74375
73	22	0.76386
74	22	0.83213
80	22	0.91074
81	22	0.78969
85	22	0.94766
92	22	0.52338
96	22	0.67457
103	22	0.68173
104	22	0.58585
105	22	0.86761
115	22	0.82315
127	22	0.69436
131	22	0.55776
133	22	0.71528
134	22	0.60312
144	22	0.68662
145	22	0.62226
148	22	0.92351
2	23	0.95431
11	23	0.98764
12	23	0.98749
13	23	0.963
14	23	0.98839
16	23	0.93788
19	23	0.99446
20	23	0.99715
24	23	0.99633
27	23	0.99216
28	23	0.99339
30	23	0.98792
31	23	0.99738
37	23	0.9926
38	23	0.96668
39	23	0.95663
40	23	0.93213
41	23	0.98746
42	23	0.92382
43	23	0.96615
44	23	0.95499
46	23	0.96783
47	23	0.99771
48	23	0.96508
54	23	0.95444
55	23	0.98348
58	23	0.98605
59	23	0.99133
61	23	0.98364
62	23	0.98772
63	23	0.96103
64	23	0.99417
65	23	0.99101
67	23	0.9854
68	23	0.99233
71	23	0.9848
75	23	0.99212
76	23	0.99651
78	23	0.99051
79	23	0.9844
82	23	0.98929
83	23	0.98045
84	23	0.98602
87	23	0.99365
90	23	0.98272
91	23	0.98931
92	23	0.96895
93	23	0.97042
94	23	0.98939
95	23	0.99662
97	23	0.99173
99	23	0.98893
100	23	0.97194
102	23	0.95224
104	23	0.95883
106	23	0.97879
107	23	0.98938
108	23	0.99247
110	23	0.91889
112	23	0.98542
116	23	0.98531
117	23	0.97925
119	23	0.98919
120	23	0.99115
121	23	0.98918
123	23	0.99055
126	23	0.99501
129	23	0.97405
131	23	0.95522
134	23	0.92483
135	23	0.99803
138	23	0.98399
141	23	0.99259
142	23	0.99132
143	23	0.99054
144	23	0.9126
146	23	0.99105
150	23	0.96738
2	24	0.94307
11	24	0.99011
12	24	0.98656
13	24	0.9622
14	24	0.99347
16	24	0.9187
19	24	0.99118
20	24	0.99453
21	24	0.92654
23	24	0.99633
27	24	0.9854
28	24	0.99649
30	24	0.99117
31	24	0.99837
32	24	0.98309
37	24	0.99186
38	24	0.96176
39	24	0.96109
41	24	0.98687
42	24	0.92377
43	24	0.97249
44	24	0.96302
46	24	0.9657
47	24	0.99798
48	24	0.96506
54	24	0.95601
58	24	0.98096
59	24	0.99173
61	24	0.98356
62	24	0.98209
63	24	0.96217
64	24	0.9936
65	24	0.98778
67	24	0.9884
68	24	0.98995
71	24	0.98656
75	24	0.99018
76	24	0.99446
78	24	0.9897
79	24	0.98271
82	24	0.98539
83	24	0.9844
84	24	0.9829
87	24	0.9907
88	24	0.98116
89	24	0.97139
90	24	0.98245
91	24	0.98589
92	24	0.97133
93	24	0.95953
94	24	0.99413
95	24	0.99639
97	24	0.98356
99	24	0.98424
100	24	0.97286
104	24	0.95827
108	24	0.98915
110	24	0.92045
112	24	0.9914
116	24	0.98052
117	24	0.98392
119	24	0.98829
120	24	0.99068
121	24	0.98425
123	24	0.9898
125	24	0.97959
126	24	0.99542
131	24	0.95847
134	24	0.91854
135	24	0.99179
141	24	0.99272
142	24	0.98898
143	24	0.99366
146	24	0.98979
150	24	0.9708
5	25	0.99749
8	25	0.68469
12	25	0.99624
17	25	0.99529
18	25	0.99707
19	25	0.99079
26	25	0.99749
32	25	0.99875
41	25	0.99749
45	25	0.99918
53	25	0.99277
55	25	0.99637
59	25	0.9934
60	25	0.99572
65	25	0.99557
67	25	0.99467
68	25	0.9943
69	25	0.99493
70	25	0.99415
71	25	0.99101
75	25	0.99175
77	25	0.97696
78	25	0.9961
79	25	0.99715
82	25	0.99684
84	25	0.99426
86	25	0.9982
87	25	0.992
88	25	0.99876
89	25	0.97311
91	25	0.99635
98	25	0.98587
99	25	0.9919
101	25	0.99595
102	25	0.9424
106	25	0.98395
107	25	0.98297
108	25	0.98922
109	25	0.99545
111	25	0.99605
112	25	0.98281
113	25	0.9991
114	25	0.99814
118	25	0.9984
119	25	0.991
120	25	0.99388
121	25	0.99257
122	25	0.99755
123	25	0.99194
124	25	0.99662
125	25	0.98727
128	25	0.99709
129	25	0.96491
130	25	0.99745
132	25	0.99862
136	25	0.99694
137	25	0.99377
138	25	0.99578
139	25	0.99692
140	25	0.99549
143	25	0.97954
146	25	0.9922
147	25	0.99631
149	25	0.98681
5	26	0.99967
12	26	0.99549
17	26	0.99794
18	26	0.99958
19	26	0.98783
25	26	0.99749
32	26	0.99619
41	26	0.99292
45	26	0.99855
53	26	0.99575
55	26	0.99763
59	26	0.98629
60	26	0.9966
65	26	0.99109
67	26	0.98896
68	26	0.99065
69	26	0.995
70	26	0.98501
75	26	0.98599
78	26	0.99276
79	26	0.99211
82	26	0.99357
84	26	0.98914
86	26	0.99435
87	26	0.98854
88	26	0.99712
91	26	0.99433
98	26	0.98098
99	26	0.98488
101	26	0.99839
109	26	0.99907
111	26	0.99802
113	26	0.99741
114	26	0.99677
118	26	0.99727
119	26	0.98357
120	26	0.98791
121	26	0.98777
122	26	0.99404
124	26	0.99781
128	26	0.99413
130	26	0.99371
132	26	0.99665
136	26	0.99721
137	26	0.99123
138	26	0.99154
139	26	0.99944
140	26	0.99565
146	26	0.99167
147	26	0.99733
149	26	0.98809
2	27	0.97872
8	27	0.68843
11	27	0.98402
13	27	0.97537
14	27	0.98913
15	27	0.83757
16	27	0.94565
19	27	0.9802
20	27	0.98271
21	27	0.95079
23	27	0.99216
24	27	0.9854
28	27	0.98327
30	27	0.98787
31	27	0.98782
34	27	0.8351
35	27	0.86311
37	27	0.97759
38	27	0.98327
39	27	0.96375
40	27	0.95129
42	27	0.95176
43	27	0.97427
44	27	0.97081
46	27	0.97539
47	27	0.98987
48	27	0.98339
52	27	0.87472
54	27	0.97232
56	27	0.90215
58	27	0.9937
59	27	0.97942
61	27	0.99284
62	27	0.99571
63	27	0.9757
64	27	0.9838
65	27	0.97757
68	27	0.97734
71	27	0.97641
75	27	0.97989
76	27	0.9908
81	27	0.84953
83	27	0.98311
87	27	0.9806
89	27	0.97113
90	27	0.98404
92	27	0.97988
93	27	0.98001
94	27	0.98707
95	27	0.98831
96	27	0.9384
97	27	0.99406
99	27	0.98115
100	27	0.97373
102	27	0.95323
104	27	0.97051
107	27	0.98545
108	27	0.98424
110	27	0.95209
116	27	0.98922
117	27	0.98423
119	27	0.9786
120	27	0.97782
121	27	0.97754
123	27	0.98248
126	27	0.99289
129	27	0.9814
131	27	0.96975
134	27	0.95556
135	27	0.99337
141	27	0.98487
142	27	0.9949
144	27	0.94097
150	27	0.97906
8	28	0.69052
11	28	0.9861
12	28	0.98586
13	28	0.9596
14	28	0.99098
19	28	0.9918
20	28	0.9934
21	28	0.92982
23	28	0.99339
24	28	0.99649
27	28	0.98327
30	28	0.99236
31	28	0.99745
32	28	0.98308
37	28	0.9884
38	28	0.95958
39	28	0.9579
41	28	0.98534
42	28	0.93001
43	28	0.9688
44	28	0.96202
46	28	0.96338
47	28	0.99465
48	28	0.96586
54	28	0.95918
58	28	0.98303
59	28	0.99116
61	28	0.98086
62	28	0.97828
63	28	0.95975
64	28	0.99462
65	28	0.98891
67	28	0.98651
68	28	0.98807
70	28	0.98059
71	28	0.98791
75	28	0.99062
76	28	0.99194
78	28	0.98779
79	28	0.98408
82	28	0.98405
83	28	0.97743
84	28	0.98046
87	28	0.9898
88	28	0.98082
89	28	0.97902
90	28	0.98818
91	28	0.98506
92	28	0.96927
94	28	0.99465
95	28	0.9918
97	28	0.98141
99	28	0.98264
100	28	0.9703
104	28	0.94909
108	28	0.98934
112	28	0.99236
117	28	0.97998
119	28	0.98771
120	28	0.98713
121	28	0.98575
123	28	0.98698
125	28	0.98241
126	28	0.9883
131	28	0.9522
134	28	0.91575
135	28	0.98907
141	28	0.99242
142	28	0.98731
143	28	0.99189
146	28	0.98552
150	28	0.97359
2	29	0.49846
3	29	0.59455
4	29	0.82948
6	29	0.70912
7	29	0.74691
9	29	0.8114
10	29	0.88323
13	29	0.51174
15	29	0.7937
21	29	0.60074
22	29	0.9679
33	29	0.74099
34	29	0.6857
35	29	0.7338
36	29	0.92978
38	29	0.49997
39	29	0.49239
40	29	0.605
42	29	0.57832
46	29	0.5117
48	29	0.47935
49	29	0.61537
50	29	0.93179
51	29	0.75644
52	29	0.69403
54	29	0.48262
56	29	0.64307
57	29	0.82098
63	29	0.47962
66	29	0.77022
72	29	0.75595
73	29	0.71529
74	29	0.85408
80	29	0.92937
81	29	0.72025
85	29	0.89653
92	29	0.47082
96	29	0.62926
103	29	0.71701
104	29	0.51208
105	29	0.80964
110	29	0.47489
115	29	0.79797
127	29	0.66839
131	29	0.4964
133	29	0.64272
134	29	0.58068
144	29	0.63293
145	29	0.63337
148	29	0.86065
2	30	0.94896
3	30	0.69893
6	30	0.86853
8	30	0.68254
11	30	0.98984
13	30	0.97522
14	30	0.99704
19	30	0.97902
20	30	0.98488
21	30	0.949
23	30	0.98792
24	30	0.99117
27	30	0.98787
28	30	0.99236
31	30	0.9928
34	30	0.84089
37	30	0.9834
38	30	0.97522
39	30	0.9719
40	30	0.93631
41	30	0.97746
42	30	0.94433
43	30	0.98347
44	30	0.98029
46	30	0.96754
47	30	0.99095
48	30	0.98459
49	30	0.87593
52	30	0.86437
54	30	0.98018
56	30	0.89906
58	30	0.99231
59	30	0.98514
61	30	0.99184
62	30	0.98493
63	30	0.98272
64	30	0.99004
65	30	0.98128
67	30	0.97891
68	30	0.98019
71	30	0.98445
75	30	0.98235
76	30	0.98862
83	30	0.98854
87	30	0.98395
89	30	0.98538
90	30	0.9938
92	30	0.98636
94	30	0.9985
95	30	0.99149
96	30	0.93069
97	30	0.98119
100	30	0.96702
104	30	0.96637
108	30	0.98328
110	30	0.93967
112	30	0.98122
116	30	0.97886
117	30	0.99323
119	30	0.98201
120	30	0.98068
121	30	0.97763
123	30	0.98482
126	30	0.99254
127	30	0.88661
131	30	0.96938
134	30	0.9327
135	30	0.98846
141	30	0.99348
142	30	0.99359
143	30	0.9858
144	30	0.91106
145	30	0.8891
150	30	0.99176
2	31	0.94264
11	31	0.99298
12	31	0.98868
13	31	0.96518
14	31	0.99218
19	31	0.99359
20	31	0.99688
21	31	0.9275
23	31	0.99738
24	31	0.99837
27	31	0.98782
28	31	0.99745
30	31	0.9928
32	31	0.9843
37	31	0.99408
38	31	0.96273
39	31	0.96405
40	31	0.93008
41	31	0.98716
42	31	0.92213
43	31	0.97201
44	31	0.96249
46	31	0.96727
47	31	0.99722
48	31	0.96796
54	31	0.96099
55	31	0.98166
58	31	0.98441
59	31	0.99134
61	31	0.98395
62	31	0.98134
63	31	0.96517
64	31	0.99361
65	31	0.99093
67	31	0.98882
68	31	0.99236
71	31	0.98629
75	31	0.99003
76	31	0.99532
78	31	0.98995
79	31	0.98369
82	31	0.98657
83	31	0.98477
84	31	0.98234
87	31	0.99367
89	31	0.97349
90	31	0.98595
91	31	0.987
92	31	0.97318
93	31	0.95605
94	31	0.9935
95	31	0.99812
97	31	0.98369
99	31	0.98632
100	31	0.96561
104	31	0.95926
108	31	0.98947
112	31	0.9881
116	31	0.97887
117	31	0.98327
119	31	0.98708
120	31	0.99077
121	31	0.98579
123	31	0.98972
126	31	0.99456
131	31	0.95965
135	31	0.99541
141	31	0.99707
142	31	0.98959
143	31	0.9927
146	31	0.99098
150	31	0.97266
5	32	0.9967
12	32	0.99854
17	32	0.99314
18	32	0.99476
19	32	0.99292
20	32	0.98902
24	32	0.98309
25	32	0.99875
26	32	0.99619
28	32	0.98308
31	32	0.9843
37	32	0.97613
41	32	0.99867
45	32	0.99852
47	32	0.98452
53	32	0.9873
55	32	0.99626
59	32	0.99542
60	32	0.99341
64	32	0.98931
65	32	0.99708
67	32	0.99602
68	32	0.99611
69	32	0.98972
70	32	0.99278
71	32	0.99232
75	32	0.99367
76	32	0.98795
77	32	0.97347
78	32	0.9971
79	32	0.99807
82	32	0.99723
84	32	0.99502
86	32	0.99658
87	32	0.99565
88	32	0.99766
89	32	0.97672
90	32	0.98112
91	32	0.99719
95	32	0.9821
98	32	0.98147
99	32	0.99284
101	32	0.99317
106	32	0.98584
107	32	0.98356
108	32	0.99185
109	32	0.99272
111	32	0.99559
112	32	0.98642
113	32	0.9965
114	32	0.99662
118	32	0.99671
119	32	0.99269
120	32	0.99527
121	32	0.99428
122	32	0.99465
123	32	0.99436
124	32	0.99368
125	32	0.98718
128	32	0.99539
129	32	0.96588
130	32	0.99388
132	32	0.99589
136	32	0.99437
137	32	0.99073
138	32	0.99553
139	32	0.99437
140	32	0.9908
141	32	0.97791
143	32	0.9873
146	32	0.99465
147	32	0.99618
149	32	0.98188
2	33	0.88445
3	33	0.75519
4	33	0.96896
6	33	0.99028
7	33	0.97923
9	33	0.98402
10	33	0.758
11	33	0.87626
13	33	0.94001
15	33	0.95731
21	33	0.94188
22	33	0.80423
29	33	0.74099
34	33	0.89216
35	33	0.99235
36	33	0.92144
38	33	0.91557
39	33	0.93754
40	33	0.96791
42	33	0.90448
43	33	0.91452
46	33	0.93654
48	33	0.90898
49	33	0.96086
50	33	0.78211
51	33	0.98768
52	33	0.90633
54	33	0.91103
56	33	0.98885
57	33	0.86632
58	33	0.86854
62	33	0.86413
63	33	0.92196
66	33	0.99107
72	33	0.90087
73	33	0.92383
74	33	0.91826
80	33	0.79292
81	33	0.96172
83	33	0.86674
85	33	0.92728
92	33	0.9194
96	33	0.96639
100	33	0.85605
103	33	0.72492
104	33	0.9447
105	33	0.97125
115	33	0.97382
117	33	0.87951
127	33	0.95708
131	33	0.92863
133	33	0.9554
134	33	0.90575
144	33	0.94894
145	33	0.90802
148	33	0.9332
150	33	0.88709
2	34	0.87961
3	34	0.86421
4	34	0.88866
6	34	0.89648
7	34	0.89304
8	34	0.72033
9	34	0.88303
10	34	0.67509
13	34	0.88854
14	34	0.83117
15	34	0.89384
21	34	0.91636
22	34	0.65882
27	34	0.8351
29	34	0.6857
30	34	0.84089
33	34	0.89216
35	34	0.91955
36	34	0.83176
38	34	0.88649
39	34	0.86796
40	34	0.90267
42	34	0.92844
43	34	0.86492
44	34	0.86155
46	34	0.87324
48	34	0.90032
50	34	0.62656
51	34	0.89515
52	34	0.9718
54	34	0.90205
56	34	0.87243
57	34	0.76881
58	34	0.86324
61	34	0.83113
62	34	0.83802
63	34	0.89575
66	34	0.86335
72	34	0.88926
73	34	0.89212
74	34	0.91905
80	34	0.71808
85	34	0.78485
92	34	0.88376
94	34	0.83172
96	34	0.91427
103	34	0.6554
104	34	0.8717
105	34	0.86781
110	34	0.88083
115	34	0.89152
117	34	0.84267
127	34	0.93171
131	34	0.87972
133	34	0.84304
134	34	0.89932
144	34	0.88272
145	34	0.95264
148	34	0.77929
150	34	0.89131
2	35	0.90005
3	35	0.76731
4	35	0.95309
6	35	0.97919
7	35	0.9742
9	35	0.9688
10	35	0.73031
11	35	0.87719
13	35	0.93898
15	35	0.96956
21	35	0.93974
22	35	0.79333
27	35	0.86311
29	35	0.7338
33	35	0.99235
34	35	0.91955
36	35	0.91222
38	35	0.92225
39	35	0.93047
40	35	0.97118
42	35	0.90766
43	35	0.90719
46	35	0.93522
48	35	0.91628
49	35	0.94087
50	35	0.75249
51	35	0.9726
52	35	0.9306
54	35	0.91434
56	35	0.97879
57	35	0.85007
58	35	0.87922
62	35	0.87032
63	35	0.92684
66	35	0.97603
72	35	0.88562
73	35	0.92844
74	35	0.9188
80	35	0.77013
81	35	0.94508
83	35	0.86292
85	35	0.91054
92	35	0.91921
96	35	0.96396
103	35	0.68656
104	35	0.94329
105	35	0.96442
110	35	0.85732
115	35	0.9569
117	35	0.87557
127	35	0.9548
131	35	0.9265
133	35	0.93923
134	35	0.91491
144	35	0.9544
145	35	0.91172
148	35	0.91444
150	35	0.89255
2	36	0.69696
3	36	0.70886
4	36	0.96643
6	36	0.90891
7	36	0.90542
9	36	0.94781
10	36	0.90299
13	36	0.75459
15	36	0.90913
21	36	0.79731
22	36	0.94996
29	36	0.92978
33	36	0.92144
34	36	0.83176
35	36	0.91222
38	36	0.72249
39	36	0.74979
40	36	0.81338
42	36	0.75767
43	36	0.71815
46	36	0.74206
48	36	0.71865
49	36	0.84921
50	36	0.93942
51	36	0.92918
52	36	0.83238
54	36	0.72903
56	36	0.86063
57	36	0.92277
63	36	0.73165
66	36	0.94344
72	36	0.90098
73	36	0.89827
74	36	0.94599
80	36	0.93451
81	36	0.86934
85	36	0.98808
92	36	0.72286
96	36	0.82533
103	36	0.72292
104	36	0.75926
105	36	0.96504
115	36	0.95121
127	36	0.87636
131	36	0.7479
133	36	0.8641
134	36	0.75283
144	36	0.80804
145	36	0.82612
148	36	0.97342
11	37	0.99074
12	37	0.98443
13	37	0.96375
14	37	0.97942
19	37	0.98694
20	37	0.99606
23	37	0.9926
24	37	0.99186
27	37	0.97759
28	37	0.9884
30	37	0.9834
31	37	0.99408
32	37	0.97613
38	37	0.96024
39	37	0.96294
40	37	0.93581
41	37	0.97731
43	37	0.96464
46	37	0.96953
47	37	0.98787
48	37	0.958
54	37	0.94901
55	37	0.97759
56	37	0.90564
58	37	0.97887
59	37	0.97926
62	37	0.97443
63	37	0.96192
64	37	0.98829
65	37	0.98219
67	37	0.97584
68	37	0.98457
75	37	0.98025
76	37	0.98314
78	37	0.98111
79	37	0.97363
82	37	0.97856
83	37	0.9738
84	37	0.97311
87	37	0.98916
91	37	0.98056
92	37	0.96824
94	37	0.98383
95	37	0.99311
96	37	0.92171
97	37	0.9752
99	37	0.97525
100	37	0.95885
104	37	0.96193
108	37	0.98028
111	37	0.97272
112	37	0.9774
117	37	0.97345
119	37	0.97499
120	37	0.97942
121	37	0.97856
123	37	0.97764
126	37	0.98723
131	37	0.95191
135	37	0.99254
141	37	0.9954
142	37	0.9773
143	37	0.99315
146	37	0.98721
147	37	0.97317
150	37	0.96374
2	38	0.98201
3	38	0.7379
4	38	0.8447
6	38	0.92037
7	38	0.92533
9	38	0.88394
10	38	0.47782
11	38	0.96947
13	38	0.98875
14	38	0.97229
15	38	0.903
20	38	0.95433
21	38	0.98484
22	38	0.54655
23	38	0.96668
24	38	0.96176
27	38	0.98327
28	38	0.95958
29	38	0.49997
30	38	0.97522
31	38	0.96273
33	38	0.91557
34	38	0.88649
35	38	0.92225
36	38	0.72249
37	38	0.96024
39	38	0.97522
40	38	0.97821
42	38	0.97552
43	38	0.98263
44	38	0.96214
46	38	0.98737
47	38	0.96344
48	38	0.9928
49	38	0.90789
50	38	0.49681
51	38	0.90397
52	38	0.93169
54	38	0.98088
56	38	0.94373
57	38	0.63152
58	38	0.99065
61	38	0.974
62	38	0.99127
63	38	0.98917
64	38	0.96055
66	38	0.88099
72	38	0.83065
73	38	0.80065
74	38	0.83284
76	38	0.95675
80	38	0.60439
81	38	0.9128
83	38	0.96851
85	38	0.7049
90	38	0.96057
92	38	0.98948
93	38	0.96248
94	38	0.97593
95	38	0.96247
96	38	0.97515
97	38	0.97469
100	38	0.9773
103	38	0.70263
104	38	0.98428
105	38	0.80953
108	38	0.95292
110	38	0.96003
115	38	0.86732
116	38	0.96046
117	38	0.98171
126	38	0.97321
127	38	0.921
131	38	0.9746
133	38	0.89635
134	38	0.98347
135	38	0.96947
141	38	0.96558
142	38	0.97433
144	38	0.97747
145	38	0.91381
148	38	0.74694
150	38	0.98739
2	39	0.9414
3	39	0.70561
4	39	0.87227
6	39	0.95392
7	39	0.91783
9	39	0.90265
10	39	0.54365
11	39	0.98425
13	39	0.99577
14	39	0.96995
15	39	0.87273
20	39	0.94772
21	39	0.97419
22	39	0.55753
23	39	0.95663
24	39	0.96109
27	39	0.96375
28	39	0.9579
29	39	0.49239
30	39	0.9719
31	39	0.96405
33	39	0.93754
34	39	0.86796
35	39	0.93047
36	39	0.74979
37	39	0.96294
38	39	0.97522
40	39	0.97774
42	39	0.94962
43	39	0.995
44	39	0.96996
46	39	0.98696
47	39	0.95564
48	39	0.9849
49	39	0.95721
50	39	0.54012
51	39	0.9289
52	39	0.8851
54	39	0.98843
56	39	0.97006
57	39	0.71308
58	39	0.9683
61	39	0.96301
62	39	0.96228
63	39	0.98989
64	39	0.94198
66	39	0.91497
72	39	0.85718
73	39	0.84271
74	39	0.82411
76	39	0.94638
80	39	0.60892
81	39	0.90008
83	39	0.9829
85	39	0.75112
90	39	0.94322
92	39	0.9941
94	39	0.97156
95	39	0.96569
96	39	0.96916
100	39	0.94493
104	39	0.99238
105	39	0.85218
110	39	0.91992
115	39	0.89888
117	39	0.98529
126	39	0.96807
127	39	0.94924
131	39	0.99286
133	39	0.94585
134	39	0.93709
135	39	0.96108
141	39	0.97209
142	39	0.95221
143	39	0.94487
144	39	0.9449
145	39	0.92308
148	39	0.78439
150	39	0.97869
2	40	0.96474
3	40	0.73658
4	40	0.89764
6	40	0.9599
7	40	0.95594
9	40	0.9417
10	40	0.60806
11	40	0.95358
13	40	0.98674
14	40	0.93381
15	40	0.94477
21	40	0.97863
22	40	0.66563
23	40	0.93213
27	40	0.95129
29	40	0.605
30	40	0.93631
31	40	0.93008
33	40	0.96791
34	40	0.90267
35	40	0.97118
36	40	0.81338
37	40	0.93581
38	40	0.97821
39	40	0.97774
42	40	0.9611
43	40	0.96695
44	40	0.92906
46	40	0.99104
48	40	0.97196
49	40	0.94092
50	40	0.60756
51	40	0.94372
52	40	0.92503
54	40	0.96611
56	40	0.98191
57	40	0.76451
58	40	0.95621
61	40	0.93061
62	40	0.95433
63	40	0.97248
66	40	0.93728
72	40	0.85028
73	40	0.86183
74	40	0.86416
80	40	0.66497
81	40	0.94379
83	40	0.94204
85	40	0.8099
92	40	0.97405
94	40	0.93666
95	40	0.92884
96	40	0.98975
100	40	0.94193
103	40	0.6923
104	40	0.98565
105	40	0.8881
110	40	0.91648
115	40	0.91451
117	40	0.95016
126	40	0.9363
127	40	0.93918
131	40	0.97521
133	40	0.93426
134	40	0.96385
135	40	0.93912
141	40	0.93892
144	40	0.98314
145	40	0.90868
148	40	0.82912
150	40	0.95464
5	41	0.9941
12	41	0.99731
14	41	0.97727
16	41	0.92247
17	41	0.99037
18	41	0.99133
19	41	0.99477
20	41	0.99063
23	41	0.98746
24	41	0.98687
25	41	0.99749
26	41	0.99292
28	41	0.98534
30	41	0.97746
31	41	0.98716
32	41	0.99867
37	41	0.97731
45	41	0.99716
47	41	0.99014
53	41	0.98389
55	41	0.99563
59	41	0.99828
60	41	0.99237
64	41	0.99203
65	41	0.99813
67	41	0.99641
68	41	0.9975
69	41	0.98847
70	41	0.99425
71	41	0.99576
75	41	0.99717
76	41	0.99312
77	41	0.98078
78	41	0.99802
79	41	0.99866
82	41	0.99865
84	41	0.99717
86	41	0.99697
87	41	0.99668
88	41	0.99759
89	41	0.97946
90	41	0.98429
91	41	0.99842
93	41	0.95876
94	41	0.9771
95	41	0.98602
97	41	0.98089
98	41	0.98556
99	41	0.99528
101	41	0.9901
102	41	0.95142
106	41	0.98968
107	41	0.98995
108	41	0.99589
109	41	0.98873
111	41	0.99403
112	41	0.98925
113	41	0.99561
114	41	0.99669
116	41	0.98444
118	41	0.99707
119	41	0.99698
120	41	0.99798
121	41	0.99639
122	41	0.99474
123	41	0.99768
124	41	0.98953
125	41	0.99
126	41	0.98167
128	41	0.9954
129	41	0.97603
130	41	0.99347
132	41	0.99406
135	41	0.98336
136	41	0.99167
137	41	0.98913
138	41	0.99734
139	41	0.99131
140	41	0.98813
141	41	0.9795
142	41	0.98513
143	41	0.98719
146	41	0.99547
147	41	0.99428
149	41	0.97886
2	42	0.97266
3	42	0.78679
4	42	0.86721
6	42	0.91272
7	42	0.92431
8	42	0.75257
9	42	0.90364
10	42	0.55524
11	42	0.9279
13	42	0.96666
14	42	0.94672
15	42	0.90574
21	42	0.98734
22	42	0.58017
23	42	0.92382
24	42	0.92377
27	42	0.95176
28	42	0.93001
29	42	0.57832
30	42	0.94433
31	42	0.92213
33	42	0.90448
34	42	0.92844
35	42	0.90766
36	42	0.75767
38	42	0.97552
39	42	0.94962
40	42	0.9611
43	42	0.96279
44	42	0.95769
46	42	0.96518
47	42	0.92387
48	42	0.97578
49	42	0.8886
50	42	0.52907
51	42	0.90499
52	42	0.95614
54	42	0.9686
56	42	0.92047
57	42	0.67822
58	42	0.95895
61	42	0.94928
62	42	0.96067
63	42	0.96215
64	42	0.92119
66	42	0.874
72	42	0.87955
73	42	0.81128
74	42	0.88017
80	42	0.67103
81	42	0.89923
83	42	0.9351
85	42	0.71951
89	42	0.92254
90	42	0.93147
92	42	0.9662
93	42	0.93493
94	42	0.94885
96	42	0.97317
97	42	0.93744
100	42	0.96665
103	42	0.76354
104	42	0.95363
105	42	0.80815
110	42	0.96598
115	42	0.88437
116	42	0.92758
117	42	0.95439
126	42	0.93173
127	42	0.92571
131	42	0.95934
133	42	0.89117
134	42	0.98562
135	42	0.92276
142	42	0.94017
144	42	0.96167
145	42	0.93747
148	42	0.7551
150	42	0.96768
2	43	0.95212
3	43	0.7177
4	43	0.85504
6	43	0.93592
7	43	0.91023
9	43	0.88436
10	43	0.50369
11	43	0.98462
13	43	0.99397
14	43	0.98403
15	43	0.8593
20	43	0.95516
21	43	0.97871
22	43	0.51669
23	43	0.96615
24	43	0.97249
27	43	0.97427
28	43	0.9688
30	43	0.98347
31	43	0.97201
33	43	0.91452
34	43	0.86492
35	43	0.90719
36	43	0.71815
37	43	0.96464
38	43	0.98263
39	43	0.995
40	43	0.96695
42	43	0.96279
44	43	0.98501
46	43	0.98372
47	43	0.96959
48	43	0.99161
49	43	0.94372
50	43	0.5007
51	43	0.91254
52	43	0.89345
54	43	0.992
56	43	0.95217
57	43	0.66345
58	43	0.97815
59	43	0.94668
61	43	0.97953
62	43	0.97616
63	43	0.99284
64	43	0.95709
66	43	0.89165
72	43	0.85947
73	43	0.81933
74	43	0.82031
76	43	0.96089
80	43	0.60195
81	43	0.89267
83	43	0.99051
85	43	0.70972
90	43	0.95999
92	43	0.99763
94	43	0.98488
95	43	0.97323
96	43	0.96614
97	43	0.95524
100	43	0.96348
103	43	0.66978
104	43	0.98919
105	43	0.81814
110	43	0.94568
112	43	0.94985
115	43	0.88193
116	43	0.94646
117	43	0.99588
126	43	0.97956
127	43	0.94064
131	43	0.99222
133	43	0.93269
134	43	0.95101
135	43	0.96728
141	43	0.9751
142	43	0.96917
143	43	0.95545
144	43	0.94488
145	43	0.92644
148	43	0.75596
150	43	0.98926
2	44	0.94483
3	44	0.69962
4	44	0.80378
6	44	0.89037
8	44	0.69529
9	44	0.83022
11	44	0.96937
13	44	0.97088
14	44	0.98542
21	44	0.95729
23	44	0.95499
24	44	0.96302
27	44	0.97081
28	44	0.96202
30	44	0.98029
31	44	0.96249
34	44	0.86155
38	44	0.96214
39	44	0.96996
40	44	0.92906
42	44	0.95769
43	44	0.98501
46	44	0.95208
47	44	0.96464
48	44	0.9839
49	44	0.90762
51	44	0.85887
52	44	0.88623
54	44	0.98651
56	44	0.89991
58	44	0.96759
59	44	0.95123
61	44	0.98888
62	44	0.96528
63	44	0.97776
64	44	0.94965
66	44	0.83435
67	44	0.94729
70	44	0.94621
71	44	0.95661
72	44	0.85213
73	44	0.78569
76	44	0.96334
83	44	0.98695
89	44	0.96448
90	44	0.96903
92	44	0.98197
94	44	0.97898
95	44	0.96404
96	44	0.93031
97	44	0.95058
100	44	0.94611
104	44	0.96207
110	44	0.96333
115	44	0.83389
116	44	0.95632
117	44	0.98846
119	44	0.94594
120	44	0.94793
123	44	0.95361
125	44	0.94965
126	44	0.97328
127	44	0.92011
131	44	0.98042
133	44	0.90694
134	44	0.93675
135	44	0.95567
141	44	0.96117
142	44	0.97279
145	44	0.9242
150	44	0.9824
5	45	0.99896
12	45	0.99777
17	45	0.99628
18	45	0.99796
19	45	0.99214
20	45	0.98652
25	45	0.99918
26	45	0.99855
32	45	0.99852
41	45	0.99716
53	45	0.99255
55	45	0.99852
59	45	0.99226
60	45	0.99735
65	45	0.99569
67	45	0.99442
68	45	0.99574
69	45	0.9951
70	45	0.99115
71	45	0.98786
75	45	0.9909
77	45	0.97158
78	45	0.99691
79	45	0.9957
82	45	0.99745
84	45	0.99399
86	45	0.99623
87	45	0.99352
88	45	0.99877
91	45	0.99718
98	45	0.98358
99	45	0.99198
101	45	0.996
102	45	0.94341
106	45	0.98109
