5	2	0.91717
6	2	0.94612
7	2	0.94381
12	2	0.91502
13	2	0.93194
15	2	0.68595
17	2	0.73117
18	2	0.95585
19	2	0.94475
20	2	0.79513
21	2	0.91113
23	2	0.9384
26	2	0.96541
27	2	0.95299
29	2	0.75213
30	2	0.90899
31	2	0.94786
32	2	0.94631
33	2	0.89431
34	2	0.68909
36	2	0.78596
37	2	0.95537
38	2	0.98057
40	2	0.95256
41	2	0.9499
42	2	0.95443
43	2	0.93652
44	2	0.93772
45	2	0.7985
46	2	0.94707
51	2	0.98028
53	2	0.78857
55	2	0.95381
58	2	0.97596
60	2	0.81271
61	2	0.96146
63	2	0.9284
66	2	0.93619
70	2	0.93917
74	2	0.7448
75	2	0.93505
79	2	0.97088
80	2	0.9766
81	2	0.95583
84	2	0.95846
85	2	0.86548
86	2	0.93194
87	2	0.97697
90	2	0.93359
91	2	0.95277
92	2	0.9366
95	2	0.94252
96	2	0.7968
97	2	0.95547
98	2	0.95937
100	2	0.93989
101	2	0.96823
102	2	0.91808
103	2	0.81489
106	2	0.92672
108	2	0.97276
110	2	0.94569
114	2	0.91692
123	2	0.94758
124	2	0.93734
130	2	0.94065
131	2	0.93068
132	2	0.81466
136	2	0.94195
141	2	0.92468
144	2	0.18022
146	2	0.88626
147	2	0.94156
148	2	0.96356
4	3	0.87289
8	3	0.62996
9	3	0.67969
10	3	0.90487
11	3	0.95773
12	3	0.44311
14	3	0.80965
15	3	0.47711
17	3	0.41721
19	3	0.34412
20	3	0.35566
22	3	0.70223
24	3	0.45281
28	3	0.70739
29	3	0.25568
33	3	0.39065
36	3	0.64307
37	3	0.22235
38	3	0.22768
41	3	0.21043
42	3	0.26124
45	3	0.58047
49	3	0.83559
50	3	0.95601
52	3	0.75066
55	3	0.28966
57	3	0.91704
62	3	0.36097
72	3	0.87927
73	3	0.8715
76	3	0.50025
80	3	0.23787
85	3	0.50416
87	3	0.2067
92	3	0.33173
93	3	0.31333
96	3	0.52418
101	3	0.22014
103	3	0.45694
105	3	0.35863
110	3	0.36871
111	3	0.27923
116	3	0.33248
126	3	0.31857
132	3	0.33132
135	3	0.66048
142	3	0.5184
143	3	0.87562
144	3	0.33075
150	3	0.80882
3	4	0.87289
8	4	0.58399
9	4	0.81602
10	4	0.66863
11	4	0.91364
12	4	0.60525
14	4	0.91265
15	4	0.71132
16	4	0.45648
17	4	0.55357
19	4	0.5654
20	4	0.58108
22	4	0.72917
23	4	0.41447
24	4	0.72504
28	4	0.91708
29	4	0.40392
30	4	0.40959
33	4	0.53582
35	4	0.43728
36	4	0.69416
37	4	0.42027
38	4	0.40226
42	4	0.48904
45	4	0.55896
47	4	0.44965
49	4	0.84739
50	4	0.80688
52	4	0.73525
55	4	0.4789
57	4	0.83215
62	4	0.59499
72	4	0.92804
73	4	0.73042
76	4	0.65447
80	4	0.43014
85	4	0.69268
92	4	0.52562
93	4	0.60341
96	4	0.75151
103	4	0.64611
105	4	0.55747
110	4	0.49897
116	4	0.49499
132	4	0.57366
135	4	0.80227
140	4	0.45309
142	4	0.67709
143	4	0.75033
144	4	0.29714
150	4	0.88583
2	5	0.91717
6	5	0.96289
7	5	0.9931
12	5	0.90021
15	5	0.64627
16	5	0.92115
17	5	0.83174
18	5	0.94938
20	5	0.90725
23	5	0.97253
24	5	0.53914
26	5	0.95439
30	5	0.97975
32	5	0.98589
34	5	0.65499
35	5	0.57922
37	5	0.94939
38	5	0.91166
41	5	0.96457
42	5	0.94544
44	5	0.95686
47	5	0.95408
51	5	0.91714
53	5	0.93797
55	5	0.93915
60	5	0.96063
61	5	0.95504
62	5	0.88279
66	5	0.93181
74	5	0.592
75	5	0.98569
76	5	0.77312
77	5	0.92636
79	5	0.92157
80	5	0.95332
81	5	0.98548
84	5	0.97754
85	5	0.84478
86	5	0.9085
87	5	0.94569
91	5	0.92054
92	5	0.93378
93	5	0.84877
96	5	0.80779
97	5	0.93473
98	5	0.96531
100	5	0.98017
102	5	0.96789
105	5	0.46935
108	5	0.91099
110	5	0.91846
114	5	0.99579
116	5	0.92189
123	5	0.94094
130	5	0.95339
132	5	0.9089
135	5	0.64079
136	5	0.92842
140	5	0.9147
141	5	0.99358
142	5	0.8521
146	5	0.99358
147	5	0.96988
148	5	0.91759
2	6	0.94612
5	6	0.96289
7	6	0.98123
12	6	0.91529
16	6	0.82084
17	6	0.78181
18	6	0.98656
19	6	0.88282
20	6	0.83652
23	6	0.95647
26	6	0.9848
27	6	0.95367
30	6	0.96918
31	6	0.9534
32	6	0.98999
37	6	0.92529
38	6	0.92401
41	6	0.98544
42	6	0.93437
43	6	0.97433
44	6	0.997
47	6	0.89471
51	6	0.97552
53	6	0.85124
55	6	0.97154
58	6	0.96333
60	6	0.88488
61	6	0.99493
62	6	0.80299
66	6	0.9819
68	6	0.94348
69	6	0.96273
70	6	0.96434
71	6	0.94366
75	6	0.97985
76	6	0.6808
77	6	0.83488
79	6	0.96622
80	6	0.96884
81	6	0.9887
82	6	0.9441
83	6	0.94542
84	6	0.9862
85	6	0.84861
86	6	0.96927
87	6	0.98469
91	6	0.9811
92	6	0.95897
93	6	0.76671
95	6	0.94538
96	6	0.77305
97	6	0.98352
98	6	0.99484
100	6	0.95403
102	6	0.92473
103	6	0.76454
108	6	0.96464
110	6	0.95595
113	6	0.96811
114	6	0.97337
116	6	0.85815
119	6	0.9436
123	6	0.98107
130	6	0.99359
131	6	0.95932
132	6	0.85976
136	6	0.9883
140	6	0.83197
141	6	0.96937
142	6	0.88227
146	6	0.9581
147	6	0.98953
148	6	0.97072
2	7	0.94381
5	7	0.9931
6	7	0.98123
12	7	0.90048
16	7	0.87331
17	7	0.80629
18	7	0.97546
20	7	0.86797
23	7	0.96839
24	7	0.45664
26	7	0.96989
27	7	0.93075
30	7	0.97377
31	7	0.92714
32	7	0.99421
34	7	0.64935
35	7	0.48627
37	7	0.94491
38	7	0.9298
41	7	0.97289
42	7	0.94381
43	7	0.93402
44	7	0.97419
47	7	0.92121
51	7	0.94988
53	7	0.90291
55	7	0.9487
58	7	0.93709
60	7	0.92896
61	7	0.97913
62	7	0.83872
66	7	0.96134
69	7	0.93717
70	7	0.93673
74	7	0.60204
75	7	0.99542
76	7	0.71954
77	7	0.88605
79	7	0.95814
80	7	0.96484
81	7	0.99471
82	7	0.92191
84	7	0.99479
85	7	0.83182
86	7	0.94789
87	7	0.96631
91	7	0.95626
92	7	0.93803
93	7	0.79747
96	7	0.77979
97	7	0.96098
98	7	0.98718
100	7	0.97692
102	7	0.96811
105	7	0.40434
108	7	0.95028
110	7	0.93263
113	7	0.92165
114	7	0.99283
116	7	0.88917
123	7	0.97093
130	7	0.97794
131	7	0.92307
132	7	0.88029
136	7	0.95826
140	7	0.87225
141	7	0.98718
142	7	0.84656
146	7	0.98372
147	7	0.98591
148	7	0.94873
3	8	0.62996
4	8	0.58399
9	8	0.60496
10	8	0.63273
11	8	0.65585
12	8	0.07846
14	8	0.5417
15	8	0.1001
17	8	0.16109
20	8	0.04799
22	8	0.46367
24	8	0.24204
28	8	0.37484
29	8	0.07336
33	8	0.09713
35	8	0.02001
36	8	0.20206
45	8	0.27562
49	8	0.74172
50	8	0.64388
52	8	0.41727
57	8	0.56221
62	8	0.08359
72	8	0.63304
73	8	0.69697
76	8	0.17351
85	8	0.18028
92	8	0.02031
93	8	0.09801
96	8	0.1218
103	8	0.23172
105	8	0.19921
110	8	0.04901
116	8	0.06244
126	8	0.01406
132	8	0.06592
135	8	0.37189
142	8	0.25528
143	8	0.68852
144	8	0.12745
150	8	0.45266
3	9	0.67969
4	9	0.81602
8	9	0.60496
10	9	0.53886
11	9	0.76789
12	9	0.38451
14	9	0.8075
15	9	0.53772
16	9	0.29744
17	9	0.38316
19	9	0.39993
20	9	0.37616
22	9	0.87912
23	9	0.21899
24	9	0.57909
28	9	0.81231
29	9	0.56478
33	9	0.44465
35	9	0.35276
36	9	0.5103
37	9	0.27671
42	9	0.2749
45	9	0.37333
47	9	0.27578
49	9	0.86585
50	9	0.74198
52	9	0.76916
55	9	0.27726
57	9	0.77061
62	9	0.38253
72	9	0.76969
73	9	0.76656
76	9	0.41023
80	9	0.22268
85	9	0.51176
92	9	0.2992
93	9	0.49335
96	9	0.5224
103	9	0.66344
105	9	0.25092
110	9	0.28272
111	9	0.2541
116	9	0.33966
132	9	0.2979
135	9	0.52349
140	9	0.22804
142	9	0.41619
143	9	0.77604
144	9	0.43541
150	9	0.67477
3	10	0.90487
4	10	0.66863
8	10	0.63273
9	10	0.53886
11	10	0.86556
12	10	0.30308
14	10	0.63127
15	10	0.33044
16	10	0.11477
17	10	0.4205
19	10	0.10467
20	10	0.27698
22	10	0.63335
24	10	0.39092
28	10	0.53534
29	10	0.10049
30	10	0.11353
33	10	0.15
34	10	0.13663
35	10	0.2185
36	10	0.42295
42	10	0.11187
45	10	0.46212
49	10	0.66311
50	10	0.86278
52	10	0.65645
55	10	0.12562
57	10	0.89342
62	10	0.28299
72	10	0.7267
73	10	0.87817
76	10	0.4872
85	10	0.34997
92	10	0.16396
93	10	0.22452
96	10	0.35817
101	10	0.10673
103	10	0.26819
105	10	0.3784
110	10	0.23374
111	10	0.10233
116	10	0.31235
126	10	0.1854
132	10	0.23351
135	10	0.61063
140	10	0.12204
142	10	0.39157
143	10	0.90719
144	10	0.4078
150	10	0.56389
3	11	0.95773
4	11	0.91364
8	11	0.65585
9	11	0.76789
10	11	0.86556
12	11	0.42165
14	11	0.79615
15	11	0.54341
16	11	0.26607
17	11	0.40679
19	11	0.34515
20	11	0.41118
22	11	0.82491
24	11	0.58006
28	11	0.78948
29	11	0.28697
33	11	0.34389
35	11	0.33777
36	11	0.60598
37	11	0.24452
42	11	0.26557
45	11	0.4979
47	11	0.22479
49	11	0.85882
50	11	0.91799
52	11	0.82837
55	11	0.26711
57	11	0.94691
62	11	0.44057
72	11	0.94894
73	11	0.92334
76	11	0.55976
80	11	0.20747
85	11	0.53611
92	11	0.31687
93	11	0.39503
96	11	0.55997
103	11	0.48717
105	11	0.43612
110	11	0.33056
111	11	0.20701
116	11	0.37017
126	11	0.21375
132	11	0.36819
135	11	0.70018
140	11	0.23411
142	11	0.50561
143	11	0.89795
144	11	0.45761
150	11	0.82481
2	12	0.91502
3	12	0.44311
4	12	0.60525
5	12	0.90021
6	12	0.91529
7	12	0.90048
8	12	0.07846
9	12	0.38451
10	12	0.30308
11	12	0.42165
14	12	0.76049
15	12	0.79848
16	12	0.86537
17	12	0.89561
19	12	0.94264
20	12	0.93064
22	12	0.36898
23	12	0.94823
24	12	0.62978
26	12	0.93373
28	12	0.62788
29	12	0.68746
30	12	0.95296
32	12	0.89905
33	12	0.85156
34	12	0.60725
35	12	0.52869
36	12	0.83012
37	12	0.94566
38	12	0.93894
41	12	0.9535
42	12	0.96923
43	12	0.87883
44	12	0.93419
45	12	0.86805
47	12	0.90429
49	12	0.22091
50	12	0.26293
51	12	0.92124
52	12	0.54822
53	12	0.85641
55	12	0.97454
57	12	0.40929
58	12	0.88866
60	12	0.88148
61	12	0.90391
62	12	0.90663
72	12	0.37494
73	12	0.25884
74	12	0.62353
76	12	0.84368
77	12	0.84731
80	12	0.97079
81	12	0.91709
84	12	0.89363
85	12	0.97367
87	12	0.94914
92	12	0.98043
93	12	0.87281
96	12	0.94552
97	12	0.91609
98	12	0.91
100	12	0.94599
101	12	0.90367
102	12	0.88115
103	12	0.87783
105	12	0.52046
110	12	0.98162
111	12	0.88908
113	12	0.87976
114	12	0.91892
116	12	0.92483
126	12	0.88896
130	12	0.87657
132	12	0.93226
135	12	0.80576
136	12	0.88836
140	12	0.85958
141	12	0.92995
142	12	0.97064
143	12	0.30398
144	12	0.21923
146	12	0.87891
147	12	0.87776
150	12	0.67514
2	13	0.93194
19	13	0.88123
21	13	0.93833
25	13	0.97
27	13	0.96861
29	13	0.70799
31	13	0.97185
33	13	0.88079
36	13	0.74819
39	13	0.98536
40	13	0.96724
43	13	0.98094
45	13	0.86963
46	13	0.98794
48	13	0.98435
49	13	0.03408
50	13	0.0358
51	13	0.97299
54	13	0.97835
56	13	0.95724
58	13	0.96807
59	13	0.96423
63	13	0.9721
64	13	0.93517
68	13	0.96548
69	13	0.9593
70	13	0.96822
71	13	0.98378
78	13	0.95465
83	13	0.98475
86	13	0.95615
88	13	0.96524
89	13	0.97254
90	13	0.99134
91	13	0.96761
94	13	0.96609
95	13	0.99693
97	13	0.95904
99	13	0.95492
101	13	0.94542
103	13	0.79606
104	13	0.95653
106	13	0.99025
107	13	0.96457
108	13	0.95471
110	13	0.91504
111	13	0.97962
112	13	0.98762
113	13	0.97693
117	13	0.99556
119	13	0.963
124	13	0.98071
125	13	0.98051
126	13	0.96603
127	13	0.98159
128	13	0.96911
131	13	0.98041
136	13	0.96446
137	13	0.96357
138	13	0.96759
139	13	0.97173
145	13	0.9583
148	13	0.97033
149	13	0.94727
150	13	0.50325
3	14	0.80965
4	14	0.91265
8	14	0.5417
9	14	0.8075
10	14	0.63127
11	14	0.79615
12	14	0.76049
15	14	0.66777
17	14	0.67824
19	14	0.70844
20	14	0.65658
22	14	0.67669
23	14	0.56871
24	14	0.62251
28	14	0.82234
29	14	0.58271
30	14	0.58799
33	14	0.71251
36	14	0.78844
37	14	0.57409
38	14	0.56541
41	14	0.59597
42	14	0.62128
44	14	0.56649
45	14	0.77625
49	14	0.78258
50	14	0.74894
52	14	0.7553
55	14	0.66826
57	14	0.74693
62	14	0.63663
72	14	0.79622
73	14	0.66957
76	14	0.66852
80	14	0.61193
85	14	0.80297
87	14	0.58158
92	14	0.68981
93	14	0.66879
95	14	0.57153
96	14	0.79253
103	14	0.80954
105	14	0.41072
110	14	0.68992
111	14	0.64077
116	14	0.62693
126	14	0.61175
132	14	0.63727
135	14	0.78173
142	14	0.80494
143	14	0.72113
144	14	0.21184
150	14	0.88647
2	15	0.68595
3	15	0.47711
4	15	0.71132
5	15	0.64627
8	15	0.1001
9	15	0.53772
10	15	0.33044
11	15	0.54341
12	15	0.79848
14	15	0.66777
16	15	0.77657
17	15	0.79543
19	15	0.7734
20	15	0.82339
22	15	0.53211
23	15	0.76504
24	15	0.79548
28	15	0.8792
29	15	0.66243
30	15	0.69848
33	15	0.71203
34	15	0.66282
35	15	0.72858
36	15	0.74492
37	15	0.76383
38	15	0.78364
41	15	0.63941
42	15	0.8234
47	15	0.73245
49	15	0.34547
50	15	0.35902
52	15	0.5525
53	15	0.75767
55	15	0.69359
57	15	0.60494
60	15	0.72619
62	15	0.84069
72	15	0.51436
73	15	0.35425
74	15	0.82001
76	15	0.79371
77	15	0.73093
80	15	0.74114
85	15	0.83846
87	15	0.64291
92	15	0.71888
93	15	0.83607
96	15	0.91896
100	15	0.75822
102	15	0.71844
103	15	0.74292
105	15	0.73262
110	15	0.69805
114	15	0.64418
116	15	0.74706
132	15	0.83088
135	15	0.79663
140	15	0.73985
141	15	0.6859
142	15	0.74681
143	15	0.4451
144	15	0.56014
146	15	0.61266
150	15	0.61871
4	16	0.45648
5	16	0.92115
6	16	0.82084
7	16	0.87331
9	16	0.29744
10	16	0.11477
11	16	0.26607
12	16	0.86537
15	16	0.77657
17	16	0.87494
19	16	0.78888
20	16	0.97944
22	16	0.32874
23	16	0.91995
24	16	0.80934
26	16	0.82876
28	16	0.57258
30	16	0.92314
32	16	0.86596
34	16	0.60423
35	16	0.83046
37	16	0.89921
38	16	0.80779
41	16	0.86477
42	16	0.90127
44	16	0.82485
47	16	0.98387
52	16	0.39583
53	16	0.96936
55	16	0.85408
57	16	0.24812
60	16	0.97464
61	16	0.79346
62	16	0.97502
72	16	0.22101
73	16	0.10735
74	16	0.55167
75	16	0.85156
76	16	0.91164
77	16	0.97624
80	16	0.85929
81	16	0.86623
84	16	0.82463
85	16	0.86654
87	16	0.8144
92	16	0.8724
93	16	0.96886
96	16	0.8924
98	16	0.80872
100	16	0.91807
102	16	0.88104
105	16	0.68077
110	16	0.82677
114	16	0.9117
116	16	0.9566
130	16	0.78025
132	16	0.95361
135	16	0.80342
140	16	0.97758
141	16	0.92249
142	16	0.84932
143	16	0.10802
144	16	0.24645
146	16	0.92353
147	16	0.8209
2	17	0.73117
3	17	0.41721
4	17	0.55357
5	17	0.83174
6	17	0.78181
7	17	0.80629
8	17	0.16109
9	17	0.38316
10	17	0.4205
11	17	0.40679
12	17	0.89561
14	17	0.67824
15	17	0.79543
16	17	0.87494
20	17	0.92443
22	17	0.33814
23	17	0.87643
24	17	0.76542
26	17	0.76142
28	17	0.64059
30	17	0.89634
32	17	0.77926
34	17	0.63405
35	17	0.7199
37	17	0.81289
38	17	0.81631
41	17	0.81123
42	17	0.86586
44	17	0.811
47	17	0.88383
49	17	0.15051
50	17	0.22959
51	17	0.73209
52	17	0.41371
53	17	0.8953
55	17	0.81716
57	17	0.46005
60	17	0.8969
61	17	0.74429
62	17	0.89814
72	17	0.30547
73	17	0.27147
75	17	0.7645
76	17	0.9177
77	17	0.88872
80	17	0.84218
81	17	0.79224
84	17	0.77484
85	17	0.85289
87	17	0.77678
92	17	0.83198
93	17	0.91064
96	17	0.88617
97	17	0.74606
98	17	0.77463
100	17	0.88928
102	17	0.84584
105	17	0.73198
110	17	0.8385
114	17	0.8485
116	17	0.9359
132	17	0.92186
135	17	0.88574
140	17	0.89964
141	17	0.86437
142	17	0.89535
143	17	0.37508
144	17	0.27135
146	17	0.8206
2	18	0.95585
5	18	0.94938
6	18	0.98656
7	18	0.97546
19	18	0.87157
23	18	0.9236
26	18	0.98259
27	18	0.98211
30	18	0.92905
31	18	0.98245
32	18	0.98295
37	18	0.91567
38	18	0.90898
40	18	0.9603
41	18	0.96919
42	18	0.90333
43	18	0.97731
44	18	0.97512
46	18	0.96289
47	18	0.84692
51	18	0.97929
53	18	0.79746
55	18	0.94807
58	18	0.97032
59	18	0.95951
60	18	0.83727
61	18	0.99557
63	18	0.96884
65	18	0.97137
66	18	0.99515
68	18	0.97411
69	18	0.98149
70	18	0.98623
71	18	0.95791
75	18	0.97909
77	18	0.78037
79	18	0.98463
80	18	0.94877
81	18	0.9847
82	18	0.9785
83	18	0.96667
84	18	0.98797
86	18	0.98888
87	18	0.97724
88	18	0.95667
89	18	0.96327
90	18	0.96234
91	18	0.99175
92	18	0.92808
97	18	0.98272
98	18	0.99161
100	18	0.92476
101	18	0.93452
102	18	0.9067
107	18	0.96647
108	18	0.97897
110	18	0.92734
111	18	0.92595
113	18	0.96842
114	18	0.95225
119	18	0.97722
121	18	0.97184
123	18	0.99576
125	18	0.9684
130	18	0.99556
131	18	0.98054
136	18	0.99058
138	18	0.96467
140	18	0.76843
141	18	0.9431
146	18	0.93994
147	18	0.99497
148	18	0.99039
2	19	0.94475
3	19	0.34412
4	19	0.5654
6	19	0.88282
9	19	0.39993
10	19	0.10467
11	19	0.34515
12	19	0.94264
13	19	0.88123
14	19	0.70844
15	19	0.7734
16	19	0.78888
18	19	0.87157
20	19	0.83493
22	19	0.38264
23	19	0.90693
24	19	0.50863
26	19	0.93212
28	19	0.59913
29	19	0.79832
30	19	0.87547
32	19	0.8758
33	19	0.93397
35	19	0.40048
36	19	0.87919
37	19	0.94551
38	19	0.93206
41	19	0.92552
42	19	0.94538
43	19	0.86585
44	19	0.88524
45	19	0.82879
46	19	0.88217
47	19	0.83134
49	19	0.23714
50	19	0.21057
51	19	0.92718
52	19	0.56536
55	19	0.95722
57	19	0.31307
58	19	0.89322
61	19	0.88986
62	19	0.81969
72	19	0.34701
73	19	0.18674
74	19	0.69202
76	19	0.68031
79	19	0.86135
80	19	0.94826
81	19	0.89203
84	19	0.86136
85	19	0.94416
87	19	0.94123
90	19	0.86317
91	19	0.86784
92	19	0.9543
93	19	0.78913
95	19	0.90338
96	19	0.89287
97	19	0.89738
98	19	0.87802
100	19	0.88834
101	19	0.91475
103	19	0.91787
108	19	0.86528
110	19	0.94058
111	19	0.91501
113	19	0.86614
117	19	0.8828
124	19	0.86535
126	19	0.86307
132	19	0.83453
135	19	0.6348
136	19	0.87492
141	19	0.86962
142	19	0.8778
143	19	0.19456
144	19	0.23028
147	19	0.86575
148	19	0.89954
150	19	0.71156
2	20	0.79513
3	20	0.35566
4	20	0.58108
5	20	0.90725
6	20	0.83652
7	20	0.86797
8	20	0.04799
9	20	0.37616
10	20	0.27698
11	20	0.41118
12	20	0.93064
14	20	0.65658
15	20	0.82339
16	20	0.97944
17	20	0.92443
19	20	0.83493
22	20	0.40364
23	20	0.92781
24	20	0.82081
26	20	0.84839
28	20	0.65697
30	20	0.93968
32	20	0.85912
34	20	0.60414
35	20	0.7876
37	20	0.91241
38	20	0.84259
41	20	0.88899
42	20	0.92782
44	20	0.85264
47	20	0.97254
49	20	0.12267
50	20	0.14535
52	20	0.50207
53	20	0.95192
55	20	0.89339
57	20	0.39189
60	20	0.96129
61	20	0.80873
62	20	0.99271
72	20	0.35889
73	20	0.24157
74	20	0.55842
75	20	0.83434
76	20	0.9559
77	20	0.95673
80	20	0.89148
81	20	0.8673
84	20	0.82721
85	20	0.93104
87	20	0.84742
92	20	0.91486
93	20	0.97069
96	20	0.95045
97	20	0.80602
98	20	0.82438
100	20	0.92759
102	20	0.87486
103	20	0.78802
105	20	0.70296
110	20	0.8853
114	20	0.91244
116	20	0.97941
132	20	0.97994
135	20	0.8834
140	20	0.96647
141	20	0.92371
142	20	0.92499
143	20	0.25963
144	20	0.2744
146	20	0.90098
147	20	0.8149
150	20	0.54606
2	21	0.91113
13	21	0.93833
25	21	0.95282
27	21	0.92902
29	21	0.77288
31	21	0.92598
33	21	0.89919
34	21	0.5855
36	21	0.75944
39	21	0.94283
40	21	0.95848
46	21	0.93782
48	21	0.94114
54	21	0.95809
56	21	0.9556
58	21	0.92338
59	21	0.91974
63	21	0.92669
64	21	0.96193
67	21	0.92844
71	21	0.91005
74	21	0.6632
78	21	0.9292
79	21	0.91205
83	21	0.90512
88	21	0.9168
89	21	0.90646
90	21	0.93352
94	21	0.92394
95	21	0.92453
99	21	0.91668
101	21	0.91177
104	21	0.91516
106	21	0.95147
107	21	0.92845
108	21	0.91944
109	21	0.91169
112	21	0.9188
115	21	0.9134
117	21	0.92822
118	21	0.91091
119	21	0.90672
120	21	0.9118
124	21	0.93379
125	21	0.92574
127	21	0.92993
128	21	0.93629
129	21	0.92092
133	21	0.92363
134	21	0.92518
137	21	0.92061
138	21	0.92843
139	21	0.94191
145	21	0.92511
149	21	0.90666
3	22	0.70223
4	22	0.72917
8	22	0.46367
9	22	0.87912
10	22	0.63335
11	22	0.82491
12	22	0.36898
14	22	0.67669
15	22	0.53211
16	22	0.32874
17	22	0.33814
19	22	0.38264
20	22	0.40364
24	22	0.53663
28	22	0.73288
29	22	0.5683
33	22	0.38023
34	22	0.28621
35	22	0.412
36	22	0.5523
37	22	0.33841
38	22	0.20544
42	22	0.26112
45	22	0.39871
47	22	0.25286
49	22	0.73784
50	22	0.73631
52	22	0.93346
55	22	0.25602
57	22	0.84813
62	22	0.43457
72	22	0.75681
73	22	0.88822
76	22	0.46927
85	22	0.52909
92	22	0.28285
93	22	0.44635
96	22	0.50339
101	22	0.24042
103	22	0.6292
105	22	0.20923
110	22	0.2921
111	22	0.23725
116	22	0.39724
132	22	0.27973
135	22	0.50597
142	22	0.37361
143	22	0.81319
144	22	0.69593
150	22	0.67513
2	23	0.9384
4	23	0.41447
5	23	0.97253
6	23	0.95647
7	23	0.96839
9	23	0.21899
12	23	0.94823
14	23	0.56871
15	23	0.76504
16	23	0.91995
17	23	0.87643
18	23	0.9236
19	23	0.90693
20	23	0.92781
24	23	0.61301
26	23	0.94869
28	23	0.5009
29	23	0.64472
30	23	0.98558
32	23	0.96949
34	23	0.6436
35	23	0.59036
36	23	0.67541
37	23	0.95848
38	23	0.9568
41	23	0.96235
42	23	0.98805
44	23	0.95645
47	23	0.95791
51	23	0.92581
53	23	0.94059
55	23	0.96225
60	23	0.95228
61	23	0.94077
62	23	0.90655
74	23	0.68229
75	23	0.95767
76	23	0.79568
77	23	0.9235
79	23	0.9048
80	23	0.98232
81	23	0.9683
84	23	0.95258
85	23	0.90426
87	23	0.95488
92	23	0.96178
93	23	0.89315
96	23	0.88901
97	23	0.92068
98	23	0.94942
100	23	0.99548
102	23	0.96772
103	23	0.80489
105	23	0.54176
108	23	0.90982
110	23	0.94254
114	23	0.97452
116	23	0.91625
123	23	0.90669
130	23	0.92769
132	23	0.94783
135	23	0.71475
136	23	0.91035
140	23	0.9207
141	23	0.98384
142	23	0.90671
146	23	0.96583
147	23	0.94142
3	24	0.45281
4	24	0.72504
5	24	0.53914
7	24	0.45664
8	24	0.24204
9	24	0.57909
10	24	0.39092
11	24	0.58006
12	24	0.62978
14	24	0.62251
15	24	0.79548
16	24	0.80934
17	24	0.76542
19	24	0.50863
20	24	0.82081
22	24	0.53663
23	24	0.61301
28	24	0.82851
30	24	0.61121
35	24	0.92146
37	24	0.55614
38	24	0.4664
41	24	0.49119
42	24	0.61472
47	24	0.75047
49	24	0.34508
50	24	0.29987
52	24	0.45176
53	24	0.75122
55	24	0.5225
57	24	0.55375
60	24	0.72911
62	24	0.83457
72	24	0.56602
73	24	0.38274
76	24	0.88682
77	24	0.78343
80	24	0.51928
85	24	0.68573
92	24	0.57235
93	24	0.88224
96	24	0.81823
100	24	0.59555
102	24	0.52883
103	24	0.54704
105	24	0.87419
110	24	0.50205
114	24	0.54213
116	24	0.73942
132	24	0.79268
135	24	0.89642
140	24	0.81099
141	24	0.56753
142	24	0.67954
143	24	0.41807
144	24	0.31117
146	24	0.55753
150	24	0.46948
13	25	0.97
21	25	0.95282
27	25	0.97223
29	25	0.63969
31	25	0.97586
33	25	0.79647
39	25	0.99391
40	25	0.97627
45	25	0.79731
46	25	0.97877
48	25	0.99261
54	25	0.99657
56	25	0.97745
59	25	0.98866
63	25	0.98544
64	25	0.9868
65	25	0.9718
67	25	0.99367
68	25	0.97832
70	25	0.96684
71	25	0.97447
78	25	0.99268
82	25	0.97122
83	25	0.97751
88	25	0.98954
89	25	0.98285
90	25	0.98374
94	25	0.99493
95	25	0.95907
99	25	0.99075
104	25	0.99146
106	25	0.98517
107	25	0.98528
109	25	0.99032
111	25	0.93041
112	25	0.98649
115	25	0.98891
117	25	0.97006
118	25	0.98604
119	25	0.9769
120	25	0.99088
121	25	0.96851
122	25	0.98452
124	25	0.97283
125	25	0.98636
127	25	0.99289
128	25	0.99459
129	25	0.99003
131	25	0.97148
133	25	0.9924
134	25	0.98881
137	25	0.99366
138	25	0.98864
139	25	0.99824
145	25	0.9936
149	25	0.98346
2	26	0.96541
5	26	0.95439
6	26	0.9848
7	26	0.96989
12	26	0.93373
16	26	0.82876
17	26	0.76142
18	26	0.98259
19	26	0.93212
20	26	0.84839
23	26	0.94869
27	26	0.95135
29	26	0.67978
30	26	0.95561
31	26	0.95384
32	26	0.97849
33	26	0.82689
34	26	0.58375
36	26	0.7236
37	26	0.96069
38	26	0.933
41	26	0.9952
42	26	0.94366
43	26	0.97171
44	26	0.982
45	26	0.82271
46	26	0.95631
47	26	0.89108
51	26	0.98607
53	26	0.82262
55	26	0.98698
58	26	0.96122
60	26	0.86328
61	26	0.99056
62	26	0.81686
66	26	0.97748
69	26	0.95106
70	26	0.95481
74	26	0.56576
75	26	0.96035
76	26	0.68614
77	26	0.81186
79	26	0.9626
80	26	0.97656
81	26	0.98847
83	26	0.94666
84	26	0.97593
85	26	0.88701
86	26	0.95717
87	26	0.99429
90	26	0.94873
91	26	0.97783
92	26	0.97468
93	26	0.77668
95	26	0.96146
96	26	0.80492
97	26	0.99032
98	26	0.98588
100	26	0.94569
101	26	0.95519
102	26	0.89993
103	26	0.83032
108	26	0.95396
110	26	0.97195
111	26	0.95458
113	26	0.96876
114	26	0.95935
116	26	0.86728
123	26	0.97282
126	26	0.93742
130	26	0.97999
131	26	0.95921
132	26	0.84696
136	26	0.98473
140	26	0.80976
141	26	0.95868
142	26	0.88129
146	26	0.94022
147	26	0.98292
148	26	0.98487
150	26	0.5049
2	27	0.95299
6	27	0.95367
7	27	0.93075
13	27	0.96861
18	27	0.98211
21	27	0.92902
25	27	0.97223
26	27	0.95135
29	27	0.6397
31	27	0.99925
32	27	0.93962
33	27	0.80382
34	27	0.57641
38	27	0.89739
39	27	0.98481
40	27	0.99287
43	27	0.97745
44	27	0.93818
46	27	0.98325
48	27	0.97649
51	27	0.97433
54	27	0.98255
56	27	0.9562
58	27	0.98256
59	27	0.98866
61	27	0.9747
63	27	0.99491
64	27	0.95381
65	27	0.99168
66	27	0.98261
67	27	0.95611
68	27	0.99085
69	27	0.98887
70	27	0.9971
71	27	0.9784
74	27	0.56844
75	27	0.93854
78	27	0.98118
79	27	0.99267
80	27	0.91325
81	27	0.94253
82	27	0.99402
83	27	0.98258
84	27	0.96029
86	27	0.99224
87	27	0.95229
88	27	0.98668
89	27	0.98675
90	27	0.98532
91	27	0.98816
94	27	0.9584
95	27	0.96748
97	27	0.96719
98	27	0.96699
99	27	0.9792
101	27	0.9455
104	27	0.97892
106	27	0.9741
107	27	0.9949
108	27	0.9899
109	27	0.95724
111	27	0.93069
112	27	0.97182
113	27	0.96697
115	27	0.97681
117	27	0.96201
118	27	0.94716
119	27	0.99408
120	27	0.97406
121	27	0.99288
122	27	0.98286
123	27	0.98685
124	27	0.98023
125	27	0.9911
126	27	0.9307
127	27	0.98323
128	27	0.95576
129	27	0.97224
130	27	0.97348
131	27	0.99021
133	27	0.95391
134	27	0.95114
136	27	0.97553
137	27	0.97518
138	27	0.99378
139	27	0.9644
145	27	0.97708
147	27	0.95936
148	27	0.98568
149	27	0.92936
3	28	0.70739
4	28	0.91708
8	28	0.37484
9	28	0.81231
10	28	0.53534
11	28	0.78948
12	28	0.62788
14	28	0.82234
15	28	0.8792
16	28	0.57258
17	28	0.64059
19	28	0.59913
20	28	0.65697
22	28	0.73288
23	28	0.5009
24	28	0.82851
29	28	0.52726
33	28	0.55927
35	28	0.63654
36	28	0.66482
37	28	0.50136
38	28	0.49
42	28	0.5717
47	28	0.52859
49	28	0.70488
50	28	0.65908
52	28	0.68061
53	28	0.49811
57	28	0.80497
62	28	0.67291
72	28	0.80608
73	28	0.61074
74	28	0.51636
76	28	0.70228
77	28	0.50479
80	28	0.48397
85	28	0.71304
92	28	0.52329
93	28	0.71802
96	28	0.81691
103	28	0.67062
105	28	0.67275
110	28	0.48755
116	28	0.55883
132	28	0.64014
135	28	0.79692
140	28	0.5456
142	28	0.63399
143	28	0.69212
144	28	0.4896
150	28	0.75173
2	29	0.75213
3	29	0.25568
4	29	0.40392
8	29	0.07336
9	29	0.56478
10	29	0.10049
11	29	0.28697
12	29	0.68746
13	29	0.70799
14	29	0.58271
15	29	0.66243
19	29	0.79832
21	29	0.77288
22	29	0.5683
23	29	0.64472
25	29	0.63969
26	29	0.67978
27	29	0.6397
28	29	0.52726
31	29	0.6374
33	29	0.88402
34	29	0.70072
36	29	0.79196
37	29	0.7591
38	29	0.75583
40	29	0.70416
41	29	0.65437
42	29	0.70094
45	29	0.67254
46	29	0.69433
48	29	0.65182
49	29	0.31199
50	29	0.26614
51	29	0.69141
52	29	0.65156
54	29	0.64719
55	29	0.68336
56	29	0.74159
57	29	0.38479
58	29	0.67056
72	29	0.24337
73	29	0.33048
74	29	0.70004
79	29	0.66332
80	29	0.69552
83	29	0.63272
85	29	0.74076
87	29	0.67353
90	29	0.65797
92	29	0.65665
95	29	0.72463
96	29	0.63413
97	29	0.6513
101	29	0.78193
103	29	0.89667
106	29	0.67826
108	29	0.66478
110	29	0.68814
111	29	0.725
117	29	0.69003
124	29	0.64222
128	29	0.636
139	29	0.63509
143	29	0.35288
144	29	0.56599
148	29	0.68254
150	29	0.54263
2	30	0.90899
4	30	0.40959
5	30	0.97975
6	30	0.96918
7	30	0.97377
10	30	0.11353
12	30	0.95296
14	30	0.58799
15	30	0.69848
16	30	0.92314
17	30	0.89634
18	30	0.92905
19	30	0.87547
20	30	0.93968
23	30	0.98558
24	30	0.61121
26	30	0.95561
32	30	0.97212
34	30	0.60209
35	30	0.58362
37	30	0.94419
38	30	0.92263
41	30	0.97632
42	30	0.96483
43	30	0.9049
44	30	0.97542
47	30	0.9673
51	30	0.92403
53	30	0.94027
55	30	0.96733
60	30	0.96254
61	30	0.9501
62	30	0.9125
66	30	0.91518
74	30	0.5669
75	30	0.95895
76	30	0.83066
77	30	0.93217
80	30	0.97069
81	30	0.97356
84	30	0.9578
85	30	0.90269
87	30	0.95621
91	30	0.91368
92	30	0.96838
93	30	0.89061
96	30	0.87268
97	30	0.93865
98	30	0.96019
100	30	0.98578
102	30	0.9498
103	30	0.7868
105	30	0.53458
110	30	0.95529
114	30	0.98904
116	30	0.94739
123	30	0.91789
130	30	0.94363
132	30	0.9494
135	30	0.74662
136	30	0.92992
140	30	0.93381
141	30	0.9912
142	30	0.9332
146	30	0.97684
147	30	0.95096
2	31	0.94786
6	31	0.9534
7	31	0.92714
13	31	0.97185
18	31	0.98245
21	31	0.92598
25	31	0.97586
26	31	0.95384
27	31	0.99925
29	31	0.6374
32	31	0.93783
33	31	0.801
38	31	0.88837
39	31	0.98773
40	31	0.99079
43	31	0.98061
44	31	0.93831
46	31	0.98678
48	31	0.98207
51	31	0.97416
54	31	0.98484
56	31	0.96023
58	31	0.97985
59	31	0.99184
61	31	0.97511
63	31	0.99615
64	31	0.95341
65	31	0.99224
66	31	0.98558
67	31	0.96043
68	31	0.99417
69	31	0.9907
70	31	0.9976
71	31	0.9819
75	31	0.93468
78	31	0.98285
79	31	0.98952
81	31	0.94157
82	31	0.9953
83	31	0.98751
84	31	0.95686
86	31	0.99311
87	31	0.95247
88	31	0.99011
89	31	0.99009
90	31	0.98942
91	31	0.98958
94	31	0.96512
95	31	0.97167
97	31	0.9701
98	31	0.96579
99	31	0.98322
101	31	0.9455
104	31	0.98308
106	31	0.97625
107	31	0.99586
108	31	0.98487
109	31	0.9624
111	31	0.93827
112	31	0.97755
113	31	0.97228
115	31	0.97978
117	31	0.96825
118	31	0.95171
119	31	0.99632
120	31	0.97833
121	31	0.99229
122	31	0.98651
123	31	0.98703
124	31	0.98255
125	31	0.99481
126	31	0.93628
127	31	0.98817
128	31	0.96295
129	31	0.97443
130	31	0.97399
131	31	0.99323
133	31	0.95844
134	31	0.95425
136	31	0.97865
137	31	0.97902
138	31	0.99565
139	31	0.96933
145	31	0.98085
147	31	0.95989
148	31	0.98821
149	31	0.93606
2	32	0.94631
5	32	0.98589
6	32	0.98999
7	32	0.99421
12	32	0.89905
16	32	0.86596
17	32	0.77926
18	32	0.98295
19	32	0.8758
20	32	0.85912
23	32	0.96949
26	32	0.97849
27	32	0.93962
30	32	0.97212
31	32	0.93783
34	32	0.60691
35	32	0.46084
37	32	0.94444
38	32	0.92691
41	32	0.97917
42	32	0.94467
43	32	0.94381
44	32	0.98049
47	32	0.92155
51	32	0.95642
53	32	0.89094
55	32	0.95894
58	32	0.94315
60	32	0.9172
61	32	0.98604
62	32	0.83344
66	32	0.97081
69	32	0.94458
70	32	0.94727
74	32	0.58596
75	32	0.99549
76	32	0.69765
77	32	0.87289
79	32	0.96025
80	32	0.96546
81	32	0.99532
82	32	0.93123
84	32	0.99053
85	32	0.84146
86	32	0.95415
87	32	0.97322
91	32	0.96275
92	32	0.94806
93	32	0.7962
96	32	0.77812
97	32	0.9665
98	32	0.98802
100	32	0.96876
102	32	0.9512
105	32	0.37825
108	32	0.95605
110	32	0.93564
113	32	0.93479
114	32	0.98623
116	32	0.87382
119	32	0.92622
123	32	0.97528
130	32	0.98429
131	32	0.93486
132	32	0.87623
136	32	0.96837
140	32	0.8637
141	32	0.98387
142	32	0.855
146	32	0.9809
147	32	0.9919
148	32	0.96053
2	33	0.89431
3	33	0.39065
4	33	0.53582
8	33	0.09713
9	33	0.44465
10	33	0.15
11	33	0.34389
12	33	0.85156
13	33	0.88079
14	33	0.71251
15	33	0.71203
19	33	0.93397
21	33	0.89919
22	33	0.38023
25	33	0.79647
26	33	0.82689
27	33	0.80382
28	33	0.55927
29	33	0.88402
31	33	0.801
34	33	0.57798
36	33	0.92937
37	33	0.83276
38	33	0.8922
39	33	0.8134
40	33	0.83274
41	33	0.80652
42	33	0.84303
43	33	0.81259
45	33	0.85141
46	33	0.85183
48	33	0.82176
49	33	0.34393
50	33	0.32539
51	33	0.87026
52	33	0.56312
54	33	0.81617
55	33	0.85338
56	33	0.84423
57	33	0.3607
58	33	0.86131
71	33	0.81462
72	33	0.33099
73	33	0.24461
74	33	0.7281
79	33	0.81144
80	33	0.85954
85	33	0.84965
87	33	0.85198
90	33	0.83748
91	33	0.79666
92	33	0.83684
95	33	0.8832
96	33	0.76708
97	33	0.81566
101	33	0.8871
103	33	0.90163
106	33	0.85839
108	33	0.82794
110	33	0.86024
111	33	0.88167
112	33	0.80667
113	33	0.80785
117	33	0.86682
124	33	0.84479
125	33	0.79767
126	33	0.83236
127	33	0.79686
143	33	0.29275
144	33	0.29184
148	33	0.82637
150	33	0.70704
2	34	0.68909
5	34	0.65499
7	34	0.64935
10	34	0.13663
12	34	0.60725
15	34	0.66282
16	34	0.60423
17	34	0.63405
20	34	0.60414
21	34	0.5855
22	34	0.28621
23	34	0.6436
26	34	0.58375
27	34	0.57641
29	34	0.70072
30	34	0.60209
32	34	0.60691
33	34	0.57798
35	34	0.49453
37	34	0.72522
38	34	0.74751
40	34	0.61552
41	34	0.58288
42	34	0.68059
51	34	0.58667
53	34	0.62689
56	34	0.60723
57	34	0.27933
58	34	0.62082
60	34	0.6008
61	34	0.5818
62	34	0.62226
73	34	0.1429
74	34	0.79292
75	34	0.62383
79	34	0.65381
80	34	0.64401
81	34	0.61492
84	34	0.65186
85	34	0.61199
87	34	0.59454
97	34	0.58623
98	34	0.6061
100	34	0.68708
101	34	0.71869
102	34	0.72153
108	34	0.63446
110	34	0.6074
114	34	0.62565
116	34	0.6624
123	34	0.59347
132	34	0.57931
141	34	0.66637
143	34	0.21025
144	34	0.72101
146	34	0.57673
4	35	0.43728
5	35	0.57922
7	35	0.48627
8	35	0.02001
9	35	0.35276
10	35	0.2185
11	35	0.33777
12	35	0.52869
15	35	0.72858
16	35	0.83046
17	35	0.7199
19	35	0.40048
20	35	0.7876
22	35	0.412
23	35	0.59036
24	35	0.92146
28	35	0.63654
30	35	0.58362
32	35	0.46084
34	35	0.49453
37	35	0.55336
38	35	0.44299
41	35	0.4471
42	35	0.57465
47	35	0.73634
49	35	0.02505
53	35	0.78948
55	35	0.44171
57	35	0.37221
60	35	0.7548
62	35	0.81297
72	35	0.29342
73	35	0.20816
74	35	0.41373
75	35	0.45479
76	35	0.83872
77	35	0.80122
80	35	0.46944
81	35	0.45402
84	35	0.40446
85	35	0.57951
92	35	0.48143
93	35	0.83906
96	35	0.69993
100	35	0.59462
102	35	0.58047
103	35	0.42056
105	35	0.84983
110	35	0.41992
114	35	0.55769
116	35	0.73627
132	35	0.74522
135	35	0.75962
140	35	0.80587
141	35	0.58438
142	35	0.53996
143	35	0.23578
144	35	0.42495
146	35	0.58598
2	36	0.78596
3	36	0.64307
4	36	0.69416
8	36	0.20206
9	36	0.5103
10	36	0.42295
11	36	0.60598
12	36	0.83012
13	36	0.74819
14	36	0.78844
15	36	0.74492
19	36	0.87919
21	36	0.75944
22	36	0.5523
23	36	0.67541
26	36	0.7236
28	36	0.66482
29	36	0.79196
33	36	0.92937
37	36	0.76739
38	36	0.8049
41	36	0.71874
42	36	0.77095
43	36	0.6922
45	36	0.88832
46	36	0.73619
48	36	0.69363
49	36	0.50661
50	36	0.567
51	36	0.76187
52	36	0.74856
55	36	0.78071
56	36	0.7443
57	36	0.60679
58	36	0.7521
71	36	0.70923
72	36	0.57062
73	36	0.49796
74	36	0.65583
80	36	0.77029
85	36	0.86151
87	36	0.76168
90	36	0.71295
91	36	0.67435
92	36	0.78321
95	36	0.75836
96	36	0.79209
97	36	0.72032
101	36	0.81712
103	36	0.85099
106	36	0.7445
108	36	0.67298
110	36	0.81927
111	36	0.79731
112	36	0.67814
113	36	0.70734
117	36	0.7435
124	36	0.73595
126	36	0.77758
128	36	0.67564
142	36	0.77496
143	36	0.51751
144	36	0.42832
148	36	0.68988
150	36	0.86659
2	37	0.95537
3	37	0.22235
4	37	0.42027
5	37	0.94939
6	37	0.92529
7	37	0.94491
9	37	0.27671
11	37	0.24452
12	37	0.94566
14	37	0.57409
15	37	0.76383
16	37	0.89921
17	37	0.81289
18	37	0.91567
19	37	0.94551
20	37	0.91241
22	37	0.33841
23	37	0.95848
24	37	0.55614
26	37	0.96069
28	37	0.50136
29	37	0.7591
30	37	0.94419
32	37	0.94444
33	37	0.83276
34	37	0.72522
35	37	0.55336
36	37	0.76739
38	37	0.95619
41	37	0.96412
42	37	0.97372
44	37	0.92193
47	37	0.91618
50	37	0.04784
51	37	0.93209
52	37	0.50651
53	37	0.87146
55	37	0.96267
57	37	0.24808
58	37	0.90479
60	37	0.89226
61	37	0.93194
62	37	0.90134
66	37	0.89782
72	37	0.1852
73	37	0.13213
74	37	0.6931
75	37	0.92446
76	37	0.77334
77	37	0.85054
79	37	0.90915
80	37	0.96927
81	37	0.95678
84	37	0.93629
85	37	0.93704
87	37	0.95694
91	37	0.90007
92	37	0.95924
93	37	0.85566
96	37	0.88095
97	37	0.9342
98	37	0.93339
100	37	0.95982
101	37	0.94053
102	37	0.91611
103	37	0.87482
105	37	0.41323
108	37	0.89635
110	37	0.95521
114	37	0.94287
116	37	0.91783
123	37	0.90422
130	37	0.90696
132	37	0.89313
135	37	0.66355
136	37	0.90453
140	37	0.84605
141	37	0.95678
142	37	0.87797
143	37	0.12503
144	37	0.31078
146	37	0.92058
147	37	0.923
148	37	0.92038
150	37	0.5353
2	38	0.98057
3	38	0.22768
4	38	0.40226
5	38	0.91166
6	38	0.92401
7	38	0.9298
12	38	0.93894
14	38	0.56541
15	38	0.78364
16	38	0.80779
17	38	0.81631
18	38	0.90898
19	38	0.93206
20	38	0.84259
22	38	0.20544
23	38	0.9568
24	38	0.4664
26	38	0.933
27	38	0.89739
28	38	0.49
29	38	0.75583
30	38	0.92263
31	38	0.88837
32	38	0.92691
33	38	0.8922
34	38	0.74751
35	38	0.44299
36	38	0.8049
37	38	0.95619
40	38	0.89648
41	38	0.93168
42	38	0.97773
43	38	0.89302
44	38	0.92186
45	38	0.79671
46	38	0.88478
47	38	0.84542
49	38	0.02386
50	38	0.06377
51	38	0.94731
52	38	0.39336
53	38	0.83865
55	38	0.94296
57	38	0.23111
58	38	0.94894
60	38	0.84549
61	38	0.92858
62	38	0.82759
73	38	0.06115
74	38	0.79953
75	38	0.91465
76	38	0.69696
77	38	0.79568
79	38	0.93491
80	38	0.9783
81	38	0.93285
84	38	0.93511
85	38	0.89907
87	38	0.9551
91	38	0.9081
92	38	0.93393
93	38	0.78087
95	38	0.89347
96	38	0.85311
97	38	0.92299
98	38	0.93455
100	38	0.96018
101	38	0.94561
102	38	0.94032
103	38	0.82691
105	38	0.42792
108	38	0.94116
110	38	0.94755
114	38	0.91531
116	38	0.84259
123	38	0.9035
124	38	0.88704
130	38	0.9024
132	38	0.8708
135	38	0.62774
136	38	0.89848
140	38	0.78736
141	38	0.93073
142	38	0.86486
143	38	0.12095
144	38	0.27578
147	38	0.90048
148	38	0.90896
150	38	0.51608
13	39	0.98536
21	39	0.94283
25	39	0.99391
27	39	0.98481
31	39	0.98773
33	39	0.8134
40	39	0.98089
43	39	0.97401
45	39	0.81477
46	39	0.98823
48	39	0.99549
54	39	0.99748
56	39	0.96698
58	39	0.96443
59	39	0.99224
63	39	0.99195
64	39	0.97416
65	39	0.98002
67	39	0.98306
68	39	0.9886
69	39	0.97583
70	39	0.98351
71	39	0.98818
78	39	0.99015
79	39	0.96157
82	39	0.98104
83	39	0.99053
86	39	0.97401
88	39	0.99259
89	39	0.99166
90	39	0.99498
91	39	0.97084
94	39	0.9901
95	39	0.97694
99	39	0.98871
104	39	0.9897
106	39	0.99124
107	39	0.98959
108	39	0.95964
109	39	0.98147
111	39	0.94829
112	39	0.9949
113	39	0.96884
115	39	0.98656
117	39	0.98377
118	39	0.97299
119	39	0.98738
120	39	0.98777
121	39	0.97658
122	39	0.98719
124	39	0.98651
125	39	0.99594
126	39	0.94799
127	39	0.99772
128	39	0.98762
129	39	0.98411
131	39	0.9874
133	39	0.98344
134	39	0.97486
137	39	0.99124
138	39	0.99297
139	39	0.99217
145	39	0.99128
149	39	0.97617
2	40	0.95256
13	40	0.96724
18	40	0.9603
21	40	0.95848
25	40	0.97627
27	40	0.99287
29	40	0.70416
31	40	0.99079
33	40	0.83274
34	40	0.61552
38	40	0.89648
39	40	0.98089
46	40	0.97974
48	40	0.97309
51	40	0.96159
54	40	0.9847
56	40	0.96866
58	40	0.97296
59	40	0.98138
63	40	0.98915
64	40	0.96649
65	40	0.98113
67	40	0.95827
68	40	0.9768
69	40	0.97296
70	40	0.98372
71	40	0.96401
74	40	0.60994
78	40	0.9784
79	40	0.98527
82	40	0.98234
83	40	0.9722
84	40	0.93825
86	40	0.97327
88	40	0.97892
89	40	0.97705
90	40	0.97734
91	40	0.96786
95	40	0.96363
99	40	0.97437
101	40	0.94913
104	40	0.97318
106	40	0.97361
107	40	0.99057
108	40	0.98438
109	40	0.95575
112	40	0.96255
115	40	0.97182
117	40	0.95701
118	40	0.94854
119	40	0.98205
120	40	0.96908
121	40	0.98268
122	40	0.9733
123	40	0.96689
124	40	0.97021
125	40	0.9819
127	40	0.97662
128	40	0.95659
129	40	0.97055
131	40	0.97791
133	40	0.95308
134	40	0.95538
137	40	0.97076
138	40	0.988
139	40	0.96749
145	40	0.97413
148	40	0.97473
2	41	0.9499
3	41	0.21043
5	41	0.96457
6	41	0.98544
7	41	0.97289
12	41	0.9535
14	41	0.59597
15	41	0.63941
16	41	0.86477
17	41	0.81123
18	41	0.96919
19	41	0.92552
20	41	0.88899
23	41	0.96235
24	41	0.49119
26	41	0.9952
29	41	0.65437
30	41	0.97632
32	41	0.97917
33	41	0.80652
34	41	0.58288
35	41	0.4471
36	41	0.71874
37	41	0.96412
38	41	0.93168
42	41	0.95517
43	41	0.95994
44	41	0.98756
45	41	0.82717
47	41	0.92164
51	41	0.97376
52	41	0.41125
53	41	0.85949
55	41	0.99268
58	41	0.94591
60	41	0.89677
61	41	0.98379
62	41	0.8594
66	41	0.96421
69	41	0.93262
70	41	0.93265
74	41	0.54986
75	41	0.95926
76	41	0.74865
77	41	0.85171
79	41	0.94396
80	41	0.98049
81	41	0.98837
84	41	0.97185
85	41	0.90994
86	41	0.93903
87	41	0.99098
91	41	0.96434
92	41	0.98621
93	41	0.82014
95	41	0.94127
96	41	0.83951
97	41	0.98468
98	41	0.98283
100	41	0.95997
101	41	0.94102
102	41	0.91069
103	41	0.83413
105	41	0.36629
108	41	0.9345
110	41	0.98148
111	41	0.93818
113	41	0.95888
114	41	0.97315
116	41	0.90604
123	41	0.95931
126	41	0.9297
130	41	0.97293
131	41	0.93658
132	41	0.88707
135	41	0.65684
136	41	0.97593
140	41	0.85293
141	41	0.97244
142	41	0.91669
146	41	0.95334
147	41	0.97634
148	41	0.965
150	41	0.5224
2	42	0.95443
3	42	0.26124
4	42	0.48904
5	42	0.94544
6	42	0.93437
7	42	0.94381
9	42	0.2749
10	42	0.11187
11	42	0.26557
12	42	0.96923
14	42	0.62128
15	42	0.8234
16	42	0.90127
17	42	0.86586
18	42	0.90333
19	42	0.94538
20	42	0.92782
22	42	0.26112
23	42	0.98805
24	42	0.61472
26	42	0.94366
28	42	0.5717
29	42	0.70094
30	42	0.96483
32	42	0.94467
33	42	0.84303
34	42	0.68059
35	42	0.57465
36	42	0.77095
37	42	0.97372
38	42	0.97773
41	42	0.95517
44	42	0.93694
47	42	0.92995
49	42	0.06427
50	42	0.07467
51	42	0.92882
52	42	0.42398
53	42	0.91177
55	42	0.96747
57	42	0.26336
58	42	0.90953
60	42	0.92091
61	42	0.9255
62	42	0.91453
72	42	0.23183
73	42	0.09153
74	42	0.73942
75	42	0.92573
76	42	0.80253
77	42	0.88817
79	42	0.89627
80	42	0.98742
81	42	0.9488
84	42	0.93211
85	42	0.94255
87	42	0.95778
92	42	0.96956
93	42	0.8808
96	42	0.92361
97	42	0.91548
98	42	0.93208
100	42	0.98425
101	42	0.90664
102	42	0.95039
103	42	0.84284
105	42	0.53872
108	42	0.90031
110	42	0.95774
114	42	0.94961
116	42	0.90855
130	42	0.90055
132	42	0.94582
135	42	0.73409
136	42	0.89324
140	42	0.88725
141	42	0.96325
142	42	0.91898
143	42	0.13677
144	42	0.23664
146	42	0.92618
147	42	0.91313
150	42	0.55641
2	43	0.93652
6	43	0.97433
7	43	0.93402
12	43	0.87883
13	43	0.98094
18	43	0.97731
19	43	0.86585
26	43	0.97171
27	43	0.97745
30	43	0.9049
31	43	0.98061
32	43	0.94381
33	43	0.81259
36	43	0.6922
38	43	0.89302
39	43	0.97401
41	43	0.95994
44	43	0.9729
45	43	0.85613
46	43	0.98126
48	43	0.96994
51	43	0.98509
55	43	0.9468
58	43	0.97746
59	43	0.96722
61	43	0.98458
63	43	0.97873
66	43	0.98684
68	43	0.97993
69	43	0.98577
70	43	0.98509
71	43	0.99123
75	43	0.93039
79	43	0.97289
80	43	0.93372
81	43	0.95322
82	43	0.9713
83	43	0.98785
84	43	0.95783
86	43	0.98535
87	43	0.97184
88	43	0.9695
89	43	0.97951
90	43	0.98616
91	43	0.99438
92	43	0.92512
95	43	0.98515
97	43	0.99029
98	43	0.97822
101	43	0.94805
103	43	0.76398
106	43	0.97568
107	43	0.97023
108	43	0.96693
110	43	0.94516
111	43	0.96833
112	43	0.98059
113	43	0.99635
117	43	0.97597
119	43	0.97528
123	43	0.9806
124	43	0.97556
125	43	0.98039
126	43	0.97691
127	43	0.97549
130	43	0.98254
131	43	0.99138
136	43	0.99503
138	43	0.97143
142	43	0.83609
146	43	0.8814
147	43	0.96333
148	43	0.9833
2	44	0.93772
5	44	0.95686
6	44	0.997
7	44	0.97419
12	44	0.93419
14	44	0.56649
16	44	0.82485
17	44	0.811
18	44	0.97512
19	44	0.88524
20	44	0.85264
23	44	0.95645
26	44	0.982
27	44	0.93818
30	44	0.97542
31	44	0.93831
32	44	0.98049
37	44	0.92193
38	44	0.92186
41	44	0.98756
42	44	0.93694
43	44	0.9729
45	44	0.81761
47	44	0.89966
51	44	0.97354
53	44	0.85341
55	44	0.97779
58	44	0.95738
60	44	0.88897
61	44	0.98891
62	44	0.81621
66	44	0.97177
69	44	0.95082
70	44	0.95071
71	44	0.94109
75	44	0.96706
76	44	0.713
77	44	0.84161
79	44	0.95278
80	44	0.97184
81	44	0.98297
83	44	0.93548
84	44	0.978
85	44	0.86572
86	44	0.95734
87	44	0.98473
91	44	0.97484
92	44	0.96827
93	44	0.78127
95	44	0.94193
96	44	0.79705
97	44	0.98236
98	44	0.99065
100	44	0.95492
102	44	0.91856
103	44	0.77419
105	44	0.37094
108	44	0.95088
110	44	0.96755
111	44	0.92486
113	44	0.96799
114	44	0.9724
116	44	0.87396
123	44	0.96911
126	44	0.93762
130	44	0.9861
131	44	0.94959
132	44	0.87432
