4	2	0.961
5	2	0.95951
6	2	0.99569
7	2	0.97748
8	2	0.86849
9	2	0.93483
13	2	0.98627
14	2	0.88137
15	2	0.98061
16	2	0.91776
17	2	0.94099
18	2	0.98631
20	2	0.97915
21	2	0.98951
22	2	0.94154
26	2	0.99173
28	2	0.9505
29	2	0.95725
30	2	0.97598
33	2	0.99157
34	2	0.98854
35	2	0.97938
36	2	0.98226
38	2	0.99615
40	2	0.98696
41	2	0.99478
42	2	0.9968
43	2	0.96725
45	2	0.93145
46	2	0.98167
48	2	0.9519
49	2	0.87893
51	2	0.97476
52	2	0.98807
54	2	0.98857
55	2	0.97364
56	2	0.97775
57	2	0.92929
58	2	0.96653
60	2	0.98531
61	2	0.97356
66	2	0.98644
68	2	0.97664
71	2	0.97576
75	2	0.99468
76	2	0.98718
77	2	0.98937
80	2	0.99065
83	2	0.99016
85	2	0.96909
90	2	0.98897
92	2	0.93066
94	2	0.99716
95	2	0.98284
97	2	0.96104
100	2	0.98003
101	2	0.98313
102	2	0.98757
106	2	0.97792
108	2	0.99609
110	2	0.97369
111	2	0.97527
114	2	0.98987
116	2	0.99119
118	2	0.95638
120	2	0.99391
126	2	0.95268
128	2	0.94725
134	2	0.99053
139	2	0.98942
142	2	0.99259
144	2	0.99173
148	2	0.9903
4	3	0.53232
8	3	0.80898
10	3	0.95712
11	3	0.96307
12	3	0.76712
13	3	0.50442
14	3	0.50077
17	3	0.55162
30	3	0.50004
45	3	0.50305
48	3	0.58673
49	3	0.49096
50	3	0.86376
54	3	0.5268
57	3	0.68553
58	3	0.5168
61	3	0.59133
62	3	0.49807
64	3	0.56466
65	3	0.52657
66	3	0.51874
67	3	0.50992
70	3	0.59124
71	3	0.56877
72	3	0.57314
73	3	0.90335
75	3	0.49688
76	3	0.56482
80	3	0.54183
88	3	0.49914
89	3	0.57415
90	3	0.52016
92	3	0.51117
98	3	0.50586
100	3	0.49968
110	3	0.49803
111	3	0.48818
112	3	0.67613
118	3	0.66878
119	3	0.5317
125	3	0.50063
127	3	0.55549
128	3	0.68069
129	3	0.52217
132	3	0.50265
135	3	0.73985
137	3	0.71391
139	3	0.49115
145	3	0.48633
146	3	0.50146
2	4	0.961
3	4	0.53232
5	4	0.97931
6	4	0.97145
7	4	0.98754
8	4	0.90378
9	4	0.95574
10	4	0.30626
11	4	0.59666
12	4	0.91563
13	4	0.98684
14	4	0.93231
15	4	0.97981
16	4	0.91354
17	4	0.99385
20	4	0.97994
22	4	0.95985
26	4	0.95678
29	4	0.97848
30	4	0.9943
34	4	0.95672
38	4	0.94091
41	4	0.97009
42	4	0.94672
45	4	0.97957
48	4	0.97945
49	4	0.96073
50	4	0.85993
52	4	0.9757
54	4	0.94458
55	4	0.98039
56	4	0.98359
57	4	0.96401
61	4	0.93659
66	4	0.97388
73	4	0.70635
75	4	0.95998
76	4	0.97487
77	4	0.97554
80	4	0.96429
85	4	0.98363
90	4	0.94622
94	4	0.95528
95	4	0.93924
97	4	0.98769
101	4	0.96856
106	4	0.9913
108	4	0.96906
111	4	0.99524
114	4	0.94299
116	4	0.97529
118	4	0.95475
126	4	0.98627
128	4	0.96331
134	4	0.94745
139	4	0.99021
142	4	0.94313
144	4	0.94654
148	4	0.94189
2	5	0.95951
4	5	0.97931
6	5	0.97239
7	5	0.9957
9	5	0.9593
13	5	0.97497
14	5	0.89829
15	5	0.99199
16	5	0.93052
17	5	0.97619
18	5	0.94548
20	5	0.99268
22	5	0.94552
26	5	0.96534
29	5	0.99442
30	5	0.98427
33	5	0.93241
34	5	0.96206
35	5	0.95405
38	5	0.93528
41	5	0.97395
42	5	0.94018
45	5	0.96771
48	5	0.95582
49	5	0.95792
52	5	0.9768
55	5	0.99249
56	5	0.99219
60	5	0.93913
66	5	0.95474
75	5	0.94816
76	5	0.94734
77	5	0.9836
80	5	0.93602
83	5	0.9297
85	5	0.98003
94	5	0.94726
97	5	0.97791
101	5	0.97997
102	5	0.93143
106	5	0.99387
108	5	0.96225
111	5	0.98697
116	5	0.9579
120	5	0.93431
126	5	0.99347
134	5	0.95482
139	5	0.97846
142	5	0.9562
144	5	0.94016
148	5	0.94925
2	6	0.99569
4	6	0.97145
5	6	0.97239
7	6	0.98807
8	6	0.87407
9	6	0.96053
12	6	0.9072
13	6	0.99198
14	6	0.89991
15	6	0.98927
16	6	0.9384
17	6	0.95669
18	6	0.9772
20	6	0.99004
21	6	0.98299
22	6	0.95987
26	6	0.98573
28	6	0.96238
29	6	0.97252
30	6	0.98784
33	6	0.98505
34	6	0.99225
35	6	0.97269
36	6	0.9803
38	6	0.98915
40	6	0.98166
41	6	0.9926
42	6	0.99226
43	6	0.96513
45	6	0.95236
46	6	0.9755
48	6	0.97201
49	6	0.91159
50	6	0.77179
51	6	0.97698
52	6	0.9947
54	6	0.98046
55	6	0.98483
56	6	0.9822
57	6	0.93288
60	6	0.98836
61	6	0.96678
66	6	0.99312
71	6	0.96996
73	6	0.61288
75	6	0.99478
76	6	0.98862
77	6	0.99197
80	6	0.98609
83	6	0.98528
85	6	0.97987
90	6	0.98527
92	6	0.93914
94	6	0.99408
95	6	0.98361
97	6	0.97652
101	6	0.98923
102	6	0.97437
106	6	0.98767
108	6	0.998
111	6	0.98296
114	6	0.98603
116	6	0.99205
118	6	0.96097
120	6	0.9837
126	6	0.96903
128	6	0.9505
134	6	0.98737
139	6	0.99187
142	6	0.98833
144	6	0.98182
148	6	0.98492
2	7	0.97748
4	7	0.98754
5	7	0.9957
6	7	0.98807
8	7	0.86149
9	7	0.96889
13	7	0.99005
14	7	0.91027
15	7	0.99736
16	7	0.93757
17	7	0.98133
18	7	0.95789
20	7	0.99779
22	7	0.959
26	7	0.97614
28	7	0.93305
29	7	0.99368
30	7	0.99476
33	7	0.95361
34	7	0.97691
35	7	0.96212
38	7	0.95936
41	7	0.98507
42	7	0.96352
45	7	0.97129
48	7	0.97346
49	7	0.95135
50	7	0.781
52	7	0.98843
55	7	0.99514
56	7	0.99514
57	7	0.92387
60	7	0.96104
66	7	0.97672
73	7	0.62285
75	7	0.97191
76	7	0.97186
77	7	0.99142
80	7	0.96296
83	7	0.95299
85	7	0.98767
90	7	0.95278
94	7	0.96924
95	7	0.95317
97	7	0.98679
101	7	0.98737
106	7	0.99879
108	7	0.982
111	7	0.99418
114	7	0.95387
116	7	0.97713
118	7	0.94
120	7	0.95512
126	7	0.99218
128	7	0.9345
134	7	0.96969
139	7	0.99127
142	7	0.96931
144	7	0.9597
148	7	0.96452
2	8	0.86849
3	8	0.80898
4	8	0.90378
6	8	0.87407
7	8	0.86149
10	8	0.63609
11	8	0.83306
12	8	0.97472
13	8	0.90286
15	8	0.85799
17	8	0.90849
21	8	0.86296
28	8	0.85838
30	8	0.89267
34	8	0.86174
38	8	0.85822
42	8	0.87086
45	8	0.86735
48	8	0.92139
50	8	0.93579
54	8	0.90613
57	8	0.95021
58	8	0.87879
61	8	0.92989
64	8	0.88261
65	8	0.8562
66	8	0.89906
67	8	0.86857
71	8	0.91724
73	8	0.87347
75	8	0.89798
76	8	0.92982
80	8	0.91695
89	8	0.88653
90	8	0.89976
94	8	0.86635
95	8	0.87965
97	8	0.8617
100	8	0.8815
106	8	0.86793
108	8	0.89201
110	8	0.87047
111	8	0.89276
112	8	0.92189
114	8	0.86956
116	8	0.88194
118	8	0.96521
127	8	0.8949
128	8	0.96423
135	8	0.96322
137	8	0.94482
139	8	0.89815
146	8	0.85929
2	9	0.93483
4	9	0.95574
5	9	0.9593
6	9	0.96053
7	9	0.96889
11	9	0.56502
13	9	0.97011
14	9	0.9368
15	9	0.97262
17	9	0.96365
20	9	0.97657
21	9	0.92014
22	9	0.94722
28	9	0.96489
29	9	0.97823
30	9	0.9756
34	9	0.961
36	9	0.92985
38	9	0.91992
40	9	0.92084
41	9	0.93
42	9	0.93014
45	9	0.97574
48	9	0.9799
49	9	0.95151
50	9	0.79249
51	9	0.92919
52	9	0.96712
55	9	0.96569
56	9	0.94986
60	9	0.93647
66	9	0.95769
73	9	0.67119
75	9	0.94054
76	9	0.94421
77	9	0.93998
80	9	0.92745
83	9	0.92013
85	9	0.97083
90	9	0.93094
92	9	0.93606
94	9	0.93624
95	9	0.9508
97	9	0.97984
101	9	0.9411
106	9	0.96393
108	9	0.95023
111	9	0.95152
116	9	0.94026
118	9	0.92875
126	9	0.97183
139	9	0.95206
142	9	0.92197
3	10	0.95712
4	10	0.30626
8	10	0.63609
11	10	0.9198
12	10	0.58193
13	10	0.27259
14	10	0.30464
17	10	0.32844
28	10	0.27639
30	10	0.26521
45	10	0.2912
48	10	0.35989
49	10	0.27671
50	10	0.71636
54	10	0.30588
57	10	0.49489
58	10	0.307
61	10	0.37712
62	10	0.28087
64	10	0.36394
65	10	0.31285
66	10	0.28696
67	10	0.29117
70	10	0.4116
71	10	0.35256
72	10	0.38668
73	10	0.8301
75	10	0.25985
76	10	0.33787
80	10	0.31625
88	10	0.2853
89	10	0.36804
90	10	0.29502
92	10	0.30186
95	10	0.26175
98	10	0.30936
100	10	0.27819
110	10	0.28071
112	10	0.48547
118	10	0.4527
119	10	0.32499
125	10	0.30301
127	10	0.34612
128	10	0.47926
129	10	0.33407
132	10	0.33031
135	10	0.54406
137	10	0.52158
145	10	0.27871
146	10	0.27364
3	11	0.96307
4	11	0.59666
8	11	0.83306
9	11	0.56502
10	11	0.9198
12	11	0.80417
13	11	0.57354
14	11	0.58711
17	11	0.6197
28	11	0.5909
30	11	0.57437
45	11	0.61123
48	11	0.66203
49	11	0.58979
50	11	0.86889
54	11	0.58593
57	11	0.7361
58	11	0.58351
61	11	0.64193
64	11	0.5908
65	11	0.56355
66	11	0.59153
67	11	0.55859
70	11	0.61236
71	11	0.63
72	11	0.65034
73	11	0.96643
75	11	0.55881
76	11	0.62601
80	11	0.59572
89	11	0.63373
90	11	0.58644
92	11	0.59553
95	11	0.55957
97	11	0.55253
98	11	0.54855
100	11	0.54789
110	11	0.55199
111	11	0.5556
112	11	0.72485
116	11	0.55461
118	11	0.7139
119	11	0.57622
127	11	0.62687
128	11	0.72929
129	11	0.55063
135	11	0.77725
137	11	0.74083
139	11	0.55878
146	11	0.54774
3	12	0.76712
4	12	0.91563
6	12	0.9072
8	12	0.97472
10	12	0.58193
11	12	0.80417
13	12	0.92558
17	12	0.90634
21	12	0.91427
28	12	0.91054
30	12	0.91638
38	12	0.90473
42	12	0.91229
48	12	0.94429
50	12	0.93555
51	12	0.91479
54	12	0.94269
57	12	0.97616
58	12	0.93458
61	12	0.96221
62	12	0.91262
64	12	0.93202
65	12	0.91361
66	12	0.94102
67	12	0.92817
70	12	0.90512
71	12	0.95701
72	12	0.91491
73	12	0.82127
75	12	0.9313
76	12	0.95655
80	12	0.95007
88	12	0.91323
89	12	0.94575
90	12	0.94498
92	12	0.91564
94	12	0.91351
95	12	0.92723
100	12	0.92637
108	12	0.92276
110	12	0.92579
112	12	0.96897
114	12	0.92354
116	12	0.92567
118	12	0.98447
119	12	0.90761
127	12	0.94887
128	12	0.98314
135	12	0.99235
137	12	0.9819
139	12	0.91799
141	12	0.90412
145	12	0.91012
146	12	0.91712
2	13	0.98627
3	13	0.50442
4	13	0.98684
5	13	0.97497
6	13	0.99198
7	13	0.99005
8	13	0.90286
9	13	0.97011
10	13	0.27259
11	13	0.57354
12	13	0.92558
14	13	0.92832
15	13	0.99212
17	13	0.97995
20	13	0.99092
21	13	0.97021
22	13	0.95193
26	13	0.97378
28	13	0.95942
29	13	0.98093
30	13	0.99534
34	13	0.9854
35	13	0.95069
38	13	0.9747
40	13	0.96218
41	13	0.98215
42	13	0.97919
45	13	0.96993
48	13	0.98061
49	13	0.92817
50	13	0.82162
52	13	0.99041
54	13	0.97169
55	13	0.98221
56	13	0.98498
57	13	0.95487
60	13	0.96534
66	13	0.98797
73	13	0.66722
75	13	0.98482
76	13	0.98994
77	13	0.98264
80	13	0.98531
83	13	0.96637
85	13	0.98601
90	13	0.9788
92	13	0.93295
94	13	0.98276
95	13	0.97971
97	13	0.98645
101	13	0.97418
106	13	0.99022
108	13	0.99044
111	13	0.98821
114	13	0.97013
116	13	0.98616
118	13	0.96943
120	13	0.96509
126	13	0.97791
128	13	0.96148
134	13	0.96555
135	13	0.91869
139	13	0.99615
142	13	0.96936
144	13	0.9664
148	13	0.96279
2	14	0.88137
3	14	0.50077
4	14	0.93231
5	14	0.89829
6	14	0.89991
7	14	0.91027
9	14	0.9368
10	14	0.30464
11	14	0.58711
13	14	0.92832
15	14	0.90858
17	14	0.92829
20	14	0.91569
21	14	0.87602
22	14	0.92307
26	14	0.87873
28	14	0.91477
29	14	0.92375
30	14	0.93702
34	14	0.89447
36	14	0.88971
41	14	0.88086
42	14	0.8758
45	14	0.95419
48	14	0.92743
49	14	0.90366
50	14	0.83219
52	14	0.92512
55	14	0.92284
56	14	0.90838
57	14	0.92831
66	14	0.9168
73	14	0.66002
75	14	0.87851
76	14	0.90116
77	14	0.88942
80	14	0.89343
83	14	0.88184
85	14	0.95324
90	14	0.8897
92	14	0.88098
94	14	0.89345
95	14	0.9072
97	14	0.96168
101	14	0.88241
106	14	0.91722
108	14	0.89016
111	14	0.90376
114	14	0.87844
116	14	0.9145
118	14	0.88162
126	14	0.93759
128	14	0.88982
139	14	0.91553
142	14	0.87535
2	15	0.98061
4	15	0.97981
5	15	0.99199
6	15	0.98927
7	15	0.99736
8	15	0.85799
9	15	0.97262
13	15	0.99212
14	15	0.90858
16	15	0.91969
17	15	0.97627
18	15	0.95757
20	15	0.99903
22	15	0.94531
26	15	0.97563
28	15	0.94463
29	15	0.99396
30	15	0.99128
33	15	0.95715
34	15	0.98408
35	15	0.95926
36	15	0.9562
38	15	0.96363
40	15	0.95516
41	15	0.98275
42	15	0.96816
45	15	0.96786
48	15	0.96844
49	15	0.93795
52	15	0.98916
55	15	0.9912
56	15	0.99256
60	15	0.96168
66	15	0.97365
73	15	0.61127
75	15	0.97276
76	15	0.97088
77	15	0.98707
80	15	0.96385
83	15	0.95641
85	15	0.98512
90	15	0.95739
94	15	0.97186
95	15	0.96284
97	15	0.98277
101	15	0.98089
106	15	0.99434
108	15	0.98255
111	15	0.98738
116	15	0.97317
120	15	0.9574
126	15	0.98722
134	15	0.96602
139	15	0.98936
142	15	0.97134
144	15	0.95783
148	15	0.96211
2	16	0.91776
4	16	0.91354
5	16	0.93052
6	16	0.9384
7	16	0.93757
15	16	0.91969
18	16	0.92345
20	16	0.92867
22	16	0.95847
26	16	0.91871
29	16	0.91264
30	16	0.92921
33	16	0.92035
34	16	0.91093
35	16	0.92848
41	16	0.93586
42	16	0.91241
46	16	0.91019
48	16	0.93033
49	16	0.90949
51	16	0.91462
52	16	0.93017
55	16	0.94204
56	16	0.92044
60	16	0.94831
66	16	0.93958
68	16	0.92305
75	16	0.93093
76	16	0.91519
77	16	0.94714
83	16	0.91313
85	16	0.91532
94	16	0.91837
97	16	0.91816
101	16	0.96422
104	16	0.92528
106	16	0.93804
108	16	0.93444
111	16	0.93527
114	16	0.92426
115	16	0.90982
116	16	0.93217
120	16	0.90979
126	16	0.92222
134	16	0.94951
139	16	0.9189
142	16	0.92449
144	16	0.91743
146	16	0.91379
148	16	0.93806
2	17	0.94099
3	17	0.55162
4	17	0.99385
5	17	0.97619
6	17	0.95669
7	17	0.98133
8	17	0.90849
9	17	0.96365
10	17	0.32844
11	17	0.6197
12	17	0.90634
13	17	0.97995
14	17	0.92829
15	17	0.97627
20	17	0.97461
22	17	0.93689
26	17	0.9303
29	17	0.97864
30	17	0.98818
34	17	0.94521
38	17	0.91491
41	17	0.94765
42	17	0.92398
45	17	0.9839
48	17	0.97903
49	17	0.97098
50	17	0.86282
52	17	0.96208
54	17	0.91971
55	17	0.96966
56	17	0.97113
57	17	0.9497
61	17	0.91241
66	17	0.9563
73	17	0.73779
75	17	0.94153
76	17	0.96089
77	17	0.95689
80	17	0.94439
85	17	0.97105
90	17	0.92614
94	17	0.93178
95	17	0.92435
97	17	0.98048
101	17	0.94675
106	17	0.98332
108	17	0.95306
111	17	0.98567
114	17	0.91395
116	17	0.9522
118	17	0.94656
126	17	0.98363
128	17	0.94778
134	17	0.91802
139	17	0.97807
142	17	0.91601
144	17	0.91372
2	18	0.98631
5	18	0.94548
6	18	0.9772
7	18	0.95789
15	18	0.95757
16	18	0.92345
20	18	0.95827
21	18	0.9731
23	18	0.97579
25	18	0.96674
26	18	0.9946
29	18	0.93311
33	18	0.99185
34	18	0.96346
35	18	0.99603
36	18	0.97526
38	18	0.98552
40	18	0.97946
41	18	0.99016
42	18	0.98063
46	18	0.97368
52	18	0.96665
54	18	0.96638
55	18	0.95995
56	18	0.96644
60	18	0.97779
66	18	0.96024
68	18	0.98308
75	18	0.9738
77	18	0.98497
80	18	0.96354
81	18	0.96412
83	18	0.98389
90	18	0.96044
93	18	0.96544
94	18	0.9817
96	18	0.97469
99	18	0.96285
100	18	0.96764
101	18	0.98216
102	18	0.99657
104	18	0.98035
106	18	0.95846
108	18	0.97624
110	18	0.96409
111	18	0.95271
113	18	0.95996
114	18	0.97758
116	18	0.97385
120	18	0.99395
126	18	0.92893
134	18	0.99525
139	18	0.96555
141	18	0.95874
142	18	0.99443
144	18	0.99254
148	18	0.99719
21	19	0.95683
23	19	0.96224
24	19	0.96283
25	19	0.95401
27	19	0.96422
31	19	0.93594
37	19	0.96544
39	19	0.97424
40	19	0.95572
43	19	0.97789
44	19	0.98874
46	19	0.97278
47	19	0.85586
51	19	0.97081
53	19	0.95852
58	19	0.97535
59	19	0.95278
62	19	0.96649
63	19	0.9833
64	19	0.9571
65	19	0.97178
67	19	0.96291
68	19	0.95337
70	19	0.94704
71	19	0.95299
72	19	0.95015
74	19	0.98869
81	19	0.95433
82	19	0.97382
86	19	0.97916
87	19	0.99128
88	19	0.96389
89	19	0.97902
91	19	0.97963
92	19	0.95283
93	19	0.97882
96	19	0.95781
98	19	0.96614
99	19	0.95343
100	19	0.95338
105	19	0.76642
107	19	0.94239
109	19	0.81364
112	19	0.95281
115	19	0.98084
117	19	0.97754
119	19	0.99032
121	19	0.95967
122	19	0.94955
123	19	0.97894
124	19	0.77676
125	19	0.99207
127	19	0.97242
129	19	0.95682
130	19	0.9547
131	19	0.95185
132	19	0.94008
136	19	0.9615
138	19	0.9264
141	19	0.97595
143	19	0.92381
145	19	0.97891
146	19	0.96845
147	19	0.96097
150	19	0.94286
2	20	0.97915
4	20	0.97994
5	20	0.99268
6	20	0.99004
7	20	0.99779
9	20	0.97657
13	20	0.99092
14	20	0.91569
15	20	0.99903
16	20	0.92867
17	20	0.97461
18	20	0.95827
22	20	0.95539
26	20	0.97591
28	20	0.94869
29	20	0.99509
30	20	0.99243
33	20	0.9586
34	20	0.98447
35	20	0.9613
36	20	0.95993
38	20	0.96325
40	20	0.95638
41	20	0.98296
42	20	0.96795
45	20	0.97074
48	20	0.97101
49	20	0.94331
52	20	0.99118
55	20	0.99388
56	20	0.99246
60	20	0.96528
66	20	0.9763
75	20	0.97231
76	20	0.96932
77	20	0.98809
80	20	0.96187
83	20	0.95892
85	20	0.98899
90	20	0.95632
94	20	0.97251
95	20	0.96341
97	20	0.98668
101	20	0.98465
106	20	0.99505
108	20	0.98222
111	20	0.9871
116	20	0.97516
120	20	0.95732
126	20	0.98965
134	20	0.96795
139	20	0.98817
142	20	0.9732
144	20	0.95796
148	20	0.96436
2	21	0.98951
6	21	0.98299
8	21	0.86296
9	21	0.92014
12	21	0.91427
13	21	0.97021
14	21	0.87602
18	21	0.9731
19	21	0.95683
23	21	0.9805
25	21	0.98356
26	21	0.97461
28	21	0.96263
33	21	0.99205
34	21	0.9775
35	21	0.96021
36	21	0.98852
38	21	0.99725
39	21	0.97042
40	21	0.99579
41	21	0.9737
42	21	0.99574
43	21	0.98754
46	21	0.99389
51	21	0.99108
52	21	0.97077
54	21	0.99027
57	21	0.92262
58	21	0.98959
60	21	0.98509
61	21	0.97819
62	21	0.9694
64	21	0.96521
66	21	0.97967
67	21	0.98092
68	21	0.97923
71	21	0.98533
75	21	0.98998
76	21	0.9789
77	21	0.96427
80	21	0.9881
82	21	0.97822
83	21	0.99437
88	21	0.97369
89	21	0.96723
90	21	0.9945
92	21	0.96049
93	21	0.98308
94	21	0.99419
95	21	0.99313
96	21	0.98002
100	21	0.98886
102	21	0.97803
104	21	0.96096
108	21	0.98671
110	21	0.98391
112	21	0.93834
114	21	0.99329
115	21	0.97467
116	21	0.98041
117	21	0.97249
118	21	0.95573
120	21	0.99093
123	21	0.96975
127	21	0.98181
128	21	0.94033
134	21	0.97652
135	21	0.92076
137	21	0.92905
139	21	0.96742
141	21	0.98285
142	21	0.98192
144	21	0.98306
145	21	0.97717
146	21	0.9715
148	21	0.97933
150	21	0.93847
2	22	0.94154
4	22	0.95985
5	22	0.94552
6	22	0.95987
7	22	0.959
9	22	0.94722
13	22	0.95193
14	22	0.92307
15	22	0.94531
16	22	0.95847
17	22	0.93689
20	22	0.95539
26	22	0.94281
29	22	0.94857
30	22	0.96879
34	22	0.94273
35	22	0.9379
36	22	0.94033
41	22	0.95366
42	22	0.93951
45	22	0.95246
48	22	0.96661
49	22	0.93781
50	22	0.81081
51	22	0.94281
52	22	0.96801
55	22	0.96959
56	22	0.95267
57	22	0.92917
60	22	0.95865
66	22	0.97432
73	22	0.63015
75	22	0.94876
76	22	0.94956
77	22	0.95905
80	22	0.93996
83	22	0.9459
85	22	0.97512
90	22	0.93625
94	22	0.95199
97	22	0.97652
101	22	0.97224
106	22	0.96242
108	22	0.95321
111	22	0.96012
114	22	0.9523
116	22	0.97069
126	22	0.96195
128	22	0.937
134	22	0.95232
139	22	0.95413
142	22	0.9451
144	22	0.94121
148	22	0.94876
18	23	0.97579
19	23	0.96224
21	23	0.9805
24	23	0.96767
25	23	0.99008
27	23	0.9789
32	23	0.92674
33	23	0.98682
35	23	0.96181
36	23	0.97393
37	23	0.98922
38	23	0.98183
39	23	0.98816
40	23	0.9831
42	23	0.97406
43	23	0.9756
44	23	0.96968
46	23	0.98792
47	23	0.8359
51	23	0.96895
53	23	0.97917
58	23	0.96851
60	23	0.96794
62	23	0.97797
63	23	0.97144
64	23	0.96181
65	23	0.96522
67	23	0.97964
68	23	0.98899
69	23	0.95314
74	23	0.96294
78	23	0.98484
79	23	0.9008
81	23	0.99296
82	23	0.98852
83	23	0.98346
84	23	0.98797
86	23	0.97548
87	23	0.96392
88	23	0.98129
91	23	0.96957
93	23	0.9929
94	23	0.9713
96	23	0.99621
98	23	0.95678
99	23	0.98656
100	23	0.98227
102	23	0.98335
103	23	0.98072
104	23	0.98541
105	23	0.768
107	23	0.94825
109	23	0.81981
110	23	0.98077
113	23	0.98035
114	23	0.97753
115	23	0.97544
117	23	0.98842
120	23	0.98635
121	23	0.96479
123	23	0.99476
125	23	0.9542
129	23	0.95099
130	23	0.99428
131	23	0.92027
133	23	0.90824
134	23	0.96914
136	23	0.97338
140	23	0.96282
141	23	0.98883
142	23	0.97183
143	23	0.92733
144	23	0.97762
145	23	0.98131
146	23	0.97178
147	23	0.96259
148	23	0.97575
150	23	0.94085
19	24	0.96283
23	24	0.96767
25	24	0.96378
27	24	0.98091
31	24	0.9632
32	24	0.94889
37	24	0.98029
39	24	0.97694
44	24	0.97465
47	24	0.91818
53	24	0.96929
59	24	0.96122
62	24	0.968
63	24	0.98224
65	24	0.95954
67	24	0.95883
69	24	0.97593
70	24	0.94307
72	24	0.93305
74	24	0.98155
78	24	0.97463
79	24	0.94498
81	24	0.97929
82	24	0.96516
84	24	0.98416
86	24	0.98007
87	24	0.97581
88	24	0.96317
91	24	0.98493
93	24	0.97507
96	24	0.96521
98	24	0.97726
99	24	0.97587
103	24	0.96568
104	24	0.95882
105	24	0.84037
107	24	0.98328
109	24	0.89804
113	24	0.97114
115	24	0.96051
117	24	0.98166
119	24	0.95283
121	24	0.98215
122	24	0.96282
123	24	0.98456
124	24	0.82608
125	24	0.96319
129	24	0.96267
130	24	0.98017
131	24	0.96699
132	24	0.96175
133	24	0.94335
136	24	0.98343
138	24	0.96197
140	24	0.98487
141	24	0.96839
143	24	0.97376
145	24	0.97
147	24	0.98819
149	24	0.8404
150	24	0.95695
18	25	0.96674
19	25	0.95401
21	25	0.98356
23	25	0.99008
24	25	0.96378
27	25	0.97914
32	25	0.9083
33	25	0.98051
35	25	0.9525
36	25	0.9694
37	25	0.98653
38	25	0.98392
39	25	0.98906
40	25	0.97538
42	25	0.9792
43	25	0.96998
44	25	0.95662
46	25	0.98676
51	25	0.97033
53	25	0.98039
54	25	0.98501
58	25	0.97928
61	25	0.97614
62	25	0.98741
63	25	0.96072
64	25	0.97875
65	25	0.97437
67	25	0.99366
68	25	0.98618
70	25	0.94708
71	25	0.9775
72	25	0.927
74	25	0.96591
78	25	0.97311
80	25	0.97442
81	25	0.97772
82	25	0.99151
83	25	0.98427
84	25	0.98646
86	25	0.97846
87	25	0.95758
88	25	0.99228
89	25	0.96259
90	25	0.97887
91	25	0.9662
93	25	0.98351
94	25	0.97906
95	25	0.9616
96	25	0.98533
98	25	0.97299
99	25	0.98581
100	25	0.99335
102	25	0.98153
103	25	0.98079
104	25	0.97447
110	25	0.99566
112	25	0.92861
113	25	0.98889
114	25	0.98655
115	25	0.97336
117	25	0.98508
119	25	0.94936
120	25	0.98595
121	25	0.95231
123	25	0.98544
125	25	0.95834
127	25	0.96412
129	25	0.9621
130	25	0.98775
132	25	0.93599
133	25	0.88708
134	25	0.96685
135	25	0.91431
136	25	0.96963
137	25	0.93818
140	25	0.95545
141	25	0.99181
142	25	0.96839
143	25	0.9285
144	25	0.98154
145	25	0.98892
146	25	0.97864
147	25	0.9546
148	25	0.97314
149	25	0.77239
150	25	0.9585
2	26	0.99173
4	26	0.95678
5	26	0.96534
6	26	0.98573
7	26	0.97614
13	26	0.97378
14	26	0.87873
15	26	0.97563
16	26	0.91871
17	26	0.9303
18	26	0.9946
20	26	0.97591
21	26	0.97461
22	26	0.94281
29	26	0.9587
30	26	0.9679
33	26	0.98698
34	26	0.97306
35	26	0.99496
36	26	0.97677
38	26	0.98653
40	26	0.9777
41	26	0.99657
42	26	0.98288
45	26	0.91963
46	26	0.96697
49	26	0.87332
52	26	0.98101
54	26	0.96938
55	26	0.97748
56	26	0.98557
60	26	0.97586
66	26	0.97177
68	26	0.96996
75	26	0.97814
76	26	0.96698
77	26	0.99315
80	26	0.97387
83	26	0.984
85	26	0.97189
90	26	0.9671
94	26	0.98693
95	26	0.96101
96	26	0.96401
97	26	0.95835
100	26	0.96379
101	26	0.98811
102	26	0.99172
104	26	0.96205
106	26	0.97698
108	26	0.98326
111	26	0.97206
114	26	0.97858
116	26	0.9847
120	26	0.99167
126	26	0.95613
134	26	0.99279
139	26	0.98264
142	26	0.99513
144	26	0.99358
148	26	0.99468
19	27	0.96422
23	27	0.9789
24	27	0.98091
25	27	0.97914
31	27	0.9684
32	27	0.95342
37	27	0.99725
39	27	0.99363
44	27	0.96433
47	27	0.88921
53	27	0.97698
59	27	0.95382
62	27	0.98059
63	27	0.98732
64	27	0.97778
65	27	0.97837
67	27	0.97502
68	27	0.96142
69	27	0.9718
70	27	0.97288
74	27	0.98323
78	27	0.99171
79	27	0.95939
81	27	0.97962
82	27	0.98922
84	27	0.98835
86	27	0.99238
87	27	0.95873
88	27	0.98634
91	27	0.98463
93	27	0.97107
96	27	0.96624
98	27	0.98131
99	27	0.97961
100	27	0.96864
103	27	0.98766
105	27	0.82303
107	27	0.98439
109	27	0.87953
110	27	0.96984
113	27	0.97264
115	27	0.96244
117	27	0.98372
119	27	0.95994
121	27	0.97979
122	27	0.94079
123	27	0.98689
124	27	0.83803
125	27	0.97481
129	27	0.98807
130	27	0.98768
131	27	0.93506
132	27	0.97762
133	27	0.94964
136	27	0.98943
138	27	0.9687
140	27	0.98111
141	27	0.98241
143	27	0.95849
145	27	0.98548
146	27	0.96413
147	27	0.9912
149	27	0.84669
2	28	0.9505
6	28	0.96238
7	28	0.93305
8	28	0.85838
9	28	0.96489
10	28	0.27639
11	28	0.5909
12	28	0.91054
13	28	0.95942
14	28	0.91477
15	28	0.94463
20	28	0.94869
21	28	0.96263
29	28	0.92902
30	28	0.94855
33	28	0.94397
34	28	0.97665
36	28	0.96673
38	28	0.95207
40	28	0.95908
42	28	0.96299
43	28	0.96191
45	28	0.93818
46	28	0.95198
48	28	0.95482
49	28	0.87357
51	28	0.973
52	28	0.96537
54	28	0.94641
55	28	0.93341
58	28	0.96376
60	28	0.95587
61	28	0.935
66	28	0.96535
71	28	0.95272
73	28	0.65368
75	28	0.95732
76	28	0.95429
80	28	0.94982
83	28	0.95686
85	28	0.94627
89	28	0.94516
90	28	0.96696
92	28	0.98789
93	28	0.93312
94	28	0.96214
95	28	0.98516
97	28	0.94774
106	28	0.93112
108	28	0.95642
112	28	0.92821
114	28	0.95119
115	28	0.93347
116	28	0.95063
118	28	0.94002
120	28	0.93294
127	28	0.97343
139	28	0.94143
142	28	0.94084
2	29	0.95725
4	29	0.97848
5	29	0.99442
6	29	0.97252
7	29	0.99368
9	29	0.97823
13	29	0.98093
14	29	0.92375
15	29	0.99396
16	29	0.91264
17	29	0.97864
18	29	0.93311
20	29	0.99509
22	29	0.94857
26	29	0.9587
28	29	0.92902
30	29	0.98706
33	29	0.92953
34	29	0.96679
35	29	0.94291
36	29	0.93594
38	29	0.93586
41	29	0.96562
42	29	0.94088
45	29	0.97528
48	29	0.96356
49	29	0.95635
52	29	0.97917
55	29	0.99057
56	29	0.98974
60	29	0.94041
66	29	0.95734
75	29	0.94738
76	29	0.94847
77	29	0.97442
80	29	0.93779
83	29	0.93187
85	29	0.98806
94	29	0.94868
95	29	0.93982
97	29	0.98706
101	29	0.97101
106	29	0.98974
108	29	0.96134
111	29	0.98052
116	29	0.95612
126	29	0.9949
134	29	0.94415
139	29	0.97597
142	29	0.95142
144	29	0.93296
148	29	0.93986
2	30	0.97598
3	30	0.50004
4	30	0.9943
5	30	0.98427
6	30	0.98784
7	30	0.99476
8	30	0.89267
9	30	0.9756
10	30	0.26521
11	30	0.57437
12	30	0.91638
13	30	0.99534
14	30	0.93702
15	30	0.99128
16	30	0.92921
17	30	0.98818
20	30	0.99243
22	30	0.96879
26	30	0.9679
28	30	0.94855
29	30	0.98706
34	30	0.97668
38	30	0.96049
41	30	0.97922
42	30	0.96612
45	30	0.98258
48	30	0.98813
49	30	0.95583
50	30	0.83075
52	30	0.99055
54	30	0.95726
55	30	0.99075
56	30	0.98724
57	30	0.95436
60	30	0.95985
66	30	0.98716
73	30	0.67859
75	30	0.9762
76	30	0.98335
77	30	0.9846
80	30	0.97354
83	30	0.9554
85	30	0.99116
90	30	0.96459
94	30	0.97303
95	30	0.96354
97	30	0.99465
101	30	0.97989
106	30	0.99629
108	30	0.98402
111	30	0.99373
114	30	0.96109
116	30	0.98459
118	30	0.96127
126	30	0.99034
128	30	0.95894
134	30	0.96233
139	30	0.99409
142	30	0.96257
144	30	0.95705
148	30	0.95784
19	31	0.93594
24	31	0.9632
27	31	0.9684
32	31	0.94566
37	31	0.95378
39	31	0.94291
44	31	0.9337
47	31	0.95673
53	31	0.93389
59	31	0.99013
62	31	0.93085
63	31	0.96695
64	31	0.92113
65	31	0.94177
69	31	0.97381
70	31	0.9575
74	31	0.96123
78	31	0.95284
79	31	0.9822
81	31	0.93327
82	31	0.93308
84	31	0.94338
86	31	0.96524
87	31	0.93122
88	31	0.93055
91	31	0.97
98	31	0.9563
99	31	0.92999
103	31	0.93173
105	31	0.89332
107	31	0.99069
109	31	0.94491
117	31	0.93148
119	31	0.93851
121	31	0.9736
122	31	0.97014
123	31	0.94114
124	31	0.93079
125	31	0.95138
129	31	0.96791
130	31	0.93492
131	31	0.95643
132	31	0.98492
133	31	0.96539
136	31	0.96868
138	31	0.99429
140	31	0.96481
141	31	0.92531
143	31	0.94211
145	31	0.93272
147	31	0.98764
149	31	0.8912
23	32	0.92674
24	32	0.94889
25	32	0.9083
27	32	0.95342
31	32	0.94566
37	32	0.95152
39	32	0.92711
44	32	0.88763
47	32	0.9386
53	32	0.90699
59	32	0.92615
62	32	0.89704
63	32	0.94233
68	32	0.88477
69	32	0.96253
74	32	0.9133
78	32	0.97293
79	32	0.98027
81	32	0.94756
82	32	0.91183
84	32	0.95195
86	32	0.92341
88	32	0.90466
91	32	0.92227
93	32	0.90378
96	32	0.91771
98	32	0.91072
99	32	0.92364
103	32	0.96595
104	32	0.90423
105	32	0.92382
107	32	0.9701
109	32	0.95023
113	32	0.91139
117	32	0.92954
121	32	0.94299
122	32	0.8941
123	32	0.93508
124	32	0.86763
129	32	0.915
130	32	0.95214
131	32	0.89182
132	32	0.92383
133	32	0.99135
136	32	0.93978
138	32	0.96448
140	32	0.97257
141	32	0.89905
143	32	0.94848
145	32	0.89496
147	32	0.96439
149	32	0.8516
2	33	0.99157
5	33	0.93241
6	33	0.98505
7	33	0.95361
15	33	0.95715
16	33	0.92035
18	33	0.99185
20	33	0.9586
21	33	0.99205
23	33	0.98682
25	33	0.98051
26	33	0.98698
28	33	0.94397
29	33	0.92953
34	33	0.97712
35	33	0.98354
36	33	0.99119
38	33	0.99674
40	33	0.99575
41	33	0.98502
42	33	0.99421
43	33	0.98328
44	33	0.95496
46	33	0.99377
51	33	0.98478
52	33	0.97379
53	33	0.96594
54	33	0.98189
55	33	0.95517
56	33	0.95585
58	33	0.9708
60	33	0.9924
61	33	0.96468
66	33	0.97517
67	33	0.97407
68	33	0.99099
71	33	0.96983
75	33	0.98688
76	33	0.96817
77	33	0.97723
80	33	0.97696
81	33	0.97141
82	33	0.97149
83	33	0.99691
84	33	0.96231
90	33	0.98216
92	33	0.93255
93	33	0.98644
94	33	0.99349
95	33	0.9774
96	33	0.98698
99	33	0.97204
100	33	0.98267
101	33	0.97652
102	33	0.9923
104	33	0.98229
106	33	0.95322
108	33	0.9854
110	33	0.97952
113	33	0.96946
114	33	0.99201
115	33	0.97624
116	33	0.98064
117	33	0.96637
120	33	0.99742
123	33	0.97345
127	33	0.96139
130	33	0.9685
134	33	0.9926
139	33	0.96577
141	33	0.97939
142	33	0.99464
144	33	0.99157
146	33	0.97035
148	33	0.99473
2	34	0.98854
4	34	0.95672
5	34	0.96206
6	34	0.99225
7	34	0.97691
8	34	0.86174
9	34	0.961
13	34	0.9854
14	34	0.89447
15	34	0.98408
16	34	0.91093
17	34	0.94521
18	34	0.96346
20	34	0.98447
21	34	0.9775
22	34	0.94273
26	34	0.97306
28	34	0.97665
29	34	0.96679
30	34	0.97668
33	34	0.97712
35	34	0.95823
36	34	0.98062
38	34	0.98107
40	34	0.97769
41	34	0.98133
42	34	0.98896
43	34	0.96213
45	34	0.95322
46	34	0.96737
48	34	0.96077
49	34	0.90295
51	34	0.97134
52	34	0.99217
54	34	0.97141
55	34	0.97379
56	34	0.96997
60	34	0.97821
66	34	0.98169
73	34	0.6173
75	34	0.98339
76	34	0.97682
77	34	0.9762
80	34	0.97452
83	34	0.97862
85	34	0.97253
90	34	0.97898
92	34	0.9485
94	34	0.98791
95	34	0.98502
97	34	0.96603
101	34	0.9752
102	34	0.96355
106	34	0.97482
108	34	0.98606
111	34	0.96948
114	34	0.97289
116	34	0.97977
118	34	0.94606
120	34	0.97336
126	34	0.95912
128	34	0.93518
134	34	0.97218
139	34	0.98107
142	34	0.98224
144	34	0.96767
148	34	0.97131
2	35	0.97938
5	35	0.95405
6	35	0.97269
7	35	0.96212
13	35	0.95069
15	35	0.95926
16	35	0.92848
18	35	0.99603
20	35	0.9613
21	35	0.96021
22	35	0.9379
23	35	0.96181
25	35	0.9525
26	35	0.99496
29	35	0.94291
33	35	0.98354
34	35	0.95823
36	35	0.96986
38	35	0.97602
40	35	0.96987
41	35	0.98947
42	35	0.9705
46	35	0.96037
49	35	0.85353
52	35	0.96693
54	35	0.95225
55	35	0.9671
56	35	0.9744
60	35	0.97303
66	35	0.95553
68	35	0.97016
75	35	0.96361
77	35	0.98562
80	35	0.95324
83	35	0.9768
85	35	0.9566
93	35	0.95151
94	35	0.97476
96	35	0.96454
100	35	0.95108
101	35	0.9863
102	35	0.99044
104	35	0.97219
106	35	0.96178
108	35	0.96849
111	35	0.95625
114	35	0.96849
116	35	0.97107
120	35	0.98561
126	35	0.93996
134	35	0.99263
139	35	0.96335
142	35	0.99162
144	35	0.98908
148	35	0.99446
2	36	0.98226
6	36	0.9803
9	36	0.92985
14	36	0.88971
15	36	0.9562
18	36	0.97526
20	36	0.95993
21	36	0.98852
22	36	0.94033
23	36	0.97393
25	36	0.9694
26	36	0.97677
28	36	0.96673
29	36	0.93594
33	36	0.99119
34	36	0.98062
35	36	0.96986
38	36	0.98834
40	36	0.99518
41	36	0.97254
42	36	0.98769
43	36	0.98136
45	36	0.90959
46	36	0.98701
51	36	0.98612
52	36	0.97869
54	36	0.96788
55	36	0.95759
56	36	0.95051
58	36	0.96974
60	36	0.987
66	36	0.97245
68	36	0.97353
75	36	0.97522
77	36	0.96556
80	36	0.96609
83	36	0.99594
85	36	0.95991
90	36	0.97801
92	36	0.95397
93	36	0.98008
94	36	0.98961
95	36	0.98439
96	36	0.98438
97	36	0.94773
100	36	0.96437
101	36	0.96683
102	36	0.97618
108	36	0.97538
110	36	0.96439
114	36	0.98343
115	36	0.96174
116	36	0.97542
117	36	0.96547
120	36	0.98525
123	36	0.96367
126	36	0.92939
127	36	0.96251
134	36	0.97626
141	36	0.96243
142	36	0.99019
144	36	0.97554
148	36	0.98164
150	36	0.94575
19	37	0.96544
23	37	0.98922
24	37	0.98029
25	37	0.98653
27	37	0.99725
31	37	0.95378
32	37	0.95152
39	37	0.99403
44	37	0.96473
46	37	0.97098
47	37	0.8744
53	37	0.98158
58	37	0.9637
59	37	0.94146
62	37	0.98506
63	37	0.98569
64	37	0.97928
65	37	0.9789
67	37	0.98121
68	37	0.97221
69	37	0.97081
70	37	0.96382
74	37	0.98006
78	37	0.99416
79	37	0.94606
81	37	0.98814
82	37	0.99354
84	37	0.99305
86	37	0.99103
87	37	0.96145
88	37	0.98964
91	37	0.98227
93	37	0.98156
96	37	0.97855
98	37	0.97859
99	37	0.98578
100	37	0.97785
103	37	0.99175
104	37	0.96957
105	37	0.81175
107	37	0.97783
109	37	0.86278
110	37	0.97818
113	37	0.98007
115	37	0.96805
117	37	0.98912
119	37	0.95898
121	37	0.97879
122	37	0.934
123	37	0.99237
124	37	0.80646
125	37	0.97212
129	37	0.98167
130	37	0.99231
131	37	0.93101
132	37	0.96488
133	37	0.94035
136	37	0.98538
138	37	0.95487
140	37	0.97892
141	37	0.98868
143	37	0.95517
145	37	0.98715
146	37	0.97108
147	37	0.98659
149	37	0.81365
150	37	0.93717
2	38	0.99615
4	38	0.94091
5	38	0.93528
6	38	0.98915
7	38	0.95936
8	38	0.85822
9	38	0.91992
12	38	0.90473
13	38	0.9747
15	38	0.96363
17	38	0.91491
18	38	0.98552
20	38	0.96325
21	38	0.99725
23	38	0.98183
25	38	0.98392
26	38	0.98653
28	38	0.95207
29	38	0.93586
30	38	0.96049
33	38	0.99674
34	38	0.98107
35	38	0.97602
36	38	0.98834
40	38	0.99497
41	38	0.98635
42	38	0.99821
43	38	0.98084
46	38	0.99313
51	38	0.98591
52	38	0.97804
54	38	0.99176
55	38	0.95711
56	38	0.96098
57	38	0.92226
58	38	0.9803
60	38	0.98943
61	38	0.97803
62	38	0.96926
64	38	0.95709
66	38	0.98309
67	38	0.98
68	38	0.98566
71	38	0.98202
75	38	0.99356
76	38	0.98205
77	38	0.97802
80	38	0.99002
82	38	0.9753
83	38	0.99638
85	38	0.95646
88	38	0.97136
90	38	0.99267
92	38	0.94284
93	38	0.98033
94	38	0.99772
95	38	0.98671
96	38	0.98024
97	38	0.94673
99	38	0.96616
100	38	0.98953
101	38	0.97325
102	38	0.98895
104	38	0.97137
106	38	0.95975
108	38	0.9918
110	38	0.98477
111	38	0.95638
113	38	0.96715
114	38	0.99567
115	38	0.97293
116	38	0.98717
117	38	0.96444
118	38	0.95357
120	38	0.99721
126	38	0.92971
127	38	0.97143
128	38	0.94218
130	38	0.96171
134	38	0.98865
135	38	0.9152
139	38	0.97647
141	38	0.98071
142	38	0.99076
144	38	0.9928
145	38	0.97247
146	38	0.97157
148	38	0.99027
19	39	0.97424
21	39	0.97042
23	39	0.98816
24	39	0.97694
25	39	0.98906
27	39	0.99363
31	39	0.94291
32	39	0.92711
37	39	0.99403
43	39	0.97122
44	39	0.97796
46	39	0.97879
47	39	0.854
53	39	0.97687
54	39	0.96705
58	39	0.97917
59	39	0.93369
62	39	0.98292
63	39	0.98498
64	39	0.97995
65	39	0.978
67	39	0.98307
68	39	0.97526
69	39	0.9532
70	39	0.96181
71	39	0.96623
72	39	0.92627
74	39	0.98377
78	39	0.98467
79	39	0.92633
81	39	0.98
82	39	0.99343
84	39	0.98455
86	39	0.98857
87	39	0.96832
88	39	0.98909
89	39	0.96455
91	39	0.98
93	39	0.98515
96	39	0.98108
98	39	0.9751
99	39	0.9805
100	39	0.98168
103	39	0.98193
104	39	0.96342
105	39	0.77827
107	39	0.96347
109	39	0.83698
110	39	0.98104
112	39	0.93146
113	39	0.97411
115	39	0.9775
117	39	0.99166
119	39	0.96395
121	39	0.96776
122	39	0.92586
123	39	0.99169
124	39	0.78441
125	39	0.97711
127	39	0.96188
129	39	0.9781
130	39	0.9898
131	39	0.9269
132	39	0.95701
133	39	0.91942
136	39	0.9844
138	39	0.94229
140	39	0.96719
141	39	0.99019
143	39	0.95058
145	39	0.99437
146	39	0.97141
147	39	0.97642
149	39	0.82106
150	39	0.94085
2	40	0.98696
6	40	0.98166
9	40	0.92084
13	40	0.96218
15	40	0.95516
18	40	0.97946
19	40	0.95572
20	40	0.95638
21	40	0.99579
23	40	0.9831
25	40	0.97538
26	40	0.9777
28	40	0.95908
33	40	0.99575
34	40	0.97769
35	40	0.96987
36	40	0.99518
38	40	0.99497
41	40	0.97349
42	40	0.99217
43	40	0.98738
44	40	0.95664
46	40	0.99316
51	40	0.98947
52	40	0.97068
54	40	0.9772
58	40	0.97864
60	40	0.98988
66	40	0.97169
67	40	0.96858
68	40	0.97993
71	40	0.96933
75	40	0.98323
77	40	0.96527
80	40	0.97443
81	40	0.96085
82	40	0.96953
83	40	0.99587
90	40	0.98433
92	40	0.95528
93	40	0.9859
94	40	0.9911
95	40	0.98734
96	40	0.98635
100	40	0.97708
101	40	0.96311
102	40	0.97976
104	40	0.96664
108	40	0.98161
110	40	0.97197
114	40	0.9879
115	40	0.97165
116	40	0.97321
117	40	0.9708
120	40	0.99068
123	40	0.97173
127	40	0.96961
130	40	0.96138
134	40	0.97964
141	40	0.97537
142	40	0.98776
144	40	0.98099
148	40	0.98311
2	41	0.99478
4	41	0.97009
5	41	0.97395
6	41	0.9926
7	41	0.98507
9	41	0.93
13	41	0.98215
14	41	0.88086
15	41	0.98275
16	41	0.93586
17	41	0.94765
18	41	0.99016
20	41	0.98296
21	41	0.9737
22	41	0.95366
26	41	0.99657
29	41	0.96562
30	41	0.97922
33	41	0.98502
34	41	0.98133
35	41	0.98947
36	41	0.97254
38	41	0.98635
40	41	0.97349
42	41	0.98669
45	41	0.93754
46	41	0.96735
48	41	0.94907
49	41	0.89966
52	41	0.98812
54	41	0.97615
55	41	0.98357
56	41	0.98828
57	41	0.9247
60	41	0.97944
66	41	0.98213
68	41	0.97018
75	41	0.9861
76	41	0.97873
77	41	0.99747
80	41	0.98039
83	41	0.98187
85	41	0.97578
90	41	0.97278
94	41	0.98973
95	41	0.96411
97	41	0.96624
100	41	0.96616
101	41	0.99409
102	41	0.98817
106	41	0.98647
108	41	0.99047
111	41	0.98503
114	41	0.98153
116	41	0.99101
118	41	0.94037
120	41	0.98903
126	41	0.96538
128	41	0.94071
134	41	0.99473
139	41	0.99105
142	41	0.99306
144	41	0.99225
148	41	0.99363
2	42	0.9968
4	42	0.94672
5	42	0.94018
6	42	0.99226
7	42	0.96352
8	42	0.87086
9	42	0.93014
12	42	0.91229
13	42	0.97919
14	42	0.8758
15	42	0.96816
16	42	0.91241
17	42	0.92398
18	42	0.98063
20	42	0.96795
21	42	0.99574
22	42	0.93951
23	42	0.97406
25	42	0.9792
26	42	0.98288
28	42	0.96299
29	42	0.94088
30	42	0.96612
33	42	0.99421
34	42	0.98896
35	42	0.9705
36	42	0.98769
38	42	0.99821
40	42	0.99217
41	42	0.98669
43	42	0.98157
45	42	0.92104
46	42	0.99133
48	42	0.94859
49	42	0.86136
51	42	0.98691
52	42	0.98355
54	42	0.99314
55	42	0.96051
56	42	0.96136
57	42	0.92857
58	42	0.98208
60	42	0.98916
61	42	0.98048
66	42	0.98718
67	42	0.97662
68	42	0.98223
71	42	0.9851
75	42	0.99539
76	42	0.98612
77	42	0.97828
80	42	0.99097
83	42	0.99454
85	42	0.95951
89	42	0.96023
90	42	0.99448
92	42	0.94929
93	42	0.97658
94	42	0.9986
95	42	0.98975
96	42	0.9736
97	42	0.95138
100	42	0.98707
101	42	0.97475
102	42	0.98502
104	42	0.96472
106	42	0.96413
108	42	0.99353
110	42	0.98249
111	42	0.96177
112	42	0.92911
114	42	0.99443
115	42	0.97392
116	42	0.98906
118	42	0.95929
120	42	0.99379
126	42	0.93563
127	42	0.9764
128	42	0.94923
134	42	0.98665
135	42	0.9215
137	42	0.92422
139	42	0.98005
141	42	0.97645
142	42	0.9897
144	42	0.98884
146	42	0.96871
148	42	0.9873
2	43	0.96725
6	43	0.96513
19	43	0.97789
21	43	0.98754
23	43	0.9756
25	43	0.96998
28	43	0.96191
33	43	0.98328
34	43	0.96213
36	43	0.98136
38	43	0.98084
39	43	0.97122
40	43	0.98738
42	43	0.98157
44	43	0.97926
46	43	0.9925
51	43	0.99399
54	43	0.97204
58	43	0.98439
60	43	0.98077
62	43	0.96732
63	43	0.95374
66	43	0.96293
67	43	0.97247
68	43	0.97844
71	43	0.97481
72	43	0.93243
74	43	0.95936
75	43	0.97472
82	43	0.97209
83	43	0.98368
87	43	0.97441
88	43	0.96701
89	43	0.97593
90	43	0.97796
92	43	0.96574
93	43	0.98935
94	43	0.97672
95	43	0.98017
96	43	0.97561
100	43	0.97495
104	43	0.96099
108	43	0.96829
110	43	0.97259
112	43	0.9431
114	43	0.98095
115	43	0.98894
117	43	0.97385
119	43	0.96429
120	43	0.97403
123	43	0.9761
125	43	0.96244
127	43	0.98267
131	43	0.91936
141	43	0.98265
142	43	0.96634
145	43	0.97845
146	43	0.97537
148	43	0.96406
150	43	0.94254
19	44	0.98874
23	44	0.96968
24	44	0.97465
25	44	0.95662
27	44	0.96433
31	44	0.9337
32	44	0.88763
33	44	0.95496
37	44	0.96473
39	44	0.97796
40	44	0.95664
43	44	0.97926
46	44	0.97382
47	44	0.87192
51	44	0.96555
53	44	0.96394
58	44	0.96377
59	44	0.9456
62	44	0.96189
63	44	0.97794
65	44	0.9611
67	44	0.95698
68	44	0.96635
69	44	0.94577
72	44	0.93787
74	44	0.97813
78	44	0.95377
81	44	0.96826
82	44	0.96693
83	44	0.95469
84	44	0.95997
86	44	0.97291
87	44	0.99039
88	44	0.95736
89	44	0.96338
91	44	0.98075
92	44	0.93132
93	44	0.98428
96	44	0.96888
98	44	0.95496
99	44	0.96439
104	44	0.95698
105	44	0.77844
107	44	0.94666
109	44	0.83438
115	44	0.98489
117	44	0.97693
119	44	0.96947
121	44	0.96701
122	44	0.95471
123	44	0.98396
124	44	0.75771
125	44	0.9718
127	44	0.9582
130	44	0.96794
131	44	0.96518
133	44	0.89046
136	44	0.97446
138	44	0.92349
140	44	0.94764
141	44	0.97295
143	44	0.92776
145	44	0.9766
146	44	0.96314
147	44	0.96263
149	44	0.80528
150	44	0.94094
2	45	0.93145
3	45	0.50305
4	45	0.97957
5	45	0.96771
6	45	0.95236
7	45	0.97129
8	45	0.86735
9	45	0.97574
10	45	0.2912
11	45	0.61123
13	45	0.96993
14	45	0.95419
15	45	0.96786
17	45	0.9839
20	45	0.97074
22	45	0.95246
26	45	0.91963
28	45	0.93818
29	45	0.97528
30	45	0.98258
34	45	0.95322
36	45	0.90959
41	45	0.93754
42	45	0.92104
48	45	0.97761
49	45	0.97884
50	45	0.83112
52	45	0.97125
55	45	0.97298
56	45	0.95786
57	45	0.93757
60	45	0.91072
66	45	0.95613
73	45	0.7292
75	45	0.92977
76	45	0.94729
77	45	0.9461
80	45	0.92851
83	45	0.90757
85	45	0.97707
90	45	0.92138
94	45	0.93102
95	45	0.92744
97	45	0.98552
101	45	0.94407
106	45	0.97461
108	45	0.94101
111	45	0.96992
114	45	0.91012
116	45	0.95048
118	45	0.92502
126	45	0.98569
128	45	0.93003
134	45	0.90909
139	45	0.96481
142	45	0.91886
2	46	0.98167
6	46	0.9755
16	46	0.91019
18	46	0.97368
19	46	0.97278
21	46	0.99389
23	46	0.98792
25	46	0.98676
26	46	0.96697
28	46	0.95198
33	46	0.99377
34	46	0.96737
35	46	0.96037
36	46	0.98701
37	46	0.97098
38	46	0.99313
39	46	0.97879
40	46	0.99316
41	46	0.96735
42	46	0.99133
43	46	0.9925
44	46	0.97382
51	46	0.99402
53	46	0.97813
54	46	0.98587
58	46	0.98686
60	46	0.99063
61	46	0.97554
62	46	0.98265
63	46	0.95544
64	46	0.96394
65	46	0.973
66	46	0.97514
67	46	0.98778
68	46	0.9921
71	46	0.98309
72	46	0.93223
74	46	0.96164
75	46	0.98558
76	46	0.96871
78	46	0.95232
80	46	0.97741
81	46	0.97376
82	46	0.9853
83	46	0.99468
84	46	0.96993
86	46	0.97069
87	46	0.97443
88	46	0.98078
89	46	0.97616
90	46	0.98815
92	46	0.95279
93	46	0.99332
94	46	0.98969
95	46	0.98068
96	46	0.98579
98	46	0.95733
99	46	0.97933
100	46	0.98911
102	46	0.97925
103	46	0.9491
104	46	0.97979
108	46	0.97949
110	46	0.98807
112	46	0.94134
113	46	0.97809
114	46	0.99465
115	46	0.99083
116	46	0.97526
117	46	0.97934
118	46	0.94398
119	46	0.96325
120	46	0.98921
123	46	0.98444
125	46	0.96128
127	46	0.98141
130	46	0.97348
134	46	0.97961
135	46	0.91879
137	46	0.92909
141	46	0.99204
142	46	0.98011
144	46	0.98089
145	46	0.98608
146	46	0.98637
148	46	0.98175
150	46	0.95484
19	47	0.85586
23	47	0.8359
24	47	0.91818
27	47	0.88921
31	47	0.95673
32	47	0.9386
37	47	0.8744
39	47	0.854
44	47	0.87192
53	47	0.84256
59	47	0.96262
63	47	0.91031
65	47	0.82774
69	47	0.93963
70	47	0.83545
74	47	0.88453
78	47	0.89693
79	47	0.95646
81	47	0.87746
82	47	0.82872
84	47	0.874
86	47	0.87668
87	47	0.86864
91	47	0.89986
93	47	0.837
98	47	0.86422
99	47	0.84898
103	47	0.85814
105	47	0.96691
107	47	0.9471
109	47	0.99031
113	47	0.82725
117	47	0.86091
119	47	0.83435
121	47	0.92113
122	47	0.93301
123	47	0.87539
124	47	0.92567
125	47	0.85618
129	47	0.86122
130	47	0.87198
131	47	0.9314
132	47	0.89939
133	47	0.9626
136	47	0.90067
