3	2	0.88215
6	2	0.93128
8	2	0.89502
14	2	0.9468
15	2	0.95167
19	2	0.8884
20	2	0.95075
21	2	0.83297
22	2	0.90218
23	2	0.93119
25	2	0.96375
27	2	0.95604
29	2	0.78665
30	2	0.92642
31	2	0.97235
33	2	0.92517
34	2	0.92716
36	2	0.94366
37	2	0.88436
39	2	0.95688
40	2	0.92906
42	2	0.93701
45	2	0.9475
46	2	0.91891
48	2	0.93738
50	2	0.84079
52	2	0.96271
53	2	0.93397
55	2	0.96153
57	2	0.89343
60	2	0.91956
62	2	0.92781
64	2	0.93836
65	2	0.92742
69	2	0.95425
70	2	0.95285
73	2	0.8916
74	2	0.93356
75	2	0.97307
76	2	0.9747
81	2	0.90881
82	2	0.95013
87	2	0.9655
88	2	0.96714
91	2	0.93317
97	2	0.93949
98	2	0.93026
100	2	0.91252
106	2	0.96506
107	2	0.96266
108	2	0.9474
110	2	0.92624
111	2	0.90485
113	2	0.93157
114	2	0.93528
120	2	0.92926
123	2	0.95378
130	2	0.93723
132	2	0.92788
133	2	0.95211
135	2	0.92433
138	2	0.94003
139	2	0.92256
141	2	0.95066
143	2	0.86109
144	2	0.88094
146	2	0.92703
148	2	0.93214
2	3	0.88215
6	3	0.88458
10	3	0.77024
11	3	0.89386
14	3	0.88913
17	3	0.71131
20	3	0.87756
25	3	0.88105
30	3	0.9262
32	3	0.86932
34	3	0.87053
42	3	0.88926
43	3	0.87408
44	3	0.87357
45	3	0.93388
52	3	0.90726
69	3	0.87914
70	3	0.89895
71	3	0.8807
73	3	0.88621
76	3	0.87862
77	3	0.87845
79	3	0.86939
85	3	0.87457
86	3	0.87755
87	3	0.91322
88	3	0.86968
91	3	0.89546
94	3	0.88849
98	3	0.91348
100	3	0.8841
102	3	0.88973
106	3	0.91208
107	3	0.86845
108	3	0.89627
110	3	0.93061
111	3	0.8708
113	3	0.8667
114	3	0.92376
116	3	0.91917
123	3	0.88266
124	3	0.87985
129	3	0.87673
130	3	0.87829
132	3	0.93184
133	3	0.8908
138	3	0.89068
139	3	0.89163
141	3	0.88717
142	3	0.87956
146	3	0.88774
148	3	0.88939
149	3	0.69456
5	4	0.95191
6	4	0.91981
7	4	0.94553
8	4	0.90239
9	4	0.79943
10	4	0.78815
11	4	0.91189
12	4	0.90563
13	4	0.91926
16	4	0.91405
17	4	0.80161
18	4	0.93711
20	4	0.92237
24	4	0.95593
25	4	0.91011
27	4	0.88906
28	4	0.89244
32	4	0.9094
35	4	0.83499
39	4	0.88147
41	4	0.93509
45	4	0.89636
46	4	0.88867
47	4	0.90139
49	4	0.92966
50	4	0.91529
56	4	0.9314
57	4	0.91984
69	4	0.88527
77	4	0.91753
80	4	0.90211
81	4	0.88764
84	4	0.90879
85	4	0.94561
93	4	0.84789
95	4	0.8978
96	4	0.92904
97	4	0.93315
101	4	0.92696
102	4	0.87994
103	4	0.90334
104	4	0.88357
105	4	0.52459
107	4	0.90607
111	4	0.8968
113	4	0.88303
116	4	0.90718
128	4	0.91989
130	4	0.88462
132	4	0.88712
133	4	0.92809
134	4	0.90675
139	4	0.91113
141	4	0.90649
143	4	0.90217
144	4	0.87533
146	4	0.92396
148	4	0.94828
4	5	0.95191
6	5	0.8885
7	5	0.96153
8	5	0.92518
10	5	0.87392
11	5	0.92183
12	5	0.94445
13	5	0.92752
16	5	0.89896
17	5	0.89277
18	5	0.97908
20	5	0.93051
24	5	0.94105
25	5	0.90222
26	5	0.88175
29	5	0.78123
30	5	0.87698
32	5	0.90855
34	5	0.88625
35	5	0.83266
37	5	0.89559
41	5	0.94241
45	5	0.88275
47	5	0.88731
49	5	0.87582
50	5	0.90693
56	5	0.98202
57	5	0.92815
69	5	0.8705
73	5	0.8476
77	5	0.88675
78	5	0.91631
79	5	0.91428
80	5	0.95142
81	5	0.91275
84	5	0.93374
85	5	0.93082
93	5	0.84516
96	5	0.94396
97	5	0.90978
101	5	0.93756
102	5	0.91786
103	5	0.92662
107	5	0.87201
114	5	0.8717
116	5	0.9407
132	5	0.87374
133	5	0.909
134	5	0.8865
139	5	0.88397
143	5	0.92455
144	5	0.87197
146	5	0.87774
148	5	0.94475
2	6	0.93128
3	6	0.88458
4	6	0.91981
5	6	0.8885
7	6	0.90851
8	6	0.89523
9	6	0.77096
10	6	0.71455
11	6	0.92353
13	6	0.92755
15	6	0.88945
16	6	0.85429
18	6	0.91846
19	6	0.84996
20	6	0.93448
21	6	0.82084
22	6	0.86293
24	6	0.91114
25	6	0.95462
26	6	0.94015
27	6	0.95419
28	6	0.93435
29	6	0.78298
30	6	0.96218
31	6	0.91973
32	6	0.96019
33	6	0.89583
34	6	0.95268
36	6	0.91574
38	6	0.94056
39	6	0.96081
41	6	0.93803
42	6	0.97585
43	6	0.94081
44	6	0.93272
45	6	0.95096
46	6	0.90603
47	6	0.90072
48	6	0.94534
49	6	0.94844
50	6	0.83168
51	6	0.95537
52	6	0.95125
53	6	0.94626
54	6	0.91427
56	6	0.84979
62	6	0.95554
63	6	0.95796
69	6	0.96639
70	6	0.96384
72	6	0.96009
75	6	0.93583
76	6	0.9553
77	6	0.96116
78	6	0.89382
79	6	0.91914
80	6	0.86478
82	6	0.92319
83	6	0.92694
84	6	0.89781
85	6	0.96319
86	6	0.95043
87	6	0.94724
88	6	0.95206
89	6	0.91779
92	6	0.93672
93	6	0.85715
94	6	0.93825
95	6	0.95348
96	6	0.922
97	6	0.96562
98	6	0.94674
101	6	0.90131
102	6	0.88893
103	6	0.90307
104	6	0.95711
105	6	0.38625
106	6	0.94321
107	6	0.97394
108	6	0.94544
110	6	0.95816
112	6	0.94112
113	6	0.95229
114	6	0.95534
115	6	0.91524
116	6	0.92528
118	6	0.94165
120	6	0.91976
123	6	0.96871
124	6	0.92078
127	6	0.91787
128	6	0.91271
129	6	0.93214
130	6	0.96914
132	6	0.94051
133	6	0.96744
137	6	0.90927
139	6	0.94504
140	6	0.88535
141	6	0.93379
143	6	0.87349
146	6	0.96724
148	6	0.94938
150	6	0.92896
4	7	0.94553
5	7	0.96153
6	7	0.90851
8	7	0.92339
9	7	0.75392
10	7	0.85287
11	7	0.92373
12	7	0.95537
13	7	0.95797
16	7	0.90868
17	7	0.87457
18	7	0.96731
20	7	0.94372
24	7	0.93117
25	7	0.92842
26	7	0.89102
27	7	0.87954
30	7	0.9036
32	7	0.95265
34	7	0.92374
35	7	0.86782
37	7	0.94088
41	7	0.95974
45	7	0.91123
47	7	0.87535
49	7	0.88966
50	7	0.87404
53	7	0.8813
56	7	0.95368
57	7	0.91886
63	7	0.89748
69	7	0.88497
76	7	0.88805
77	7	0.90975
78	7	0.94022
79	7	0.95267
80	7	0.96126
81	7	0.93636
84	7	0.95924
85	7	0.94936
93	7	0.8416
95	7	0.89055
96	7	0.95374
97	7	0.95026
101	7	0.93977
102	7	0.91251
103	7	0.9403
105	7	0.42774
107	7	0.92564
114	7	0.90384
116	7	0.93657
132	7	0.88734
133	7	0.91437
134	7	0.91258
139	7	0.89341
143	7	0.92674
144	7	0.87317
146	7	0.89225
148	7	0.9432
2	8	0.89502
4	8	0.90239
5	8	0.92518
6	8	0.89523
7	8	0.92339
10	8	0.80364
12	8	0.87485
13	8	0.89596
15	8	0.90687
16	8	0.84479
17	8	0.7675
18	8	0.92593
20	8	0.94351
21	8	0.8164
24	8	0.87596
25	8	0.90704
27	8	0.88353
29	8	0.85448
30	8	0.87886
31	8	0.87379
32	8	0.88776
33	8	0.91128
34	8	0.91183
35	8	0.79306
36	8	0.9141
37	8	0.90089
39	8	0.8847
41	8	0.90985
45	8	0.90853
47	8	0.88644
49	8	0.87656
50	8	0.86636
52	8	0.90067
53	8	0.92975
56	8	0.89254
57	8	0.90065
62	8	0.88202
69	8	0.87592
73	8	0.90525
76	8	0.92215
78	8	0.8747
79	8	0.89969
80	8	0.87324
81	8	0.90046
85	8	0.91203
93	8	0.8391
95	8	0.90684
96	8	0.91742
97	8	0.93183
103	8	0.9252
106	8	0.88364
107	8	0.92011
116	8	0.90925
133	8	0.92846
139	8	0.886
141	8	0.88279
143	8	0.97716
144	8	0.87267
146	8	0.87702
148	8	0.92546
4	9	0.79943
6	9	0.77096
7	9	0.75392
15	9	0.77149
16	9	0.90468
19	9	0.80839
20	9	0.77301
22	9	0.7833
24	9	0.80627
25	9	0.76539
26	9	0.79679
27	9	0.78942
28	9	0.91799
31	9	0.8015
33	9	0.80232
34	9	0.77317
35	9	0.85997
36	9	0.80185
37	9	0.79864
38	9	0.7663
40	9	0.84268
46	9	0.86903
47	9	0.75794
48	9	0.77892
52	9	0.75548
53	9	0.76631
60	9	0.81136
66	9	0.78533
67	9	0.77413
74	9	0.7668
85	9	0.84592
87	9	0.76755
93	9	0.81116
96	9	0.80017
97	9	0.81764
98	9	0.77035
99	9	0.78536
104	9	0.75872
105	9	0.76698
107	9	0.77295
111	9	0.78948
112	9	0.78903
113	9	0.78924
128	9	0.82133
130	9	0.77919
134	9	0.78106
141	9	0.7746
144	9	0.79257
146	9	0.76816
148	9	0.76525
3	10	0.77024
4	10	0.78815
5	10	0.87392
6	10	0.71455
7	10	0.85287
8	10	0.80364
11	10	0.87967
12	10	0.89887
13	10	0.78826
17	10	0.96828
18	10	0.81585
20	10	0.79749
24	10	0.77203
25	10	0.75048
30	10	0.81066
32	10	0.79922
34	10	0.75698
37	10	0.72728
41	10	0.79134
45	10	0.79936
50	10	0.80729
56	10	0.82742
57	10	0.87354
69	10	0.73739
73	10	0.84461
77	10	0.73197
78	10	0.82773
79	10	0.82607
80	10	0.88198
81	10	0.75878
84	10	0.86779
85	10	0.78236
96	10	0.77951
97	10	0.7393
100	10	0.78501
101	10	0.86125
102	10	0.87105
103	10	0.73523
107	10	0.71754
110	10	0.74894
111	10	0.72773
114	10	0.77988
116	10	0.88492
132	10	0.80148
133	10	0.76917
134	10	0.74759
139	10	0.77496
143	10	0.793
144	10	0.75652
148	10	0.79078
3	11	0.89386
4	11	0.91189
5	11	0.92183
6	11	0.92353
7	11	0.92373
10	11	0.87967
12	11	0.94042
13	11	0.89588
17	11	0.88301
18	11	0.91329
20	11	0.89996
24	11	0.90148
25	11	0.90871
30	11	0.96095
32	11	0.94712
41	11	0.92915
42	11	0.89068
43	11	0.88825
45	11	0.93642
50	11	0.87829
56	11	0.86941
57	11	0.91027
63	11	0.90212
69	11	0.91133
70	11	0.89548
77	11	0.92509
78	11	0.91552
79	11	0.92893
80	11	0.9269
84	11	0.94492
85	11	0.92178
94	11	0.88999
96	11	0.89623
97	11	0.90291
98	11	0.90246
101	11	0.95205
102	11	0.95939
106	11	0.90384
107	11	0.89934
108	11	0.88778
110	11	0.94033
111	11	0.89126
114	11	0.94452
116	11	0.96593
118	11	0.88331
130	11	0.89266
132	11	0.95363
133	11	0.93385
134	11	0.89122
139	11	0.94068
141	11	0.8879
146	11	0.92425
148	11	0.94415
4	12	0.90563
5	12	0.94445
7	12	0.95537
8	12	0.87485
10	12	0.89887
11	12	0.94042
13	12	0.93255
16	12	0.83905
17	12	0.91336
18	12	0.94902
20	12	0.94649
24	12	0.94767
25	12	0.9305
30	12	0.90301
32	12	0.93985
34	12	0.89119
35	12	0.80069
37	12	0.9178
41	12	0.94988
45	12	0.91743
50	12	0.85948
56	12	0.9189
57	12	0.94459
69	12	0.89241
73	12	0.88748
77	12	0.91655
78	12	0.97151
79	12	0.96522
80	12	0.98853
81	12	0.94028
84	12	0.9823
85	12	0.93621
96	12	0.95932
97	12	0.91123
100	12	0.92847
101	12	0.97364
102	12	0.96415
103	12	0.90384
105	12	0.3762
106	12	0.88443
107	12	0.88756
108	12	0.88352
110	12	0.89649
111	12	0.91789
114	12	0.92841
116	12	0.97051
132	12	0.93015
133	12	0.89787
134	12	0.9513
139	12	0.89239
141	12	0.8918
143	12	0.87352
144	12	0.8754
146	12	0.89097
148	12	0.94018
4	13	0.91926
5	13	0.92752
6	13	0.92755
7	13	0.95797
8	13	0.89596
10	13	0.78826
11	13	0.89588
12	13	0.93255
16	13	0.87047
17	13	0.79089
18	13	0.95213
20	13	0.94619
24	13	0.94131
25	13	0.94685
26	13	0.93088
27	13	0.92459
30	13	0.89624
32	13	0.95791
34	13	0.93623
35	13	0.85219
37	13	0.92757
38	13	0.91499
41	13	0.95979
42	13	0.92912
47	13	0.91417
49	13	0.91881
50	13	0.8303
54	13	0.93988
56	13	0.92585
57	13	0.8904
62	13	0.92266
63	13	0.94556
69	13	0.91904
76	13	0.90262
77	13	0.92049
78	13	0.95029
79	13	0.95702
80	13	0.95404
81	13	0.92753
82	13	0.90034
84	13	0.93765
85	13	0.94391
93	13	0.87153
95	13	0.94583
96	13	0.95827
97	13	0.95276
101	13	0.9132
102	13	0.8941
103	13	0.95612
104	13	0.92201
107	13	0.94006
108	13	0.89852
114	13	0.9113
116	13	0.91548
133	13	0.90479
134	13	0.90457
143	13	0.90817
148	13	0.91962
2	14	0.9468
3	14	0.88913
15	14	0.91441
19	14	0.87235
21	14	0.82521
22	14	0.88452
23	14	0.91022
24	14	0.91355
25	14	0.95761
27	14	0.95297
28	14	0.91835
31	14	0.93738
36	14	0.92742
38	14	0.91623
39	14	0.95708
40	14	0.89153
43	14	0.95527
45	14	0.93407
46	14	0.94669
48	14	0.97345
49	14	0.89226
50	14	0.84505
51	14	0.92822
52	14	0.95063
55	14	0.95255
57	14	0.90251
58	14	0.95708
59	14	0.93476
61	14	0.94936
62	14	0.93698
64	14	0.9564
65	14	0.94641
66	14	0.94116
67	14	0.94266
68	14	0.9385
69	14	0.95433
70	14	0.97884
71	14	0.93909
73	14	0.86768
74	14	0.95132
75	14	0.93883
76	14	0.93463
77	14	0.9531
87	14	0.98243
88	14	0.96171
90	14	0.93537
91	14	0.94996
92	14	0.94265
94	14	0.92071
98	14	0.93523
99	14	0.91343
105	14	0.37037
106	14	0.94709
107	14	0.93736
108	14	0.96278
109	14	0.94835
110	14	0.94972
111	14	0.9527
112	14	0.9415
113	14	0.95665
114	14	0.93209
117	14	0.94972
119	14	0.89866
121	14	0.92824
122	14	0.88259
123	14	0.9513
125	14	0.92528
126	14	0.95006
128	14	0.93399
130	14	0.9631
131	14	0.92805
132	14	0.94697
133	14	0.96106
134	14	0.92048
135	14	0.91729
136	14	0.9371
138	14	0.95731
139	14	0.93877
141	14	0.96907
146	14	0.95844
147	14	0.93592
148	14	0.93923
149	14	0.72989
150	14	0.93037
2	15	0.95167
6	15	0.88945
8	15	0.90687
9	15	0.77149
14	15	0.91441
16	15	0.83496
19	15	0.95449
20	15	0.93492
21	15	0.92178
22	15	0.91688
23	15	0.95836
25	15	0.92793
26	15	0.89612
27	15	0.94762
28	15	0.91691
29	15	0.88446
31	15	0.97045
33	15	0.96915
34	15	0.89301
36	15	0.96679
37	15	0.88552
38	15	0.91526
39	15	0.94173
40	15	0.9632
42	15	0.88061
46	15	0.92977
47	15	0.8833
48	15	0.92678
50	15	0.84841
52	15	0.9365
53	15	0.92414
55	15	0.92914
62	15	0.91267
64	15	0.91199
69	15	0.90302
70	15	0.89639
73	15	0.86875
74	15	0.94019
75	15	0.91978
76	15	0.93054
82	15	0.90385
85	15	0.88977
87	15	0.91027
88	15	0.92005
93	15	0.86722
95	15	0.9298
96	15	0.90265
97	15	0.91926
105	15	0.3649
106	15	0.89865
107	15	0.92479
123	15	0.88203
133	15	0.91484
141	15	0.91411
143	15	0.89871
144	15	0.87423
148	15	0.90483
4	16	0.91405
5	16	0.89896
6	16	0.85429
7	16	0.90868
8	16	0.84479
9	16	0.90468
12	16	0.83905
13	16	0.87047
15	16	0.83496
18	16	0.91907
20	16	0.87695
24	16	0.90109
25	16	0.85117
26	16	0.89381
27	16	0.84236
28	16	0.91383
29	16	0.83585
32	16	0.85189
33	16	0.87919
34	16	0.85736
35	16	0.95854
36	16	0.85891
37	16	0.91042
38	16	0.83316
40	16	0.84386
41	16	0.88248
46	16	0.88454
47	16	0.89991
49	16	0.84704
53	16	0.86522
56	16	0.93244
80	16	0.84416
81	16	0.85309
84	16	0.86779
85	16	0.91687
93	16	0.92537
95	16	0.8424
96	16	0.91119
97	16	0.90889
101	16	0.86154
103	16	0.88436
104	16	0.85126
105	16	0.59233
107	16	0.84495
111	16	0.83263
128	16	0.83575
134	16	0.85225
143	16	0.84887
144	16	0.87156
146	16	0.84316
148	16	0.88497
3	17	0.71131
4	17	0.80161
5	17	0.89277
7	17	0.87457
8	17	0.7675
10	17	0.96828
11	17	0.88301
12	17	0.91336
13	17	0.79089
18	17	0.84016
20	17	0.78165
24	17	0.79007
25	17	0.74555
30	17	0.79299
32	17	0.80224
34	17	0.72719
37	17	0.75485
41	17	0.81862
45	17	0.77758
50	17	0.80783
56	17	0.86344
57	17	0.84422
63	17	0.70702
69	17	0.71336
73	17	0.77669
77	17	0.73672
78	17	0.84303
79	17	0.83377
80	17	0.90648
81	17	0.7907
84	17	0.89191
85	17	0.77178
96	17	0.79262
97	17	0.73763
100	17	0.78001
101	17	0.88149
102	17	0.88717
103	17	0.75194
110	17	0.73403
111	17	0.73582
114	17	0.77458
116	17	0.87736
132	17	0.78597
133	17	0.75461
134	17	0.77943
139	17	0.76966
143	17	0.76306
144	17	0.75885
146	17	0.71111
148	17	0.80384
4	18	0.93711
5	18	0.97908
6	18	0.91846
7	18	0.96731
8	18	0.92593
10	18	0.81585
11	18	0.91329
12	18	0.94902
13	18	0.95213
16	18	0.91907
17	18	0.84016
20	18	0.9596
24	18	0.95784
25	18	0.94269
26	18	0.94223
27	18	0.90443
29	18	0.8113
32	18	0.93659
33	18	0.90109
34	18	0.92176
35	18	0.87997
37	18	0.94515
41	18	0.96505
45	18	0.90404
46	18	0.89762
47	18	0.91537
49	18	0.89489
50	18	0.87604
53	18	0.89592
56	18	0.97141
57	18	0.92649
62	18	0.89919
69	18	0.90912
73	18	0.85367
76	18	0.90438
77	18	0.92
78	18	0.94783
79	18	0.94534
80	18	0.9591
81	18	0.94824
84	18	0.94768
85	18	0.95187
93	18	0.88258
95	18	0.90962
96	18	0.97711
97	18	0.94659
100	18	0.8942
101	18	0.94471
102	18	0.92149
103	18	0.9502
104	18	0.89916
105	18	0.37572
107	18	0.91623
114	18	0.90802
116	18	0.94379
133	18	0.92689
134	18	0.91983
143	18	0.92546
144	18	0.88907
146	18	0.90988
148	18	0.9611
2	19	0.8884
6	19	0.84996
9	19	0.80839
14	19	0.87235
15	19	0.95449
20	19	0.85861
21	19	0.97113
22	19	0.9205
23	19	0.94796
25	19	0.85775
26	19	0.87826
27	19	0.91804
28	19	0.91748
29	19	0.88881
31	19	0.95575
33	19	0.95039
36	19	0.95884
38	19	0.90861
39	19	0.91424
40	19	0.96881
42	19	0.83833
46	19	0.92189
47	19	0.87628
48	19	0.92617
51	19	0.88907
52	19	0.91193
53	19	0.90297
55	19	0.91971
61	19	0.85425
62	19	0.88061
64	19	0.89698
70	19	0.84378
74	19	0.93287
75	19	0.87611
76	19	0.87616
82	19	0.84269
87	19	0.87698
88	19	0.89999
93	19	0.87962
95	19	0.89565
97	19	0.86494
104	19	0.8531
105	19	0.39447
107	19	0.86873
112	19	0.86373
113	19	0.85442
121	19	0.8582
128	19	0.85019
130	19	0.8509
133	19	0.84033
141	19	0.86517
146	19	0.83917
2	20	0.95075
3	20	0.87756
4	20	0.92237
5	20	0.93051
6	20	0.93448
7	20	0.94372
8	20	0.94351
9	20	0.77301
10	20	0.79749
11	20	0.89996
12	20	0.94649
13	20	0.94619
15	20	0.93492
16	20	0.87695
17	20	0.78165
18	20	0.9596
19	20	0.85861
21	20	0.82694
22	20	0.85746
23	20	0.8804
24	20	0.9613
25	20	0.98496
26	20	0.93859
27	20	0.95534
28	20	0.92601
29	20	0.82233
31	20	0.93175
32	20	0.93459
33	20	0.93841
34	20	0.9507
35	20	0.83039
36	20	0.94884
37	20	0.94924
38	20	0.91551
40	20	0.91614
41	20	0.96081
42	20	0.93489
45	20	0.95989
46	20	0.94251
47	20	0.88122
49	20	0.88979
50	20	0.88144
52	20	0.93404
53	20	0.94061
54	20	0.89897
56	20	0.90044
57	20	0.94938
60	20	0.90409
69	20	0.94745
73	20	0.92516
74	20	0.93167
76	20	0.95219
77	20	0.93906
78	20	0.94842
79	20	0.95502
80	20	0.93114
81	20	0.95974
82	20	0.91947
84	20	0.93669
85	20	0.96465
87	20	0.94238
93	20	0.84464
95	20	0.93956
96	20	0.98214
97	20	0.97079
100	20	0.94747
101	20	0.94824
102	20	0.9236
103	20	0.9272
106	20	0.95133
107	20	0.95714
108	20	0.93814
111	20	0.94135
114	20	0.94681
116	20	0.96126
132	20	0.94341
133	20	0.95467
134	20	0.94497
139	20	0.92868
141	20	0.9603
143	20	0.92314
144	20	0.91994
146	20	0.93919
148	20	0.96974
2	21	0.83297
6	21	0.82084
8	21	0.8164
14	21	0.82521
15	21	0.92178
19	21	0.97113
20	21	0.82694
22	21	0.86562
23	21	0.92795
25	21	0.82808
26	21	0.87656
27	21	0.90146
28	21	0.87618
29	21	0.91452
31	21	0.90666
33	21	0.94781
36	21	0.93667
38	21	0.92011
39	21	0.8899
40	21	0.92778
42	21	0.82263
46	21	0.8724
47	21	0.90222
48	21	0.89541
49	21	0.8262
51	21	0.85838
52	21	0.8726
53	21	0.86849
54	21	0.81446
55	21	0.86003
61	21	0.82686
62	21	0.87042
64	21	0.86855
70	21	0.81075
74	21	0.9216
75	21	0.83161
76	21	0.83364
82	21	0.81157
87	21	0.82315
88	21	0.85571
93	21	0.89285
95	21	0.89773
96	21	0.81357
97	21	0.82965
104	21	0.84187
106	21	0.81263
107	21	0.8288
127	21	0.82197
141	21	0.81968
143	21	0.8109
2	22	0.90218
6	22	0.86293
9	22	0.7833
14	22	0.88452
15	22	0.91688
19	22	0.9205
20	22	0.85746
21	22	0.86562
23	22	0.85065
25	22	0.84241
27	22	0.86716
28	22	0.89397
29	22	0.86218
31	22	0.93931
33	22	0.86511
34	22	0.85281
36	22	0.91401
39	22	0.88111
40	22	0.91556
43	22	0.84883
45	22	0.8525
46	22	0.8782
48	22	0.89386
51	22	0.88602
52	22	0.92666
53	22	0.90931
55	22	0.89166
66	22	0.85097
69	22	0.84052
70	22	0.85908
74	22	0.88366
75	22	0.8497
76	22	0.8585
85	22	0.85309
86	22	0.84877
87	22	0.89903
88	22	0.90052
91	22	0.85628
97	22	0.84175
98	22	0.86105
105	22	0.40954
106	22	0.85075
107	22	0.85269
112	22	0.87426
113	22	0.84401
123	22	0.84019
130	22	0.88228
133	22	0.86819
141	22	0.87821
144	22	0.85426
146	22	0.85525
148	22	0.85579
149	22	0.74787
2	23	0.93119
14	23	0.91022
15	23	0.95836
19	23	0.94796
20	23	0.8804
21	23	0.92795
22	23	0.85065
25	23	0.90578
26	23	0.88113
27	23	0.95091
28	23	0.88165
29	23	0.81128
31	23	0.95556
33	23	0.95474
36	23	0.94548
38	23	0.93766
39	23	0.94482
40	23	0.94689
46	23	0.91086
48	23	0.93817
51	23	0.89352
52	23	0.9082
54	23	0.88601
55	23	0.95201
58	23	0.89703
61	23	0.92046
62	23	0.92531
64	23	0.96275
65	23	0.90209
68	23	0.90266
69	23	0.88707
70	23	0.8991
74	23	0.94849
75	23	0.93735
76	23	0.90985
82	23	0.92789
87	23	0.90626
88	23	0.93148
90	23	0.90013
92	23	0.89199
93	23	0.83343
95	23	0.93398
97	23	0.879
104	23	0.8804
106	23	0.89529
107	23	0.9008
108	23	0.88761
113	23	0.88108
120	23	0.91371
121	23	0.91385
123	23	0.88911
135	23	0.88125
141	23	0.89064
4	24	0.95593
5	24	0.94105
6	24	0.91114
7	24	0.93117
8	24	0.87596
9	24	0.80627
10	24	0.77203
11	24	0.90148
12	24	0.94767
13	24	0.94131
14	24	0.91355
16	24	0.90109
17	24	0.79007
18	24	0.95784
20	24	0.9613
25	24	0.96019
26	24	0.92991
27	24	0.93353
28	24	0.92236
32	24	0.91669
33	24	0.89781
35	24	0.85177
37	24	0.91713
41	24	0.96224
46	24	0.94075
47	24	0.90049
49	24	0.9096
50	24	0.89555
56	24	0.92495
57	24	0.93402
62	24	0.90836
69	24	0.91856
73	24	0.86092
77	24	0.93699
78	24	0.93136
79	24	0.92119
80	24	0.94015
81	24	0.94435
84	24	0.93379
85	24	0.95238
93	24	0.8516
95	24	0.92047
96	24	0.97809
97	24	0.93797
100	24	0.88299
101	24	0.95222
102	24	0.92371
103	24	0.91805
104	24	0.90812
105	24	0.4736
107	24	0.91023
108	24	0.90866
111	24	0.95219
113	24	0.91901
114	24	0.90895
116	24	0.93475
128	24	0.92025
132	24	0.91742
133	24	0.92227
134	24	0.96703
139	24	0.9147
141	24	0.9392
143	24	0.87905
144	24	0.87665
146	24	0.93602
148	24	0.96496
2	25	0.96375
3	25	0.88105
4	25	0.91011
5	25	0.90222
6	25	0.95462
7	25	0.92842
8	25	0.90704
9	25	0.76539
10	25	0.75048
11	25	0.90871
12	25	0.9305
13	25	0.94685
14	25	0.95761
15	25	0.92793
16	25	0.85117
17	25	0.74555
18	25	0.94269
19	25	0.85775
20	25	0.98496
21	25	0.82808
22	25	0.84241
23	25	0.90578
24	25	0.96019
26	25	0.94939
27	25	0.97772
28	25	0.93254
29	25	0.78034
30	25	0.93842
31	25	0.94065
32	25	0.94606
33	25	0.93529
34	25	0.94073
35	25	0.80727
36	25	0.94468
37	25	0.92845
38	25	0.94747
39	25	0.96065
40	25	0.90837
41	25	0.96581
42	25	0.96162
43	25	0.93371
45	25	0.96362
46	25	0.94655
47	25	0.88479
48	25	0.94585
49	25	0.91485
50	25	0.87507
52	25	0.94464
53	25	0.92438
54	25	0.93694
55	25	0.9279
56	25	0.86889
57	25	0.92255
60	25	0.92879
62	25	0.96084
63	25	0.92013
64	25	0.94147
69	25	0.96897
70	25	0.95815
73	25	0.89065
74	25	0.94455
75	25	0.94232
76	25	0.96081
77	25	0.95773
78	25	0.94957
79	25	0.95976
80	25	0.91585
81	25	0.96366
82	25	0.95473
84	25	0.92507
85	25	0.95989
87	25	0.96455
93	25	0.84039
94	25	0.91832
95	25	0.96012
96	25	0.97389
97	25	0.97216
98	25	0.92895
99	25	0.93152
100	25	0.9336
101	25	0.93962
102	25	0.93018
103	25	0.91579
104	25	0.93949
105	25	0.36512
106	25	0.97633
107	25	0.97116
108	25	0.96927
110	25	0.95103
111	25	0.95371
113	25	0.96163
114	25	0.9673
116	25	0.95495
120	25	0.92557
123	25	0.94843
126	25	0.89876
128	25	0.90897
132	25	0.95992
133	25	0.96309
134	25	0.95597
138	25	0.95125
139	25	0.95394
141	25	0.9693
143	25	0.89034
144	25	0.88146
146	25	0.96005
148	25	0.97271
5	26	0.88175
6	26	0.94015
7	26	0.89102
9	26	0.79679
13	26	0.93088
15	26	0.89612
16	26	0.89381
18	26	0.94223
19	26	0.87826
20	26	0.93859
21	26	0.87656
23	26	0.88113
24	26	0.92991
25	26	0.94939
27	26	0.95615
28	26	0.94708
29	26	0.83338
32	26	0.92215
33	26	0.93908
34	26	0.939
35	26	0.87665
36	26	0.94421
37	26	0.93193
38	26	0.9566
39	26	0.91789
40	26	0.91385
41	26	0.93788
42	26	0.94094
46	26	0.93846
47	26	0.93463
48	26	0.92357
49	26	0.91261
52	26	0.91718
53	26	0.92146
54	26	0.9176
56	26	0.87635
60	26	0.90462
62	26	0.95201
63	26	0.90488
69	26	0.92556
74	26	0.93834
76	26	0.9269
77	26	0.92448
78	26	0.90972
79	26	0.91362
80	26	0.88488
81	26	0.91832
82	26	0.91104
84	26	0.88594
85	26	0.93775
87	26	0.91014
93	26	0.91407
95	26	0.94935
96	26	0.95755
97	26	0.94619
99	26	0.91373
100	26	0.88396
101	26	0.89079
103	26	0.93984
104	26	0.95529
106	26	0.9158
107	26	0.93513
108	26	0.92418
113	26	0.91997
114	26	0.91128
134	26	0.90363
143	26	0.86612
146	26	0.93082
148	26	0.93292
2	27	0.95604
4	27	0.88906
6	27	0.95419
7	27	0.87954
8	27	0.88353
9	27	0.78942
13	27	0.92459
14	27	0.95297
15	27	0.94762
16	27	0.84236
18	27	0.90443
19	27	0.91804
20	27	0.95534
21	27	0.90146
22	27	0.86716
23	27	0.95091
24	27	0.93353
25	27	0.97772
26	27	0.95615
28	27	0.94976
29	27	0.81381
31	27	0.96065
33	27	0.96376
34	27	0.93588
35	27	0.79942
36	27	0.96528
37	27	0.90298
38	27	0.98379
39	27	0.98451
40	27	0.94087
41	27	0.93235
42	27	0.96147
43	27	0.9412
46	27	0.9484
47	27	0.91601
48	27	0.96628
49	27	0.93129
50	27	0.83651
51	27	0.93977
52	27	0.95182
53	27	0.93082
54	27	0.95277
55	27	0.94295
60	27	0.92342
61	27	0.94814
62	27	0.97861
63	27	0.90965
64	27	0.97157
69	27	0.95975
70	27	0.95894
73	27	0.8441
74	27	0.96541
75	27	0.95122
76	27	0.95328
77	27	0.93434
81	27	0.92606
82	27	0.95755
85	27	0.93269
87	27	0.96005
88	27	0.96061
92	27	0.94319
93	27	0.87558
95	27	0.98247
96	27	0.94113
97	27	0.95754
99	27	0.92341
100	27	0.87948
103	27	0.89974
104	27	0.95197
105	27	0.36497
106	27	0.96486
107	27	0.96579
108	27	0.95886
111	27	0.9171
112	27	0.92688
113	27	0.9566
117	27	0.93446
120	27	0.94887
123	27	0.95187
126	27	0.8981
127	27	0.92015
128	27	0.92224
130	27	0.94878
133	27	0.93993
134	27	0.90777
135	27	0.89232
139	27	0.92565
141	27	0.95538
143	27	0.87084
146	27	0.94935
148	27	0.94523
4	28	0.89244
6	28	0.93435
9	28	0.91799
14	28	0.91835
15	28	0.91691
16	28	0.91383
19	28	0.91748
20	28	0.92601
21	28	0.87618
22	28	0.89397
23	28	0.88165
24	28	0.92236
25	28	0.93254
26	28	0.94708
27	28	0.94976
29	28	0.8534
31	28	0.94125
33	28	0.93041
34	28	0.91645
35	28	0.86253
36	28	0.94566
37	28	0.89455
38	28	0.92931
39	28	0.92599
40	28	0.9464
42	28	0.92039
46	28	0.97181
47	28	0.88618
48	28	0.94633
51	28	0.91609
52	28	0.93309
53	28	0.91977
55	28	0.91058
60	28	0.9257
62	28	0.9204
66	28	0.91539
67	28	0.91146
69	28	0.90847
74	28	0.93848
77	28	0.91894
85	28	0.95133
87	28	0.93659
88	28	0.92242
93	28	0.89101
95	28	0.92006
96	28	0.92763
97	28	0.94513
98	28	0.91542
99	28	0.91567
104	28	0.92385
105	28	0.54873
107	28	0.93024
111	28	0.91477
112	28	0.92341
113	28	0.94234
128	28	0.92436
130	28	0.9319
141	28	0.93291
144	28	0.87452
146	28	0.93152
148	28	0.92073
2	29	0.78665
5	29	0.78123
6	29	0.78298
8	29	0.85448
15	29	0.88446
16	29	0.83585
18	29	0.8113
19	29	0.88881
20	29	0.82233
21	29	0.91452
22	29	0.86218
23	29	0.81128
25	29	0.78034
26	29	0.83338
27	29	0.81381
28	29	0.8534
31	29	0.85766
33	29	0.90185
34	29	0.80269
35	29	0.77396
36	29	0.88899
37	29	0.81902
38	29	0.81563
39	29	0.80426
40	29	0.87186
42	29	0.77325
46	29	0.81554
47	29	0.83943
48	29	0.82379
51	29	0.77523
52	29	0.83993
53	29	0.8777
55	29	0.77669
56	29	0.78581
62	29	0.7854
74	29	0.84575
76	29	0.79424
85	29	0.79476
88	29	0.78251
93	29	0.85178
95	29	0.81622
96	29	0.80515
97	29	0.82745
103	29	0.78997
107	29	0.78992
133	29	0.77489
141	29	0.7889
143	29	0.83141
144	29	0.81692
148	29	0.81022
2	30	0.92642
3	30	0.9262
5	30	0.87698
6	30	0.96218
7	30	0.9036
8	30	0.87886
10	30	0.81066
11	30	0.96095
12	30	0.90301
13	30	0.89624
17	30	0.79299
25	30	0.93842
32	30	0.95897
34	30	0.92109
41	30	0.92223
42	30	0.94583
43	30	0.92815
45	30	0.96887
50	30	0.83521
57	30	0.90256
63	30	0.93115
69	30	0.95863
70	30	0.95558
72	30	0.94813
73	30	0.84852
75	30	0.9221
76	30	0.94488
77	30	0.95438
78	30	0.92078
79	30	0.94438
80	30	0.88419
84	30	0.91889
85	30	0.932
86	30	0.94549
87	30	0.92984
88	30	0.92042
89	30	0.92945
91	30	0.9216
94	30	0.93817
97	30	0.93068
98	30	0.95173
100	30	0.88372
101	30	0.91765
102	30	0.93239
106	30	0.94016
107	30	0.95178
108	30	0.94704
110	30	0.98132
113	30	0.91973
114	30	0.9794
116	30	0.96145
118	30	0.9351
123	30	0.95568
124	30	0.93898
129	30	0.92814
130	30	0.94053
132	30	0.97047
133	30	0.96759
137	30	0.91014
138	30	0.94217
139	30	0.96258
140	30	0.89624
141	30	0.92275
142	30	0.94517
145	30	0.91888
146	30	0.94754
148	30	0.93817
2	31	0.97235
6	31	0.91973
8	31	0.87379
9	31	0.8015
14	31	0.93738
15	31	0.97045
19	31	0.95575
20	31	0.93175
21	31	0.90666
22	31	0.93931
23	31	0.95556
25	31	0.94065
27	31	0.96065
28	31	0.94125
29	31	0.85766
33	31	0.95165
36	31	0.96445
38	31	0.92764
39	31	0.96698
40	31	0.97056
42	31	0.92155
45	31	0.917
46	31	0.943
48	31	0.96076
51	31	0.93112
52	31	0.96047
53	31	0.9502
55	31	0.97403
60	31	0.91546
61	31	0.9183
62	31	0.92097
64	31	0.94292
65	31	0.91559
69	31	0.92343
70	31	0.93065
73	31	0.84892
74	31	0.94782
75	31	0.95362
76	31	0.94589
82	31	0.92654
87	31	0.95899
88	31	0.96833
91	31	0.92036
93	31	0.82639
95	31	0.92554
97	31	0.93424
105	31	0.40802
106	31	0.93806
107	31	0.94166
112	31	0.92683
113	31	0.93994
121	31	0.92355
123	31	0.92734
130	31	0.93542
133	31	0.92234
135	31	0.91363
141	31	0.94939
144	31	0.88598
146	31	0.91957
149	31	0.69041
3	32	0.86932
4	32	0.9094
5	32	0.90855
6	32	0.96019
7	32	0.95265
8	32	0.88776
10	32	0.79922
11	32	0.94712
12	32	0.93985
13	32	0.95791
16	32	0.85189
17	32	0.80224
18	32	0.93659
20	32	0.93459
24	32	0.91669
25	32	0.94606
26	32	0.92215
30	32	0.95897
34	32	0.94279
35	32	0.82023
37	32	0.90409
41	32	0.95792
42	32	0.94833
45	32	0.94238
49	32	0.91327
54	32	0.90638
56	32	0.88416
57	32	0.89195
62	32	0.92314
63	32	0.96678
69	32	0.93839
72	32	0.92511
76	32	0.92514
77	32	0.96555
78	32	0.95385
79	32	0.97544
80	32	0.94069
81	32	0.90986
84	32	0.95729
85	32	0.96914
94	32	0.9293
95	32	0.91805
96	32	0.94478
97	32	0.96204
98	32	0.93057
100	32	0.88573
101	32	0.93
102	32	0.91971
103	32	0.93678
104	32	0.9319
105	32	0.37559
106	32	0.91475
107	32	0.96123
108	32	0.92978
110	32	0.95347
114	32	0.9631
116	32	0.94597
118	32	0.91461
123	32	0.93176
132	32	0.93818
133	32	0.9402
134	32	0.92325
139	32	0.9213
143	32	0.88709
146	32	0.93675
148	32	0.93674
2	33	0.92517
6	33	0.89583
8	33	0.91128
9	33	0.80232
15	33	0.96915
16	33	0.87919
18	33	0.90109
19	33	0.95039
20	33	0.93841
21	33	0.94781
22	33	0.86511
23	33	0.95474
24	33	0.89781
25	33	0.93529
26	33	0.93908
27	33	0.96376
28	33	0.93041
29	33	0.90185
31	33	0.95165
34	33	0.90696
35	33	0.85595
36	33	0.97742
37	33	0.93358
38	33	0.95638
39	33	0.94011
40	33	0.95859
42	33	0.90605
46	33	0.93212
47	33	0.93537
48	33	0.93189
52	33	0.92372
53	33	0.93004
54	33	0.90204
55	33	0.9044
56	33	0.8468
62	33	0.94286
64	33	0.91368
74	33	0.95216
75	33	0.90972
76	33	0.92401
81	33	0.91592
82	33	0.91205
85	33	0.90137
88	33	0.91036
93	33	0.92296
95	33	0.9617
96	33	0.93102
97	33	0.94134
103	33	0.90683
104	33	0.91098
106	33	0.9083
107	33	0.93057
141	33	0.90908
143	33	0.90362
144	33	0.84949
148	33	0.91208
2	34	0.92716
3	34	0.87053
5	34	0.88625
6	34	0.95268
7	34	0.92374
8	34	0.91183
9	34	0.77317
10	34	0.75698
12	34	0.89119
13	34	0.93623
15	34	0.89301
16	34	0.85736
17	34	0.72719
18	34	0.92176
20	34	0.9507
22	34	0.85281
25	34	0.94073
26	34	0.939
27	34	0.93588
28	34	0.91645
29	34	0.80269
30	34	0.92109
32	34	0.94279
33	34	0.90696
35	34	0.81284
36	34	0.93075
37	34	0.9159
38	34	0.90771
39	34	0.91614
40	34	0.88707
41	34	0.92653
42	34	0.954
45	34	0.93411
47	34	0.86976
52	34	0.93611
53	34	0.94672
56	34	0.86067
62	34	0.91451
63	34	0.93247
69	34	0.93331
73	34	0.85709
75	34	0.90291
76	34	0.94419
77	34	0.90961
78	34	0.90388
79	34	0.92762
80	34	0.88686
84	34	0.90887
85	34	0.95005
87	34	0.91286
93	34	0.84444
95	34	0.92452
96	34	0.92805
97	34	0.95359
98	34	0.90577
100	34	0.90263
101	34	0.89931
102	34	0.88181
103	34	0.91634
106	34	0.92377
107	34	0.95518
108	34	0.91457
110	34	0.90849
114	34	0.93037
116	34	0.92377
123	34	0.92225
133	34	0.91509
143	34	0.89778
146	34	0.90487
148	34	0.91953
4	35	0.83499
5	35	0.83266
7	35	0.86782
8	35	0.79306
9	35	0.85997
12	35	0.80069
13	35	0.85219
16	35	0.95854
18	35	0.87997
20	35	0.83039
24	35	0.85177
25	35	0.80727
26	35	0.87665
27	35	0.79942
28	35	0.86253
29	35	0.77396
32	35	0.82023
33	35	0.85595
34	35	0.81284
36	35	0.82533
37	35	0.91294
38	35	0.79982
40	35	0.79897
41	35	0.85288
46	35	0.85217
47	35	0.88511
49	35	0.81527
53	35	0.79122
56	35	0.88978
62	35	0.80566
77	35	0.78779
78	35	0.79599
79	35	0.80287
80	35	0.82145
81	35	0.84346
84	35	0.824
85	35	0.863
93	35	0.91403
95	35	0.81899
96	35	0.8877
97	35	0.86994
99	35	0.7925
101	35	0.79471
103	35	0.88971
104	35	0.83988
105	35	0.52265
107	35	0.8032
128	35	0.79534
134	35	0.83057
143	35	0.81379
144	35	0.80243
148	35	0.81383
2	36	0.94366
6	36	0.91574
8	36	0.9141
9	36	0.80185
14	36	0.92742
15	36	0.96679
16	36	0.85891
19	36	0.95884
20	36	0.94884
21	36	0.93667
22	36	0.91401
23	36	0.94548
25	36	0.94468
26	36	0.94421
27	36	0.96528
28	36	0.94566
29	36	0.88899
31	36	0.96445
33	36	0.97742
34	36	0.93075
35	36	0.82533
37	36	0.90915
38	36	0.94829
39	36	0.94804
40	36	0.96537
42	36	0.921
46	36	0.95097
47	36	0.9062
48	36	0.95712
51	36	0.91871
52	36	0.96621
53	36	0.94424
55	36	0.93904
62	36	0.94
64	36	0.92578
69	36	0.9139
73	36	0.86135
74	36	0.97669
75	36	0.9243
76	36	0.94449
82	36	0.90668
85	36	0.92231
87	36	0.93846
88	36	0.92986
93	36	0.89297
95	36	0.94851
96	36	0.92992
97	36	0.94054
103	36	0.89906
104	36	0.90993
106	36	0.92458
107	36	0.9395
113	36	0.90782
133	36	0.9129
141	36	0.9265
143	36	0.89923
144	36	0.86748
146	36	0.90664
148	36	0.91709
2	37	0.88436
5	37	0.89559
7	37	0.94088
8	37	0.90089
9	37	0.79864
10	37	0.72728
12	37	0.9178
13	37	0.92757
15	37	0.88552
16	37	0.91042
17	37	0.75485
18	37	0.94515
20	37	0.94924
24	37	0.91713
25	37	0.92845
26	37	0.93193
27	37	0.90298
28	37	0.89455
29	37	0.81902
32	37	0.90409
33	37	0.93358
34	37	0.9159
35	37	0.91294
36	37	0.90915
40	37	0.88797
41	37	0.9363
46	37	0.90095
47	37	0.87646
53	37	0.89392
56	37	0.91142
62	37	0.89333
73	37	0.8403
76	37	0.89341
77	37	0.88316
78	37	0.92857
79	37	0.93565
80	37	0.92284
81	37	0.95725
82	37	0.8795
84	37	0.91461
85	37	0.92345
93	37	0.86175
95	37	0.90103
96	37	0.96768
97	37	0.94575
100	37	0.92405
101	37	0.9033
103	37	0.93879
105	37	0.38056
106	37	0.8848
107	37	0.91653
116	37	0.88782
134	37	0.91108
141	37	0.89267
143	37	0.90448
144	37	0.88903
146	37	0.8814
148	37	0.92429
6	38	0.94056
9	38	0.7663
13	38	0.91499
14	38	0.91623
15	38	0.91526
16	38	0.83316
19	38	0.90861
20	38	0.91551
21	38	0.92011
23	38	0.93766
25	38	0.94747
26	38	0.9566
27	38	0.98379
28	38	0.92931
29	38	0.81563
31	38	0.92764
33	38	0.95638
34	38	0.90771
35	38	0.79982
36	38	0.94829
39	38	0.96649
40	38	0.91286
42	38	0.95698
43	38	0.91718
46	38	0.91639
47	38	0.93679
48	38	0.95391
49	38	0.93561
51	38	0.94369
52	38	0.93024
53	38	0.90888
54	38	0.95961
61	38	0.93889
62	38	0.9728
63	38	0.90905
64	38	0.95222
69	38	0.92377
70	38	0.93117
74	38	0.95265
75	38	0.92528
76	38	0.92095
82	38	0.93532
87	38	0.92166
88	38	0.93651
92	38	0.94148
93	38	0.9078
95	38	0.98154
97	38	0.9334
103	38	0.89698
104	38	0.96419
106	38	0.93566
107	38	0.93626
108	38	0.92333
113	38	0.92866
117	38	0.91993
120	38	0.9364
123	38	0.92409
127	38	0.93639
128	38	0.90126
130	38	0.91774
146	38	0.91942
150	38	0.93431
2	39	0.95688
4	39	0.88147
6	39	0.96081
8	39	0.8847
14	39	0.95708
15	39	0.94173
19	39	0.91424
21	39	0.8899
22	39	0.88111
23	39	0.94482
25	39	0.96065
26	39	0.91789
27	39	0.98451
28	39	0.92599
29	39	0.80426
31	39	0.96698
33	39	0.94011
34	39	0.91614
36	39	0.94804
38	39	0.96649
40	39	0.91366
42	39	0.95817
43	39	0.96591
44	39	0.93186
45	39	0.93386
46	39	0.92039
47	39	0.89433
48	39	0.97618
49	39	0.93736
50	39	0.83969
51	39	0.95648
52	39	0.96197
53	39	0.93468
54	39	0.93283
55	39	0.95297
58	39	0.93692
59	39	0.91692
61	39	0.96591
62	39	0.97056
63	39	0.90528
64	39	0.9653
65	39	0.94151
68	39	0.93729
69	39	0.9547
70	39	0.97092
71	39	0.93926
74	39	0.94405
75	39	0.96427
76	39	0.9553
82	39	0.95431
86	39	0.92997
87	39	0.96237
88	39	0.97426
90	39	0.93831
91	39	0.94225
92	39	0.95174
93	39	0.8384
95	39	0.97337
97	39	0.94723
104	39	0.94213
106	39	0.96325
107	39	0.96318
108	39	0.94923
112	39	0.95514
113	39	0.96131
117	39	0.95771
118	39	0.93631
119	39	0.8917
120	39	0.95364
121	39	0.93035
123	39	0.96346
125	39	0.91096
126	39	0.92531
127	39	0.93844
128	39	0.9236
130	39	0.96437
133	39	0.94931
135	39	0.93855
139	39	0.94625
141	39	0.95402
143	39	0.85594
146	39	0.94962
148	39	0.9323
149	39	0.70566
150	39	0.93216
2	40	0.92906
9	40	0.84268
14	40	0.89153
15	40	0.9632
16	40	0.84386
19	40	0.96881
20	40	0.91614
21	40	0.92778
22	40	0.91556
23	40	0.94689
25	40	0.90837
26	40	0.91385
27	40	0.94087
28	40	0.9464
29	40	0.87186
31	40	0.97056
33	40	0.95859
34	40	0.88707
35	40	0.79897
36	40	0.96537
37	40	0.88797
38	40	0.91286
39	40	0.91366
42	40	0.87848
46	40	0.95599
48	40	0.91898
51	40	0.88197
52	40	0.91568
53	40	0.92093
55	40	0.93935
60	40	0.90274
62	40	0.88815
64	40	0.91955
69	40	0.88086
70	40	0.87007
74	40	0.94884
75	40	0.90111
76	40	0.90437
82	40	0.88973
85	40	0.87982
87	40	0.9148
88	40	0.91459
93	40	0.85954
95	40	0.90255
96	40	0.89356
97	40	0.90261
99	40	0.87912
105	40	0.44031
106	40	0.87846
107	40	0.90388
108	40	0.87616
113	40	0.88525
121	40	0.8721
130	40	0.87201
141	40	0.90612
144	40	0.86936
4	41	0.93509
5	41	0.94241
6	41	0.93803
7	41	0.95974
8	41	0.90985
10	41	0.79134
11	41	0.92915
12	41	0.94988
13	41	0.95979
16	41	0.88248
17	41	0.81862
18	41	0.96505
20	41	0.96081
24	41	0.96224
25	41	0.96581
26	41	0.93788
27	41	0.93235
30	41	0.92223
32	41	0.95792
34	41	0.92653
35	41	0.85288
37	41	0.9363
42	41	0.92912
45	41	0.94506
47	41	0.90305
49	41	0.93798
50	41	0.86676
53	41	0.90068
54	41	0.91176
56	41	0.92429
57	41	0.89096
62	41	0.93701
63	41	0.93495
69	41	0.92468
73	41	0.841
77	41	0.94453
78	41	0.94562
79	41	0.95897
80	41	0.94899
81	41	0.96452
84	41	0.95175
85	41	0.94668
93	41	0.84247
95	41	0.93944
96	41	0.96823
97	41	0.96546
100	41	0.91063
101	41	0.95484
102	41	0.95024
103	41	0.94416
104	41	0.9336
106	41	0.93879
107	41	0.93953
111	41	0.92056
113	41	0.92485
114	41	0.94982
116	41	0.95777
132	41	0.92884
133	41	0.93556
134	41	0.95052
139	41	0.94624
141	41	0.93192
143	41	0.89308
144	41	0.85457
146	41	0.94577
148	41	0.97117
2	42	0.93701
3	42	0.88926
6	42	0.97585
11	42	0.89068
13	42	0.92912
15	42	0.88061
19	42	0.83833
20	42	0.93489
21	42	0.82263
25	42	0.96162
26	42	0.94094
27	42	0.96147
28	42	0.92039
29	42	0.77325
30	42	0.94583
31	42	0.92155
32	42	0.94833
33	42	0.90605
34	42	0.954
36	42	0.921
38	42	0.95698
39	42	0.95817
40	42	0.87848
41	42	0.92912
43	42	0.93296
44	42	0.94339
45	42	0.94452
47	42	0.86616
48	42	0.93991
49	42	0.91235
51	42	0.95453
52	42	0.9482
53	42	0.93793
54	42	0.95337
60	42	0.92254
61	42	0.94604
62	42	0.95708
63	42	0.96969
69	42	0.95283
70	42	0.95857
72	42	0.9574
74	42	0.91962
75	42	0.95398
76	42	0.95416
77	42	0.94108
78	42	0.89749
79	42	0.93133
82	42	0.95462
84	42	0.88559
85	42	0.93909
86	42	0.93541
87	42	0.95243
88	42	0.95272
89	42	0.93688
91	42	0.93825
92	42	0.9609
93	42	0.82989
94	42	0.93181
95	42	0.95573
97	42	0.95743
98	42	0.93784
99	42	0.90633
100	42	0.88885
102	42	0.88027
103	42	0.89091
104	42	0.94939
106	42	0.96439
107	42	0.96906
108	42	0.95976
110	42	0.95461
113	42	0.94875
114	42	0.95807
115	42	0.92636
116	42	0.91031
118	42	0.94453
120	42	0.95119
123	42	0.96835
127	42	0.92751
129	42	0.92938
130	42	0.95125
132	42	0.93747
133	42	0.93676
137	42	0.91071
138	42	0.942
139	42	0.92973
142	42	0.92907
145	42	0.93075
146	42	0.94508
150	42	0.92941
3	43	0.87408
6	43	0.94081
11	43	0.88825
14	43	0.95527
22	43	0.84883
25	43	0.93371
27	43	0.9412
30	43	0.92815
38	43	0.91718
39	43	0.96591
42	43	0.93296
44	43	0.93118
45	43	0.92889
48	43	0.93827
49	43	0.90609
50	43	0.85945
61	43	0.95139
62	43	0.92533
64	43	0.93067
68	43	0.93509
69	43	0.9438
70	43	0.97786
71	43	0.95032
72	43	0.92992
83	43	0.93851
86	43	0.92962
87	43	0.94884
88	43	0.95275
89	43	0.91733
90	43	0.92964
91	43	0.94004
92	43	0.92876
102	43	0.87842
106	43	0.95432
108	43	0.94249
109	43	0.92254
110	43	0.94254
111	43	0.89984
112	43	0.94234
113	43	0.94379
114	43	0.92336
117	43	0.97373
118	43	0.94028
123	43	0.94314
125	43	0.91567
126	43	0.95425
127	43	0.913
128	43	0.90045
129	43	0.93869
130	43	0.96582
131	43	0.91729
132	43	0.94472
133	43	0.95048
135	43	0.94911
136	43	0.9488
137	43	0.91441
138	43	0.93559
139	43	0.96609
140	43	0.88434
141	43	0.94623
142	43	0.94401
145	43	0.92302
146	43	0.94969
147	43	0.9247
148	43	0.92481
149	43	0.77164
3	44	0.87357
6	44	0.93272
39	44	0.93186
42	44	0.94339
43	44	0.93118
48	44	0.94311
51	44	0.97965
52	44	0.93385
55	44	0.9224
58	44	0.95917
59	44	0.95476
61	44	0.96311
65	44	0.95396
66	44	0.94093
67	44	0.94903
68	44	0.95187
70	44	0.95649
71	44	0.97562
72	44	0.96026
75	44	0.93336
83	44	0.96274
86	44	0.95746
87	44	0.94582
88	44	0.9549
89	44	0.94321
90	44	0.93955
91	44	0.975
92	44	0.97514
94	44	0.92004
108	44	0.93523
109	44	0.96937
110	44	0.93118
112	44	0.94048
115	44	0.95902
117	44	0.95494
118	44	0.94156
119	44	0.94939
121	44	0.94558
122	44	0.94071
123	44	0.9601
124	44	0.95307
125	44	0.95806
126	44	0.90304
127	44	0.94676
129	44	0.97131
130	44	0.95468
131	44	0.95796
136	44	0.94709
137	44	0.9408
138	44	0.93364
140	44	0.92857
142	44	0.94384
145	44	0.95186
147	44	0.96566
149	44	0.79349
150	44	0.9539
2	45	0.9475
3	45	0.93388
4	45	0.89636
5	45	0.88275
6	45	0.95096
7	45	0.91123
8	45	0.90853
10	45	0.79936
11	45	0.93642
12	45	0.91743
14	45	0.93407
17	45	0.77758
18	45	0.90404
20	45	0.95989
22	45	0.8525
25	45	0.96362
30	45	0.96887
31	45	0.917
32	45	0.94238
34	45	0.93411
39	45	0.93386
41	45	0.94506
42	45	0.94452
43	45	0.92889
50	45	0.86765
52	45	0.94419
53	45	0.93313
57	45	0.91062
60	45	0.90909
63	45	0.91709
69	45	0.94896
70	45	0.94446
73	45	0.89146
76	45	0.9497
77	45	0.94306
78	45	0.90888
79	45	0.93565
80	45	0.88002
81	45	0.91269
84	45	0.9271
85	45	0.94689
86	45	0.92579
87	45	0.95908
88	45	0.92852
91	45	0.92554
94	45	0.94081
96	45	0.92328
97	45	0.95911
98	45	0.96149
100	45	0.93252
101	45	0.94706
102	45	0.93975
106	45	0.96576
107	45	0.955
108	45	0.94455
110	45	0.9722
111	45	0.93681
113	45	0.95472
114	45	0.98084
116	45	0.97011
123	45	0.94302
130	45	0.94841
132	45	0.97499
133	45	0.96295
134	45	0.92408
135	45	0.89569
138	45	0.94568
139	45	0.96788
140	45	0.88326
141	45	0.96401
142	45	0.92489
143	45	0.85957
144	45	0.90174
146	45	0.95747
148	45	0.95923
2	46	0.91891
4	46	0.88867
6	46	0.90603
9	46	0.86903
14	46	0.94669
15	46	0.92977
16	46	0.88454
18	46	0.89762
19	46	0.92189
20	46	0.94251
21	46	0.8724
22	46	0.8782
23	46	0.91086
24	46	0.94075
25	46	0.94655
26	46	0.93846
27	46	0.9484
28	46	0.97181
29	46	0.81554
31	46	0.943
33	46	0.93212
35	46	0.85217
36	46	0.95097
37	46	0.90095
38	46	0.91639
39	46	0.92039
40	46	0.95599
47	46	0.87857
48	46	0.94877
52	46	0.92271
55	46	0.93272
57	46	0.89294
60	46	0.92699
62	46	0.91965
64	46	0.92888
67	46	0.90518
69	46	0.91779
70	46	0.90868
74	46	0.95597
76	46	0.90977
77	46	0.9267
81	46	0.90016
85	46	0.94089
87	46	0.94572
88	46	0.9191
93	46	0.86573
95	46	0.91682
96	46	0.94815
97	46	0.93147
98	46	0.90446
99	46	0.94007
104	46	0.91626
105	46	0.51725
107	46	0.92439
108	46	0.91971
111	46	0.93959
113	46	0.93891
128	46	0.93879
130	46	0.91467
133	46	0.91258
134	46	0.93574
141	46	0.94861
144	46	0.89824
146	46	0.93025
148	46	0.92405
4	47	0.90139
5	47	0.88731
