3	2	0.481
6	2	0.88855
8	2	0.68239
11	2	0.80296
14	2	0.88609
15	2	0.94651
19	2	0.86399
20	2	0.89559
23	2	0.92282
25	2	0.94649
27	2	0.95984
28	2	0.88256
30	2	0.90757
31	2	0.96782
33	2	0.88826
34	2	0.91845
38	2	0.87043
39	2	0.94657
40	2	0.87494
42	2	0.91777
45	2	0.93087
48	2	0.92232
52	2	0.85179
54	2	0.90851
55	2	0.9336
58	2	0.92087
59	2	0.89701
62	2	0.90809
65	2	0.90154
70	2	0.91436
71	2	0.9131
72	2	0.92533
73	2	0.83675
74	2	0.90581
75	2	0.95075
79	2	0.91495
84	2	0.8856
85	2	0.89046
87	2	0.91796
88	2	0.89693
90	2	0.89426
92	2	0.91334
94	2	0.89611
99	2	0.90542
106	2	0.9232
107	2	0.91914
108	2	0.89105
110	2	0.92079
113	2	0.89742
114	2	0.95084
116	2	0.93809
120	2	0.90311
121	2	0.91262
123	2	0.94204
125	2	0.89103
132	2	0.91282
138	2	0.8941
139	2	0.90726
141	2	0.88663
149	2	0.64029
2	3	0.481
8	3	0.82538
11	3	0.58243
15	3	0.44123
19	3	0.50668
20	3	0.44494
22	3	0.41271
25	3	0.43055
27	3	0.49857
28	3	0.39652
29	3	0.38719
31	3	0.48622
32	3	0.41033
34	3	0.40667
36	3	0.51485
37	3	0.41074
38	3	0.44872
42	3	0.49731
45	3	0.52799
48	3	0.50151
52	3	0.44054
53	3	0.41448
55	3	0.40133
58	3	0.40056
59	3	0.40521
72	3	0.44727
73	3	0.52858
75	3	0.44769
79	3	0.39959
87	3	0.53719
90	3	0.39794
91	3	0.40757
92	3	0.41538
94	3	0.41565
108	3	0.3868
110	3	0.3948
112	3	0.39091
114	3	0.43767
116	3	0.40393
119	3	0.41314
121	3	0.41078
123	3	0.41438
124	3	0.42111
125	3	0.39057
132	3	0.51777
137	3	0.41088
138	3	0.42821
139	3	0.38666
141	3	0.40462
150	3	0.4196
5	4	0.83908
6	4	0.87049
7	4	0.87598
8	4	0.58953
9	4	0.82229
13	4	0.89346
14	4	0.83633
16	4	0.86486
18	4	0.83104
19	4	0.83214
20	4	0.82803
21	4	0.78031
24	4	0.84544
25	4	0.84235
26	4	0.83654
28	4	0.83613
29	4	0.78666
31	4	0.83178
32	4	0.85558
33	4	0.83783
35	4	0.846
36	4	0.84808
37	4	0.82621
39	4	0.8265
40	4	0.83566
46	4	0.85986
47	4	0.87688
49	4	0.85778
50	4	0.65371
51	4	0.83253
53	4	0.84823
54	4	0.84513
56	4	0.78549
57	4	0.73194
62	4	0.83373
63	4	0.84576
64	4	0.82654
66	4	0.8548
67	4	0.84356
77	4	0.87113
80	4	0.84441
85	4	0.86824
88	4	0.83554
93	4	0.82839
95	4	0.88052
96	4	0.86873
97	4	0.8707
103	4	0.86789
105	4	0.56059
107	4	0.85432
112	4	0.85672
127	4	0.84923
128	4	0.89164
130	4	0.85857
134	4	0.82377
141	4	0.87529
143	4	0.76124
146	4	0.86121
148	4	0.85953
4	5	0.83908
6	5	0.85915
7	5	0.87502
9	5	0.74624
13	5	0.87944
15	5	0.87553
16	5	0.81118
18	5	0.93585
19	5	0.83935
20	5	0.84497
21	5	0.85097
23	5	0.87166
24	5	0.89051
25	5	0.85486
26	5	0.88456
27	5	0.86796
28	5	0.8835
29	5	0.81858
31	5	0.84682
33	5	0.92182
34	5	0.82893
35	5	0.87987
36	5	0.84051
38	5	0.84302
39	5	0.87911
40	5	0.85539
41	5	0.92491
46	5	0.85104
47	5	0.94382
48	5	0.84788
49	5	0.91247
50	5	0.62004
52	5	0.73439
54	5	0.86643
56	5	0.89533
62	5	0.88944
69	5	0.83283
74	5	0.87439
77	5	0.85047
80	5	0.87608
81	5	0.83898
84	5	0.86027
85	5	0.89796
93	5	0.888
95	5	0.90683
96	5	0.89295
97	5	0.89246
99	5	0.84058
101	5	0.84246
103	5	0.89217
104	5	0.88718
105	5	0.34198
107	5	0.8451
113	5	0.8351
116	5	0.83226
128	5	0.83881
148	5	0.91535
2	6	0.88855
4	6	0.87049
5	6	0.85915
7	6	0.92584
9	6	0.72753
12	6	0.89167
13	6	0.93738
16	6	0.79269
18	6	0.90336
19	6	0.8289
20	6	0.92024
22	6	0.90754
25	6	0.94043
26	6	0.9211
27	6	0.92426
28	6	0.8708
29	6	0.80182
30	6	0.95033
31	6	0.93527
32	6	0.95575
33	6	0.87113
34	6	0.84224
35	6	0.79241
36	6	0.91827
37	6	0.84629
38	6	0.85897
39	6	0.95336
41	6	0.90046
42	6	0.92281
44	6	0.94093
45	6	0.92059
47	6	0.86604
49	6	0.88362
51	6	0.98232
52	6	0.69729
53	6	0.94105
54	6	0.93822
55	6	0.94561
59	6	0.9526
60	6	0.89988
62	6	0.91134
63	6	0.95625
64	6	0.92504
65	6	0.944
66	6	0.94585
67	6	0.94568
68	6	0.92797
69	6	0.9303
70	6	0.94995
72	6	0.96363
75	6	0.9479
76	6	0.93633
77	6	0.94097
79	6	0.93039
82	6	0.92609
83	6	0.90343
84	6	0.8988
85	6	0.9563
86	6	0.93002
87	6	0.92783
88	6	0.96356
91	6	0.94068
93	6	0.77178
94	6	0.92352
95	6	0.94708
97	6	0.95351
98	6	0.93654
101	6	0.86702
102	6	0.87191
103	6	0.88309
105	6	0.35475
107	6	0.9408
108	6	0.94536
109	6	0.94129
112	6	0.93219
114	6	0.93006
115	6	0.95445
117	6	0.91074
118	6	0.95159
119	6	0.94333
120	6	0.88772
121	6	0.94431
122	6	0.90041
123	6	0.97166
125	6	0.93029
127	6	0.94179
129	6	0.93638
130	6	0.97058
131	6	0.93592
132	6	0.92611
133	6	0.83399
135	6	0.88609
137	6	0.92273
138	6	0.92581
139	6	0.925
140	6	0.87698
142	6	0.92452
143	6	0.76199
145	6	0.88895
146	6	0.93006
147	6	0.93147
148	6	0.91934
4	7	0.87598
5	7	0.87502
6	7	0.92584
8	7	0.59087
9	7	0.76211
12	7	0.9264
13	7	0.94066
15	7	0.86268
16	7	0.88671
17	7	0.74322
18	7	0.93966
20	7	0.95052
22	7	0.89829
23	7	0.87626
25	7	0.91965
26	7	0.91173
27	7	0.89123
29	7	0.84716
31	7	0.9174
32	7	0.93635
33	7	0.90373
35	7	0.90829
36	7	0.93171
37	7	0.938
39	7	0.89978
40	7	0.89218
41	7	0.89231
47	7	0.87312
51	7	0.88189
53	7	0.9357
54	7	0.89398
55	7	0.90721
56	7	0.73363
60	7	0.8784
63	7	0.8787
64	7	0.88635
73	7	0.7717
75	7	0.89757
76	7	0.91136
77	7	0.87598
78	7	0.86515
79	7	0.92175
81	7	0.88061
82	7	0.92517
84	7	0.88579
85	7	0.94472
86	7	0.8756
88	7	0.90194
93	7	0.78862
95	7	0.92603
96	7	0.87939
97	7	0.96861
98	7	0.87732
103	7	0.92042
105	7	0.42087
107	7	0.90223
108	7	0.89141
118	7	0.88196
120	7	0.87042
123	7	0.89017
130	7	0.88437
133	7	0.84284
138	7	0.87999
141	7	0.88422
143	7	0.84447
144	7	0.85529
146	7	0.89604
148	7	0.90062
2	8	0.68239
3	8	0.82538
4	8	0.58953
7	8	0.59087
10	8	0.45302
11	8	0.75376
15	8	0.72039
19	8	0.76498
20	8	0.63668
21	8	0.68948
23	8	0.59637
25	8	0.63715
27	8	0.71142
28	8	0.6409
29	8	0.5917
31	8	0.68848
33	8	0.67077
34	8	0.67961
36	8	0.7098
37	8	0.62447
38	8	0.71107
39	8	0.62751
42	8	0.69884
45	8	0.68016
48	8	0.73874
52	8	0.65327
53	8	0.60698
54	8	0.60492
58	8	0.60124
62	8	0.6458
72	8	0.62873
73	8	0.66478
74	8	0.65215
75	8	0.63861
79	8	0.62826
85	8	0.60601
87	8	0.65855
90	8	0.58622
92	8	0.62933
94	8	0.60414
96	8	0.61507
103	8	0.58559
104	8	0.60077
107	8	0.63385
112	8	0.59207
114	8	0.62236
116	8	0.6355
123	8	0.59714
132	8	0.62003
141	8	0.60233
150	8	0.65816
4	9	0.82229
5	9	0.74624
6	9	0.72753
7	9	0.76211
12	9	0.72992
13	9	0.74692
15	9	0.74306
16	9	0.79561
19	9	0.8336
21	9	0.74456
24	9	0.83078
25	9	0.75466
27	9	0.75914
28	9	0.90555
31	9	0.7954
33	9	0.78431
35	9	0.83206
36	9	0.76002
37	9	0.77075
38	9	0.75715
40	9	0.83069
42	9	0.74465
45	9	0.72664
46	9	0.85736
48	9	0.76146
56	9	0.80256
60	9	0.72332
66	9	0.73663
67	9	0.73059
74	9	0.75211
77	9	0.71991
80	9	0.79081
84	9	0.82819
85	9	0.8168
87	9	0.75076
93	9	0.78619
96	9	0.82009
97	9	0.75566
99	9	0.73414
101	9	0.73775
105	9	0.75806
107	9	0.75954
111	9	0.76536
112	9	0.76582
113	9	0.74218
128	9	0.77534
130	9	0.72603
134	9	0.78359
141	9	0.75228
148	9	0.74359
8	10	0.45302
12	10	0.46669
13	10	0.40988
14	10	0.44855
17	10	0.49592
20	10	0.44362
22	10	0.4244
32	10	0.45168
36	10	0.42263
45	10	0.41322
53	10	0.40162
57	10	0.61939
58	10	0.41896
59	10	0.38472
60	10	0.39959
63	10	0.39894
64	10	0.39038
73	10	0.55024
75	10	0.39592
76	10	0.39338
78	10	0.41151
79	10	0.44003
80	10	0.40113
82	10	0.39849
85	10	0.40341
87	10	0.4258
89	10	0.3879
90	10	0.40555
91	10	0.41835
92	10	0.39338
94	10	0.41013
96	10	0.40559
97	10	0.38485
98	10	0.41334
100	10	0.43493
101	10	0.39945
103	10	0.4058
107	10	0.42228
108	10	0.41667
114	10	0.39967
116	10	0.39723
119	10	0.38495
121	10	0.43009
132	10	0.42065
137	10	0.40536
138	10	0.40971
141	10	0.4321
142	10	0.38587
143	10	0.48231
145	10	0.39355
2	11	0.80296
3	11	0.58243
8	11	0.75376
14	11	0.75117
15	11	0.7497
19	11	0.74289
24	11	0.74638
27	11	0.79908
28	11	0.79895
31	11	0.77266
34	11	0.80367
38	11	0.79398
39	11	0.78632
42	11	0.8144
43	11	0.79688
44	11	0.78857
45	11	0.80636
48	11	0.87824
50	11	0.64228
52	11	0.83249
58	11	0.80403
61	11	0.77348
62	11	0.77438
70	11	0.77048
71	11	0.85539
72	11	0.80392
74	11	0.74034
83	11	0.76416
87	11	0.76746
89	11	0.78213
90	11	0.76183
92	11	0.82326
94	11	0.79518
99	11	0.74755
104	11	0.79914
106	11	0.79141
107	11	0.75134
110	11	0.84353
112	11	0.84516
113	11	0.82928
114	11	0.82598
116	11	0.83528
123	11	0.7703
124	11	0.8465
125	11	0.76747
127	11	0.75395
129	11	0.78329
132	11	0.78011
136	11	0.75201
139	11	0.78441
145	11	0.75832
149	11	0.72353
150	11	0.87126
6	12	0.89167
7	12	0.9264
9	12	0.72992
10	12	0.46669
13	12	0.90262
14	12	0.91216
16	12	0.82523
17	12	0.79973
18	12	0.92033
20	12	0.97817
22	12	0.90131
25	12	0.93621
26	12	0.91311
29	12	0.81881
31	12	0.90676
32	12	0.926
35	12	0.8414
36	12	0.92921
37	12	0.91887
40	12	0.89055
53	12	0.88893
55	12	0.93451
57	12	0.7276
59	12	0.89444
60	12	0.93033
64	12	0.9257
66	12	0.8973
67	12	0.89207
73	12	0.88032
76	12	0.8971
77	12	0.8992
78	12	0.9063
79	12	0.93533
80	12	0.88686
81	12	0.89975
82	12	0.92289
84	12	0.91115
85	12	0.94507
87	12	0.90388
88	12	0.89851
91	12	0.905
95	12	0.89239
96	12	0.90379
97	12	0.93716
98	12	0.9155
100	12	0.9279
101	12	0.93062
102	12	0.91726
103	12	0.8838
105	12	0.36251
108	12	0.94387
111	12	0.83808
114	12	0.89801
121	12	0.9184
123	12	0.88965
130	12	0.89469
132	12	0.91381
133	12	0.84933
134	12	0.88953
135	12	0.86553
138	12	0.93788
141	12	0.93999
143	12	0.80087
144	12	0.88648
146	12	0.92097
148	12	0.91739
4	13	0.89346
5	13	0.87944
6	13	0.93738
7	13	0.94066
9	13	0.74692
10	13	0.40988
12	13	0.90262
15	13	0.86322
16	13	0.83942
18	13	0.92531
19	13	0.86899
20	13	0.93747
21	13	0.83472
22	13	0.87412
23	13	0.92555
24	13	0.84649
25	13	0.9438
26	13	0.94286
27	13	0.9135
29	13	0.85168
31	13	0.92679
32	13	0.92282
33	13	0.94166
35	13	0.86073
36	13	0.94545
37	13	0.91491
38	13	0.87903
39	13	0.92221
40	13	0.93893
41	13	0.90064
46	13	0.8714
47	13	0.92224
49	13	0.87134
51	13	0.92748
53	13	0.9405
54	13	0.96644
55	13	0.92618
56	13	0.78344
57	13	0.72307
60	13	0.89642
62	13	0.90631
63	13	0.93481
64	13	0.93937
69	13	0.89628
73	13	0.76178
74	13	0.90218
75	13	0.91393
76	13	0.93461
77	13	0.90019
78	13	0.8909
79	13	0.93716
80	13	0.9189
81	13	0.89611
82	13	0.92889
85	13	0.92243
88	13	0.9249
93	13	0.84788
95	13	0.97927
96	13	0.92818
97	13	0.96177
100	13	0.85221
103	13	0.9385
107	13	0.93744
108	13	0.91252
121	13	0.89917
123	13	0.89998
127	13	0.90548
130	13	0.89856
133	13	0.81085
141	13	0.90073
143	13	0.83928
144	13	0.80845
146	13	0.8935
148	13	0.90301
2	14	0.88609
4	14	0.83633
10	14	0.44855
11	14	0.75117
12	14	0.91216
20	14	0.90211
23	14	0.90786
24	14	0.87249
25	14	0.94633
27	14	0.91042
36	14	0.88847
39	14	0.92605
43	14	0.91501
44	14	0.91775
46	14	0.89611
48	14	0.91968
49	14	0.84742
50	14	0.61695
51	14	0.91992
54	14	0.9194
55	14	0.94152
57	14	0.82416
58	14	0.95718
59	14	0.96551
61	14	0.92646
62	14	0.90916
64	14	0.9461
65	14	0.95819
66	14	0.93609
67	14	0.95862
68	14	0.94072
69	14	0.9148
70	14	0.9661
71	14	0.90297
72	14	0.93088
73	14	0.80529
74	14	0.92731
75	14	0.92444
77	14	0.96093
79	14	0.92669
80	14	0.88663
81	14	0.8647
83	14	0.91863
85	14	0.91839
87	14	0.94582
88	14	0.93787
90	14	0.94674
91	14	0.91132
92	14	0.94085
94	14	0.91449
95	14	0.91134
96	14	0.90057
99	14	0.90565
101	14	0.87107
102	14	0.87082
108	14	0.94993
109	14	0.93954
110	14	0.92964
111	14	0.9012
112	14	0.91973
114	14	0.9282
116	14	0.92576
117	14	0.93804
118	14	0.92199
119	14	0.95074
121	14	0.95569
122	14	0.91649
123	14	0.94376
124	14	0.87124
125	14	0.96961
126	14	0.91578
127	14	0.91902
128	14	0.88627
130	14	0.94582
131	14	0.96015
132	14	0.94297
134	14	0.91771
136	14	0.92592
138	14	0.93288
139	14	0.92001
141	14	0.95604
146	14	0.9017
147	14	0.94274
148	14	0.93158
149	14	0.64347
150	14	0.90417
2	15	0.94651
3	15	0.44123
5	15	0.87553
7	15	0.86268
8	15	0.72039
9	15	0.74306
11	15	0.7497
13	15	0.86322
19	15	0.91994
20	15	0.87926
21	15	0.85745
23	15	0.94283
24	15	0.88212
25	15	0.91871
27	15	0.95658
28	15	0.90918
31	15	0.94581
33	15	0.9433
34	15	0.91137
35	15	0.77743
36	15	0.88563
38	15	0.89656
39	15	0.92619
40	15	0.90022
41	15	0.88494
42	15	0.87645
45	15	0.85083
48	15	0.91346
50	15	0.62183
52	15	0.83986
54	15	0.89918
55	15	0.87442
56	15	0.7765
58	15	0.85761
62	15	0.91458
70	15	0.85389
73	15	0.80371
74	15	0.91513
75	15	0.88812
79	15	0.87585
80	15	0.85561
85	15	0.8809
87	15	0.84918
92	15	0.86091
93	15	0.79497
95	15	0.88725
96	15	0.87419
97	15	0.85719
99	15	0.8794
104	15	0.85914
106	15	0.86734
107	15	0.89458
113	15	0.85376
114	15	0.86673
116	15	0.88607
120	15	0.85737
123	15	0.86966
139	15	0.85196
148	15	0.85404
150	15	0.86
4	16	0.86486
5	16	0.81118
6	16	0.79269
7	16	0.88671
9	16	0.79561
12	16	0.82523
13	16	0.83942
17	16	0.74355
18	16	0.88505
20	16	0.8238
22	16	0.85891
25	16	0.74859
26	16	0.8739
29	16	0.86782
32	16	0.84477
33	16	0.77983
35	16	0.94207
36	16	0.82487
37	16	0.86803
40	16	0.80356
46	16	0.75752
47	16	0.83295
51	16	0.76595
53	16	0.84127
56	16	0.76982
60	16	0.77436
63	16	0.74935
64	16	0.74789
76	16	0.7532
77	16	0.74779
78	16	0.79798
79	16	0.75733
80	16	0.76303
81	16	0.78624
82	16	0.76803
84	16	0.7735
85	16	0.84481
93	16	0.80391
95	16	0.79001
96	16	0.81775
97	16	0.85623
98	16	0.75503
101	16	0.77864
103	16	0.86691
105	16	0.54332
133	16	0.78777
141	16	0.74971
143	16	0.83218
144	16	0.87328
146	16	0.82837
148	16	0.7929
7	17	0.74322
10	17	0.49592
12	17	0.79973
16	17	0.74355
18	17	0.73452
20	17	0.76977
22	17	0.75477
26	17	0.69836
29	17	0.66504
30	17	0.68914
32	17	0.76582
36	17	0.65722
37	17	0.70153
53	17	0.69512
55	17	0.65493
59	17	0.64392
60	17	0.69611
64	17	0.68101
66	17	0.65059
68	17	0.68028
73	17	0.67245
76	17	0.68077
78	17	0.76338
79	17	0.65421
81	17	0.6716
82	17	0.7557
85	17	0.68312
86	17	0.78606
91	17	0.75294
97	17	0.71528
98	17	0.72111
100	17	0.70418
101	17	0.72962
102	17	0.75103
103	17	0.68981
108	17	0.70742
109	17	0.6771
118	17	0.69278
120	17	0.65466
121	17	0.66835
133	17	0.85201
135	17	0.75114
137	17	0.70921
138	17	0.74328
141	17	0.66421
142	17	0.64891
143	17	0.78111
144	17	0.82913
146	17	0.78352
147	17	0.64487
148	17	0.64887
4	18	0.83104
5	18	0.93585
6	18	0.90336
7	18	0.93966
12	18	0.92033
13	18	0.92531
16	18	0.88505
17	18	0.73452
20	18	0.93035
22	18	0.86338
23	18	0.89028
25	18	0.89456
26	18	0.96436
27	18	0.86063
29	18	0.87332
31	18	0.87613
32	18	0.89176
33	18	0.90424
35	18	0.9062
36	18	0.89692
37	18	0.90006
39	18	0.87971
40	18	0.89154
41	18	0.90733
47	18	0.9175
49	18	0.85355
51	18	0.87746
53	18	0.89016
54	18	0.88431
55	18	0.88582
56	18	0.78936
60	18	0.87399
64	18	0.89932
69	18	0.88706
76	18	0.9053
77	18	0.88351
78	18	0.8831
79	18	0.89215
80	18	0.87996
81	18	0.90337
82	18	0.89193
84	18	0.87963
85	18	0.92657
88	18	0.88481
93	18	0.81515
95	18	0.92809
96	18	0.90263
97	18	0.948
100	18	0.84289
101	18	0.88811
102	18	0.87345
103	18	0.93366
108	18	0.87855
133	18	0.83329
141	18	0.86335
143	18	0.83358
144	18	0.84943
146	18	0.89881
148	18	0.92564
2	19	0.86399
3	19	0.50668
4	19	0.83214
5	19	0.83935
6	19	0.8289
8	19	0.76498
9	19	0.8336
11	19	0.74289
13	19	0.86899
15	19	0.91994
21	19	0.95116
23	19	0.8814
24	19	0.90133
25	19	0.89556
27	19	0.92428
28	19	0.93384
29	19	0.76332
31	19	0.92283
33	19	0.93748
34	19	0.84826
35	19	0.80138
36	19	0.89878
37	19	0.84252
38	19	0.95766
39	19	0.86007
40	19	0.92082
41	19	0.83213
42	19	0.91153
45	19	0.83946
46	19	0.91034
47	19	0.84148
48	19	0.9236
50	19	0.66573
54	19	0.87414
55	19	0.83301
56	19	0.85067
57	19	0.7242
58	19	0.83711
61	19	0.84425
62	19	0.91398
74	19	0.92363
75	19	0.84624
79	19	0.85628
80	19	0.89808
84	19	0.83332
85	19	0.83818
87	19	0.86916
92	19	0.86864
93	19	0.89156
95	19	0.85998
96	19	0.91329
104	19	0.88139
105	19	0.39418
107	19	0.89518
116	19	0.84002
127	19	0.83633
141	19	0.8383
150	19	0.8821
2	20	0.89559
3	20	0.44494
4	20	0.82803
5	20	0.84497
6	20	0.92024
7	20	0.95052
8	20	0.63668
10	20	0.44362
12	20	0.97817
13	20	0.93747
14	20	0.90211
15	20	0.87926
16	20	0.8238
17	20	0.76977
18	20	0.93035
22	20	0.9145
23	20	0.89533
25	20	0.95507
26	20	0.91518
27	20	0.92225
29	20	0.85186
31	20	0.93958
32	20	0.94039
33	20	0.89547
35	20	0.84467
36	20	0.96325
37	20	0.93415
39	20	0.9131
40	20	0.9077
45	20	0.89922
51	20	0.89616
53	20	0.93295
54	20	0.91976
55	20	0.95163
59	20	0.8993
60	20	0.90335
64	20	0.93081
73	20	0.88893
75	20	0.92238
76	20	0.91642
78	20	0.89357
79	20	0.94812
81	20	0.88222
82	20	0.94848
84	20	0.89134
85	20	0.94875
86	20	0.88285
87	20	0.91472
88	20	0.90472
91	20	0.91145
95	20	0.92124
96	20	0.8971
97	20	0.94454
98	20	0.89485
100	20	0.90798
101	20	0.88464
102	20	0.88483
103	20	0.90062
108	20	0.94717
114	20	0.90245
120	20	0.86763
121	20	0.93137
123	20	0.90926
132	20	0.91676
133	20	0.85595
135	20	0.88524
138	20	0.9423
141	20	0.92676
143	20	0.82102
144	20	0.85249
146	20	0.90249
148	20	0.89593
4	21	0.78031
5	21	0.85097
8	21	0.68948
9	21	0.74456
13	21	0.83472
15	21	0.85745
19	21	0.95116
23	21	0.85298
24	21	0.88275
25	21	0.82012
26	21	0.77687
27	21	0.85764
28	21	0.86951
29	21	0.76296
31	21	0.83172
33	21	0.92466
34	21	0.78567
36	21	0.82533
37	21	0.76757
38	21	0.9505
39	21	0.80485
40	21	0.86581
41	21	0.80717
42	21	0.85499
46	21	0.85767
47	21	0.87084
48	21	0.86405
49	21	0.78628
50	21	0.7092
54	21	0.84214
56	21	0.89615
58	21	0.762
61	21	0.80931
62	21	0.88833
63	21	0.76289
70	21	0.76192
74	21	0.89843
79	21	0.78071
80	21	0.87899
87	21	0.7624
92	21	0.81091
93	21	0.91427
95	21	0.84393
96	21	0.88241
103	21	0.80265
104	21	0.87728
107	21	0.83322
113	21	0.76592
116	21	0.77707
127	21	0.81203
128	21	0.77617
148	21	0.79229
150	21	0.8312
3	22	0.41271
6	22	0.90754
7	22	0.89829
10	22	0.4244
12	22	0.90131
13	22	0.87412
16	22	0.85891
17	22	0.75477
18	22	0.86338
20	22	0.9145
25	22	0.8601
26	22	0.90189
29	22	0.84626
31	22	0.85287
32	22	0.95388
35	22	0.7812
36	22	0.91343
37	22	0.87704
40	22	0.85493
51	22	0.90727
53	22	0.92307
55	22	0.88402
59	22	0.86977
60	22	0.87529
64	22	0.87876
65	22	0.85474
66	22	0.88387
67	22	0.852
68	22	0.85363
73	22	0.7653
75	22	0.85744
76	22	0.87285
78	22	0.88972
79	22	0.88037
82	22	0.90546
85	22	0.90733
86	22	0.91156
87	22	0.87014
88	22	0.88617
91	22	0.9194
97	22	0.87944
98	22	0.90971
103	22	0.86123
105	22	0.3917
108	22	0.90718
109	22	0.88002
118	22	0.8781
119	22	0.86994
121	22	0.88184
123	22	0.86311
130	22	0.88306
132	22	0.85683
133	22	0.9009
135	22	0.85309
137	22	0.89008
138	22	0.8918
143	22	0.84007
144	22	0.84801
146	22	0.91219
2	23	0.92282
5	23	0.87166
7	23	0.87626
8	23	0.59637
13	23	0.92555
14	23	0.90786
15	23	0.94283
18	23	0.89028
19	23	0.8814
20	23	0.89533
21	23	0.85298
24	23	0.89151
25	23	0.95052
26	23	0.88092
27	23	0.94342
28	23	0.86309
31	23	0.93864
33	23	0.95624
34	23	0.83354
36	23	0.89536
37	23	0.85573
38	23	0.90587
39	23	0.94415
40	23	0.92645
41	23	0.91903
46	23	0.88531
47	23	0.87685
48	23	0.89792
49	23	0.85863
50	23	0.6687
52	23	0.71404
54	23	0.95671
55	23	0.92434
56	23	0.76342
57	23	0.763
58	23	0.89559
61	23	0.90702
62	23	0.94674
64	23	0.92834
65	23	0.89872
69	23	0.91435
70	23	0.91501
73	23	0.79012
74	23	0.93829
75	23	0.92577
76	23	0.89538
77	23	0.88703
79	23	0.92086
80	23	0.91495
81	23	0.90544
82	23	0.89
88	23	0.91061
90	23	0.8918
92	23	0.89831
93	23	0.80422
95	23	0.95448
96	23	0.92262
97	23	0.90615
99	23	0.90845
103	23	0.86018
104	23	0.87993
106	23	0.8803
107	23	0.93313
108	23	0.89212
116	23	0.89357
120	23	0.88933
121	23	0.89597
123	23	0.90372
127	23	0.88843
134	23	0.87119
141	23	0.89411
148	23	0.91484
4	24	0.84544
5	24	0.89051
9	24	0.83078
11	24	0.74638
13	24	0.84649
14	24	0.87249
15	24	0.88212
19	24	0.90133
21	24	0.88275
23	24	0.89151
25	24	0.89656
27	24	0.90739
28	24	0.94387
31	24	0.88513
33	24	0.90705
35	24	0.79252
38	24	0.91239
39	24	0.88403
40	24	0.8885
41	24	0.91342
42	24	0.84505
43	24	0.84721
46	24	0.94615
47	24	0.84369
48	24	0.92281
49	24	0.85513
50	24	0.74692
52	24	0.70822
54	24	0.88558
56	24	0.84515
57	24	0.77241
58	24	0.85394
61	24	0.85707
62	24	0.90839
70	24	0.84697
74	24	0.92669
77	24	0.85878
80	24	0.92397
84	24	0.88852
85	24	0.8543
92	24	0.86772
93	24	0.82162
95	24	0.86679
96	24	0.93001
99	24	0.91586
101	24	0.85739
104	24	0.91492
105	24	0.47391
107	24	0.8587
111	24	0.91694
112	24	0.88104
113	24	0.91755
116	24	0.88405
128	24	0.92606
134	24	0.9356
141	24	0.88812
148	24	0.90347
150	24	0.89077
2	25	0.94649
3	25	0.43055
4	25	0.84235
5	25	0.85486
6	25	0.94043
7	25	0.91965
8	25	0.63715
9	25	0.75466
12	25	0.93621
13	25	0.9438
14	25	0.94633
15	25	0.91871
16	25	0.74859
18	25	0.89456
19	25	0.89556
20	25	0.95507
21	25	0.82012
22	25	0.8601
23	25	0.95052
24	25	0.89656
26	25	0.90763
27	25	0.97326
28	25	0.90675
29	25	0.78937
31	25	0.98313
32	25	0.90896
33	25	0.93732
34	25	0.85273
35	25	0.80644
36	25	0.95506
37	25	0.90589
38	25	0.91484
39	25	0.96489
40	25	0.93713
41	25	0.93164
42	25	0.94232
43	25	0.8963
45	25	0.95211
46	25	0.90447
47	25	0.84086
48	25	0.93741
50	25	0.60252
51	25	0.93268
52	25	0.72224
53	25	0.90858
54	25	0.97052
55	25	0.97671
56	25	0.71932
57	25	0.72538
58	25	0.93955
59	25	0.93442
60	25	0.91319
61	25	0.92014
62	25	0.94456
63	25	0.90755
64	25	0.94948
65	25	0.94643
67	25	0.93166
68	25	0.91802
69	25	0.91535
70	25	0.95127
73	25	0.82818
74	25	0.95797
75	25	0.96624
76	25	0.92494
77	25	0.92773
78	25	0.85957
79	25	0.97246
80	25	0.92689
81	25	0.9061
82	25	0.93354
84	25	0.92834
85	25	0.93671
87	25	0.96755
88	25	0.95195
90	25	0.93227
92	25	0.94472
93	25	0.77498
94	25	0.91099
95	25	0.94929
96	25	0.93702
97	25	0.94202
99	25	0.90939
100	25	0.90186
101	25	0.89117
102	25	0.88119
103	25	0.8704
104	25	0.86149
105	25	0.34075
106	25	0.88539
107	25	0.94971
108	25	0.95654
110	25	0.92007
111	25	0.87482
113	25	0.91355
114	25	0.9468
116	25	0.94394
118	25	0.92022
120	25	0.87814
121	25	0.95787
123	25	0.95595
126	25	0.88095
127	25	0.90929
128	25	0.84141
130	25	0.93479
132	25	0.94739
134	25	0.91483
135	25	0.87143
138	25	0.93407
139	25	0.93555
141	25	0.96137
144	25	0.77622
148	25	0.93677
150	25	0.89328
4	26	0.83654
5	26	0.88456
6	26	0.9211
7	26	0.91173
12	26	0.91311
13	26	0.94286
16	26	0.8739
17	26	0.69836
18	26	0.96436
20	26	0.91518
21	26	0.77687
22	26	0.90189
23	26	0.88092
25	26	0.90763
29	26	0.87128
32	26	0.91823
33	26	0.89289
35	26	0.87038
36	26	0.91835
37	26	0.90613
40	26	0.9175
41	26	0.88736
46	26	0.86185
47	26	0.90942
49	26	0.84106
51	26	0.92705
53	26	0.92291
54	26	0.89718
55	26	0.90717
56	26	0.76064
60	26	0.91735
63	26	0.89119
64	26	0.93332
69	26	0.90168
74	26	0.88227
76	26	0.93541
77	26	0.90642
78	26	0.92708
79	26	0.91408
80	26	0.90566
81	26	0.91181
82	26	0.91017
84	26	0.88387
85	26	0.90947
88	26	0.91911
93	26	0.81997
95	26	0.93607
96	26	0.91939
97	26	0.94236
98	26	0.88231
100	26	0.87765
101	26	0.89227
102	26	0.87755
103	26	0.9419
107	26	0.88144
108	26	0.91343
109	26	0.89675
130	26	0.88592
133	26	0.84982
141	26	0.88534
143	26	0.83788
144	26	0.85954
146	26	0.93336
148	26	0.92547
2	27	0.95984
3	27	0.49857
5	27	0.86796
6	27	0.92426
7	27	0.89123
8	27	0.71142
9	27	0.75914
11	27	0.79908
13	27	0.9135
14	27	0.91042
15	27	0.95658
18	27	0.86063
19	27	0.92428
20	27	0.92225
21	27	0.85764
23	27	0.94342
24	27	0.90739
25	27	0.97326
28	27	0.92575
29	27	0.76272
31	27	0.97878
33	27	0.93941
34	27	0.91192
35	27	0.77825
36	27	0.9318
37	27	0.86136
38	27	0.94192
39	27	0.97609
40	27	0.90861
41	27	0.92566
42	27	0.94424
43	27	0.90007
45	27	0.93093
46	27	0.86854
47	27	0.84117
48	27	0.9555
49	27	0.84448
50	27	0.6205
52	27	0.8118
54	27	0.95624
55	27	0.93121
56	27	0.73701
58	27	0.9172
62	27	0.95083
70	27	0.92963
72	27	0.92275
73	27	0.82304
74	27	0.9446
75	27	0.93633
79	27	0.92067
80	27	0.8902
84	27	0.89421
85	27	0.91908
87	27	0.93691
92	27	0.93396
93	27	0.78089
95	27	0.93077
96	27	0.89704
99	27	0.89327
104	27	0.87897
106	27	0.90182
107	27	0.92925
108	27	0.90691
110	27	0.9073
112	27	0.91585
113	27	0.91274
114	27	0.93463
116	27	0.94035
120	27	0.87737
121	27	0.91072
123	27	0.93777
125	27	0.90721
132	27	0.91917
139	27	0.9283
141	27	0.91945
148	27	0.90676
150	27	0.91518
2	28	0.88256
3	28	0.39652
4	28	0.83613
5	28	0.8835
6	28	0.8708
8	28	0.6409
9	28	0.90555
11	28	0.79895
15	28	0.90918
19	28	0.93384
21	28	0.86951
23	28	0.86309
24	28	0.94387
25	28	0.90675
27	28	0.92575
31	28	0.93039
33	28	0.90839
34	28	0.89709
35	28	0.81697
38	28	0.91517
39	28	0.89288
40	28	0.91348
41	28	0.89311
42	28	0.90946
45	28	0.88423
46	28	0.93486
48	28	0.94161
50	28	0.65781
52	28	0.76858
54	28	0.87216
56	28	0.83484
57	28	0.73647
58	28	0.87813
62	28	0.91059
67	28	0.86334
70	28	0.86359
74	28	0.92552
77	28	0.87069
80	28	0.90372
84	28	0.93197
85	28	0.90957
87	28	0.88618
92	28	0.89821
93	28	0.83795
96	28	0.9124
99	28	0.90604
104	28	0.90789
105	28	0.52716
107	28	0.90423
110	28	0.88006
111	28	0.87533
112	28	0.9089
113	28	0.92425
114	28	0.87574
116	28	0.90931
123	28	0.86379
128	28	0.87746
134	28	0.89498
141	28	0.88175
148	28	0.89102
150	28	0.90193
3	29	0.38719
4	29	0.78666
5	29	0.81858
6	29	0.80182
7	29	0.84716
8	29	0.5917
12	29	0.81881
13	29	0.85168
16	29	0.86782
17	29	0.66504
18	29	0.87332
19	29	0.76332
20	29	0.85186
21	29	0.76296
22	29	0.84626
25	29	0.78937
26	29	0.87128
27	29	0.76272
31	29	0.79225
32	29	0.84287
33	29	0.84458
35	29	0.85927
36	29	0.88395
37	29	0.9008
40	29	0.82673
47	29	0.82867
51	29	0.78042
53	29	0.88267
54	29	0.76934
55	29	0.76527
56	29	0.76933
63	29	0.76662
74	29	0.77607
75	29	0.75931
76	29	0.78784
78	29	0.79189
79	29	0.82627
80	29	0.78859
81	29	0.77043
82	29	0.80597
85	29	0.81928
93	29	0.79974
95	29	0.82356
96	29	0.82232
97	29	0.84152
100	29	0.77689
103	29	0.88189
107	29	0.75796
108	29	0.76807
143	29	0.83185
144	29	0.79544
146	29	0.78622
148	29	0.78019
2	30	0.90757
6	30	0.95033
17	30	0.68914
32	30	0.90968
34	30	0.82804
39	30	0.93115
44	30	0.91972
45	30	0.91259
51	30	0.92049
52	30	0.76354
55	30	0.93418
59	30	0.95773
65	30	0.93465
66	30	0.92564
67	30	0.92678
68	30	0.94981
69	30	0.93144
70	30	0.93693
71	30	0.93241
72	30	0.95616
73	30	0.78879
75	30	0.94086
76	30	0.91268
82	30	0.9133
85	30	0.91302
86	30	0.94702
88	30	0.93838
91	30	0.94773
94	30	0.92008
97	30	0.90833
98	30	0.93976
102	30	0.90787
106	30	0.89649
108	30	0.93957
109	30	0.93497
110	30	0.92849
114	30	0.95405
115	30	0.93098
118	30	0.94085
119	30	0.94185
120	30	0.93885
121	30	0.94826
122	30	0.92903
123	30	0.9675
124	30	0.86781
125	30	0.92861
129	30	0.94944
130	30	0.9432
131	30	0.93935
132	30	0.93308
133	30	0.82578
135	30	0.91516
136	30	0.90736
137	30	0.93349
138	30	0.95538
139	30	0.93881
140	30	0.88946
142	30	0.95204
147	30	0.91919
149	30	0.7356
2	31	0.96782
3	31	0.48622
4	31	0.83178
5	31	0.84682
6	31	0.93527
7	31	0.9174
8	31	0.68848
9	31	0.7954
11	31	0.77266
12	31	0.90676
13	31	0.92679
15	31	0.94581
18	31	0.87613
19	31	0.92283
20	31	0.93958
21	31	0.83172
22	31	0.85287
23	31	0.93864
24	31	0.88513
25	31	0.98313
27	31	0.97878
28	31	0.93039
29	31	0.79225
33	31	0.9388
34	31	0.89117
35	31	0.8047
36	31	0.9434
37	31	0.90279
38	31	0.91779
39	31	0.95832
40	31	0.94449
41	31	0.91089
42	31	0.95274
45	31	0.95039
46	31	0.89281
48	31	0.93976
50	31	0.59612
51	31	0.9118
52	31	0.76165
53	31	0.91027
54	31	0.95013
55	31	0.9616
56	31	0.73564
57	31	0.71418
58	31	0.92196
59	31	0.91141
60	31	0.89058
62	31	0.9331
65	31	0.92648
70	31	0.92963
72	31	0.92944
73	31	0.81695
74	31	0.93622
75	31	0.96335
79	31	0.95191
80	31	0.90266
81	31	0.85391
82	31	0.90866
84	31	0.92805
85	31	0.9347
87	31	0.9564
88	31	0.93362
92	31	0.93063
93	31	0.77871
95	31	0.92437
96	31	0.91758
97	31	0.92957
99	31	0.90441
100	31	0.87764
101	31	0.87037
104	31	0.85674
105	31	0.39461
106	31	0.87739
107	31	0.95278
108	31	0.92516
112	31	0.91219
113	31	0.90853
114	31	0.94104
116	31	0.92987
120	31	0.87156
121	31	0.93569
123	31	0.95106
130	31	0.91629
132	31	0.92954
134	31	0.87644
139	31	0.91424
141	31	0.939
148	31	0.9094
150	31	0.88892
3	32	0.41033
4	32	0.85558
6	32	0.95575
7	32	0.93635
10	32	0.45168
12	32	0.926
13	32	0.92282
16	32	0.84477
17	32	0.76582
18	32	0.89176
20	32	0.94039
22	32	0.95388
25	32	0.90896
26	32	0.91823
29	32	0.84287
30	32	0.90968
35	32	0.81415
36	32	0.93411
37	32	0.89623
51	32	0.94785
53	32	0.95471
55	32	0.93629
59	32	0.92573
60	32	0.90921
63	32	0.9084
64	32	0.92117
65	32	0.91914
66	32	0.9352
67	32	0.90644
68	32	0.90932
73	32	0.77422
75	32	0.92357
76	32	0.93964
77	32	0.90853
78	32	0.91985
79	32	0.93913
82	32	0.95745
85	32	0.93349
86	32	0.95634
87	32	0.91099
88	32	0.93402
91	32	0.96607
95	32	0.90689
97	32	0.9453
98	32	0.94743
100	32	0.85951
103	32	0.90336
108	32	0.94795
109	32	0.93463
115	32	0.91815
118	32	0.94377
119	32	0.92508
121	32	0.93565
123	32	0.9269
130	32	0.92777
132	32	0.90428
133	32	0.92119
135	32	0.91315
137	32	0.94624
138	32	0.93662
142	32	0.90691
143	32	0.86762
144	32	0.86426
146	32	0.95179
2	33	0.88826
4	33	0.83783
5	33	0.92182
6	33	0.87113
7	33	0.90373
8	33	0.67077
9	33	0.78431
13	33	0.94166
15	33	0.9433
16	33	0.77983
18	33	0.90424
19	33	0.93748
20	33	0.89547
21	33	0.92466
23	33	0.95624
24	33	0.90705
25	33	0.93732
26	33	0.89289
27	33	0.93941
28	33	0.90839
29	33	0.84458
31	33	0.9388
34	33	0.86023
35	33	0.86889
36	33	0.92764
37	33	0.91739
38	33	0.93279
39	33	0.91492
40	33	0.94924
41	33	0.92475
42	33	0.89631
46	33	0.89954
47	33	0.9185
48	33	0.89914
49	33	0.85344
50	33	0.65472
52	33	0.69556
54	33	0.94098
55	33	0.87863
56	33	0.87874
57	33	0.72918
62	33	0.94397
73	33	0.75648
74	33	0.94494
75	33	0.88911
79	33	0.92125
80	33	0.94753
81	33	0.90431
84	33	0.88424
85	33	0.89145
88	33	0.87339
93	33	0.8974
95	33	0.94775
96	33	0.95633
97	33	0.91479
103	33	0.90524
104	33	0.88592
107	33	0.92891
116	33	0.87367
141	33	0.88168
143	33	0.7313
148	33	0.91292
2	34	0.91845
3	34	0.40667
5	34	0.82893
6	34	0.84224
8	34	0.67961
11	34	0.80367
15	34	0.91137
19	34	0.84826
21	34	0.78567
23	34	0.83354
25	34	0.85273
27	34	0.91192
28	34	0.89709
30	34	0.82804
31	34	0.89117
33	34	0.86023
36	34	0.81524
38	34	0.85115
39	34	0.89835
40	34	0.82016
41	34	0.87112
42	34	0.88583
44	34	0.84209
45	34	0.86337
48	34	0.88314
52	34	0.90195
54	34	0.85002
58	34	0.83413
62	34	0.86903
63	34	0.82083
69	34	0.81679
70	34	0.81552
71	34	0.85838
72	34	0.84803
74	34	0.85904
75	34	0.83483
84	34	0.86212
85	34	0.86152
92	34	0.85424
94	34	0.8342
95	34	0.81626
97	34	0.81918
99	34	0.85507
104	34	0.84694
106	34	0.89488
107	34	0.86567
110	34	0.86042
112	34	0.84738
113	34	0.86597
114	34	0.8874
116	34	0.90617
120	34	0.84721
123	34	0.85821
150	34	0.84712
4	35	0.846
5	35	0.87987
6	35	0.79241
7	35	0.90829
9	35	0.83206
12	35	0.8414
13	35	0.86073
15	35	0.77743
16	35	0.94207
18	35	0.9062
19	35	0.80138
20	35	0.84467
22	35	0.7812
24	35	0.79252
25	35	0.80644
26	35	0.87038
27	35	0.77825
28	35	0.81697
29	35	0.85927
31	35	0.8047
32	35	0.81415
33	35	0.86889
36	35	0.86171
37	35	0.90951
40	35	0.85053
41	35	0.82899
46	35	0.82735
47	35	0.87682
53	35	0.8303
54	35	0.77486
56	35	0.86528
60	35	0.77543
74	35	0.77374
79	35	0.80711
80	35	0.84321
81	35	0.83066
84	35	0.83656
85	35	0.8693
93	35	0.8643
95	35	0.82487
96	35	0.88171
97	35	0.87956
101	35	0.79905
103	35	0.8874
105	35	0.50122
107	35	0.78358
134	35	0.7906
141	35	0.77311
143	35	0.77062
144	35	0.83423
146	35	0.77521
148	35	0.82224
3	36	0.51485
4	36	0.84808
5	36	0.84051
6	36	0.91827
7	36	0.93171
8	36	0.7098
9	36	0.76002
10	36	0.42263
12	36	0.92921
13	36	0.94545
14	36	0.88847
15	36	0.88563
16	36	0.82487
17	36	0.65722
18	36	0.89692
19	36	0.89878
20	36	0.96325
21	36	0.82533
22	36	0.91343
23	36	0.89536
25	36	0.95506
26	36	0.91835
27	36	0.9318
29	36	0.88395
31	36	0.9434
32	36	0.93411
33	36	0.92764
34	36	0.81524
35	36	0.86171
37	36	0.95085
38	36	0.87356
39	36	0.89464
40	36	0.93006
42	36	0.89788
45	36	0.89706
46	36	0.86359
47	36	0.85536
51	36	0.91049
53	36	0.93943
54	36	0.91636
55	36	0.93372
56	36	0.73079
62	36	0.88434
64	36	0.90653
73	36	0.83675
74	36	0.92461
75	36	0.92409
76	36	0.90694
78	36	0.87335
79	36	0.95789
80	36	0.89985
81	36	0.86986
82	36	0.9166
85	36	0.93007
87	36	0.93172
88	36	0.8957
91	36	0.88362
93	36	0.81166
95	36	0.92567
96	36	0.92595
97	36	0.91947
100	36	0.87388
103	36	0.92453
107	36	0.90639
108	36	0.92074
121	36	0.90471
123	36	0.90007
132	36	0.89208
133	36	0.79912
138	36	0.88776
141	36	0.90762
143	36	0.81987
144	36	0.80478
3	37	0.41074
4	37	0.82621
6	37	0.84629
7	37	0.938
8	37	0.62447
9	37	0.77075
12	37	0.91887
13	37	0.91491
16	37	0.86803
17	37	0.70153
18	37	0.90006
19	37	0.84252
20	37	0.93415
21	37	0.76757
22	37	0.87704
23	37	0.85573
25	37	0.90589
26	37	0.90613
27	37	0.86136
29	37	0.9008
31	37	0.90279
32	37	0.89623
33	37	0.91739
35	37	0.90951
36	37	0.95085
40	37	0.92575
41	37	0.84076
47	37	0.82395
53	37	0.92576
54	37	0.86116
55	37	0.8828
56	37	0.75175
60	37	0.86291
64	37	0.86193
73	37	0.78363
74	37	0.85784
75	37	0.86915
76	37	0.8803
78	37	0.88349
79	37	0.93186
80	37	0.89784
81	37	0.90386
82	37	0.896
84	37	0.86551
85	37	0.88231
87	37	0.85836
88	37	0.85877
93	37	0.78351
95	37	0.88005
96	37	0.91741
97	37	0.91475
100	37	0.9049
103	37	0.90871
105	37	0.35621
107	37	0.86657
108	37	0.87
121	37	0.84374
141	37	0.88445
143	37	0.82548
144	37	0.87608
146	37	0.85368
148	37	0.8619
2	38	0.87043
3	38	0.44872
5	38	0.84302
6	38	0.85897
8	38	0.71107
9	38	0.75715
11	38	0.79398
13	38	0.87903
15	38	0.89656
19	38	0.95766
21	38	0.9505
23	38	0.90587
24	38	0.91239
25	38	0.91484
27	38	0.94192
28	38	0.91517
31	38	0.91779
33	38	0.93279
34	38	0.85115
36	38	0.87356
39	38	0.90901
40	38	0.88294
41	38	0.88055
42	38	0.9532
43	38	0.87899
44	38	0.8755
45	38	0.8662
46	38	0.88104
47	38	0.85073
48	38	0.95109
50	38	0.73047
51	38	0.86164
52	38	0.703
54	38	0.92359
56	38	0.82197
58	38	0.88655
61	38	0.91903
62	38	0.95351
63	38	0.85886
70	38	0.88368
72	38	0.86171
74	38	0.9398
75	38	0.86831
79	38	0.86352
80	38	0.89673
87	38	0.88481
90	38	0.87208
92	38	0.93288
93	38	0.86621
95	38	0.89644
96	38	0.89824
104	38	0.92992
107	38	0.90802
112	38	0.86924
113	38	0.88238
116	38	0.88852
123	38	0.85821
127	38	0.91003
128	38	0.83858
148	38	0.86252
150	38	0.93519
2	39	0.94657
4	39	0.8265
5	39	0.87911
6	39	0.95336
7	39	0.89978
8	39	0.62751
11	39	0.78632
13	39	0.92221
14	39	0.92605
15	39	0.92619
18	39	0.87971
19	39	0.86007
20	39	0.9131
21	39	0.80485
23	39	0.94415
24	39	0.88403
25	39	0.96489
27	39	0.97609
28	39	0.89288
30	39	0.93115
31	39	0.95832
33	39	0.91492
34	39	0.89835
36	39	0.89464
38	39	0.90901
40	39	0.87371
41	39	0.95406
42	39	0.9316
43	39	0.94423
44	39	0.92788
45	39	0.92872
47	39	0.85853
48	39	0.93959
49	39	0.90867
50	39	0.61284
51	39	0.92282
52	39	0.80695
54	39	0.97426
55	39	0.93705
56	39	0.70871
58	39	0.93031
59	39	0.93356
61	39	0.93061
62	39	0.9583
63	39	0.92278
64	39	0.91857
65	39	0.92808
68	39	0.91662
69	39	0.93572
70	39	0.95817
71	39	0.93611
72	39	0.95189
73	39	0.79485
74	39	0.91692
75	39	0.94747
82	39	0.9005
84	39	0.89803
85	39	0.92627
87	39	0.91635
88	39	0.93634
90	39	0.92846
92	39	0.94617
94	39	0.91096
95	39	0.95727
97	39	0.93023
99	39	0.91378
101	39	0.87571
102	39	0.88195
104	39	0.89786
106	39	0.93605
107	39	0.94481
108	39	0.92381
110	39	0.93224
112	39	0.94272
113	39	0.93379
114	39	0.95218
116	39	0.94293
117	39	0.93622
118	39	0.91573
120	39	0.94058
121	39	0.9336
123	39	0.96341
125	39	0.93753
126	39	0.89712
127	39	0.94378
128	39	0.86155
130	39	0.93855
131	39	0.92984
132	39	0.92072
134	39	0.86468
135	39	0.8629
139	39	0.96762
141	39	0.92105
148	39	0.9314
149	39	0.68241
150	39	0.91876
2	40	0.87494
4	40	0.83566
5	40	0.85539
7	40	0.89218
9	40	0.83069
12	40	0.89055
13	40	0.93893
15	40	0.90022
16	40	0.80356
18	40	0.89154
19	40	0.92082
20	40	0.9077
21	40	0.86581
22	40	0.85493
23	40	0.92645
24	40	0.8885
25	40	0.93713
26	40	0.9175
27	40	0.90861
28	40	0.91348
29	40	0.82673
31	40	0.94449
33	40	0.94924
34	40	0.82016
35	40	0.85053
36	40	0.93006
37	40	0.92575
38	40	0.88294
39	40	0.87371
42	40	0.88309
46	40	0.94311
47	40	0.85158
53	40	0.89293
54	40	0.91398
55	40	0.91599
56	40	0.80983
57	40	0.79437
60	40	0.9002
62	40	0.88858
64	40	0.89968
74	40	0.93438
75	40	0.89119
76	40	0.88915
77	40	0.87945
78	40	0.85345
79	40	0.92552
80	40	0.95048
81	40	0.88419
84	40	0.91758
85	40	0.89999
87	40	0.89434
88	40	0.8964
93	40	0.84702
95	40	0.91028
96	40	0.96027
97	40	0.91018
99	40	0.88001
100	40	0.87816
103	40	0.87549
105	40	0.4407
107	40	0.92288
108	40	0.88127
134	40	0.87995
141	40	0.90213
143	40	0.72717
144	40	0.80743
148	40	0.88953
5	41	0.92491
6	41	0.90046
7	41	0.89231
13	41	0.90064
15	41	0.88494
18	41	0.90733
19	41	0.83213
21	41	0.80717
23	41	0.91903
24	41	0.91342
25	41	0.93164
26	41	0.88736
27	41	0.92566
28	41	0.89311
31	41	0.91089
33	41	0.92475
34	41	0.87112
35	41	0.82899
37	41	0.84076
38	41	0.88055
39	41	0.95406
45	41	0.89222
46	41	0.86093
47	41	0.88576
48	41	0.90937
49	41	0.92967
50	41	0.6244
52	41	0.76494
54	41	0.94082
56	41	0.79645
62	41	0.94511
63	41	0.90593
69	41	0.89522
70	41	0.8938
74	41	0.90466
77	41	0.90331
79	41	0.89568
80	41	0.91041
81	41	0.89693
84	41	0.92858
85	41	0.9023
88	41	0.89138
92	41	0.89063
93	41	0.78917
95	41	0.93848
96	41	0.90846
97	41	0.93478
99	41	0.92446
101	41	0.91598
102	41	0.89079
103	41	0.86619
104	41	0.92016
106	41	0.92501
107	41	0.91447
111	41	0.86602
112	41	0.91347
113	41	0.93692
114	41	0.91593
116	41	0.93448
120	41	0.9028
123	41	0.89296
128	41	0.87208
134	41	0.91012
139	41	0.92363
141	41	0.91086
148	41	0.95847
2	42	0.91777
3	42	0.49731
6	42	0.92281
8	42	0.69884
9	42	0.74465
11	42	0.8144
15	42	0.87645
19	42	0.91153
21	42	0.85499
24	42	0.84505
25	42	0.94232
27	42	0.94424
28	42	0.90946
31	42	0.95274
33	42	0.89631
34	42	0.88583
36	42	0.89788
38	42	0.9532
39	42	0.9316
40	42	0.88309
43	42	0.89966
44	42	0.93902
45	42	0.95267
48	42	0.95008
50	42	0.59761
51	42	0.92524
52	42	0.72596
53	42	0.8846
54	42	0.93691
55	42	0.91016
56	42	0.71038
58	42	0.93894
61	42	0.94039
62	42	0.93799
63	42	0.92603
65	42	0.90967
70	42	0.93184
72	42	0.93935
74	42	0.92524
75	42	0.93925
79	42	0.92235
80	42	0.87629
84	42	0.89023
87	42	0.94856
88	42	0.91143
89	42	0.91951
90	42	0.92327
92	42	0.9702
93	42	0.77409
94	42	0.90482
104	42	0.8884
107	42	0.94569
110	42	0.93271
112	42	0.91597
113	42	0.90264
114	42	0.92417
115	42	0.90439
116	42	0.93131
121	42	0.90799
123	42	0.93437
124	42	0.89856
125	42	0.90097
127	42	0.92975
129	42	0.90077
130	42	0.89938
132	42	0.91331
139	42	0.90271
141	42	0.89899
145	42	0.90793
150	42	0.92873
11	43	0.79688
14	43	0.91501
24	43	0.84721
25	43	0.8963
27	43	0.90007
38	43	0.87899
39	43	0.94423
42	43	0.89966
44	43	0.94894
48	43	0.90401
49	43	0.88291
50	43	0.66207
52	43	0.71877
54	43	0.92443
58	43	0.93556
59	43	0.91618
61	43	0.95928
62	43	0.92094
65	43	0.91468
67	43	0.91854
68	43	0.91273
69	43	0.90137
70	43	0.96262
71	43	0.94949
72	43	0.92739
77	43	0.90023
83	43	0.95257
88	43	0.91215
89	43	0.93639
90	43	0.94552
92	43	0.94606
104	43	0.88239
106	43	0.89905
110	43	0.93735
111	43	0.84402
112	43	0.93511
113	43	0.925
114	43	0.90846
115	43	0.89436
116	43	0.91394
117	43	0.97858
119	43	0.90919
120	43	0.87387
121	43	0.90271
122	43	0.89377
123	43	0.91953
124	43	0.89718
125	43	0.95647
126	43	0.9393
127	43	0.95431
128	43	0.87266
129	43	0.93437
130	43	0.92792
131	43	0.95142
132	43	0.89969
136	43	0.9506
139	43	0.95073
140	43	0.87945
141	43	0.8939
145	43	0.93749
147	43	0.9131
149	43	0.76621
150	43	0.92971
6	44	0.94093
11	44	0.78857
14	44	0.91775
30	44	0.91972
34	44	0.84209
38	44	0.8755
39	44	0.92788
42	44	0.93902
43	44	0.94894
45	44	0.91468
48	44	0.9127
49	44	0.85028
51	44	0.95492
52	44	0.71706
58	44	0.95426
59	44	0.93555
61	44	0.95229
62	44	0.91753
63	44	0.92632
65	44	0.94039
66	44	0.9155
67	44	0.94211
68	44	0.91644
69	44	0.92326
70	44	0.97204
71	44	0.95316
72	44	0.96139
75	44	0.9184
77	44	0.93186
83	44	0.9655
87	44	0.92358
88	44	0.94223
89	44	0.95553
90	44	0.93369
92	44	0.97
94	44	0.93307
104	44	0.88436
106	44	0.87987
109	44	0.92591
110	44	0.96868
111	44	0.83717
112	44	0.93724
113	44	0.91951
114	44	0.94418
115	44	0.95189
116	44	0.93955
117	44	0.95056
119	44	0.92913
121	44	0.92478
122	44	0.93602
123	44	0.95632
124	44	0.94186
125	44	0.95861
126	44	0.90869
127	44	0.95025
129	44	0.96875
130	44	0.95073
131	44	0.95602
132	44	0.92529
136	44	0.9419
139	44	0.9212
140	44	0.93404
142	44	0.91765
145	44	0.95771
147	44	0.93254
149	44	0.73944
150	44	0.93124
2	45	0.93087
3	45	0.52799
6	45	0.92059
8	45	0.68016
9	45	0.72664
10	45	0.41322
11	45	0.80636
15	45	0.85083
19	45	0.83946
20	45	0.89922
25	45	0.95211
27	45	0.93093
28	45	0.88423
30	45	0.91259
31	45	0.95039
34	45	0.86337
36	45	0.89706
38	45	0.8662
39	45	0.92872
41	45	0.89222
42	45	0.95267
44	45	0.91468
48	45	0.93452
51	45	0.90515
52	45	0.75075
53	45	0.88809
54	45	0.9109
55	45	0.94064
58	45	0.93937
59	45	0.92698
63	45	0.90369
65	45	0.9273
66	45	0.9226
67	45	0.92017
70	45	0.92592
71	45	0.91739
72	45	0.94824
73	45	0.78622
75	45	0.94713
79	45	0.93764
84	45	0.92026
85	45	0.90335
87	45	0.96764
88	45	0.91297
89	45	0.90135
90	45	0.92552
92	45	0.9451
94	45	0.94764
100	45	0.87143
106	45	0.86635
107	45	0.92696
108	45	0.91929
110	45	0.95749
112	45	0.9371
113	45	0.9163
114	45	0.97045
115	45	0.90771
116	45	0.95385
118	45	0.90603
119	45	0.90484
121	45	0.93498
123	45	0.953
124	45	0.90929
125	45	0.91039
129	45	0.91754
130	45	0.92228
131	45	0.90759
132	45	0.96228
134	45	0.86763
137	45	0.87683
138	45	0.92068
139	45	0.9377
140	45	0.87801
141	45	0.93755
145	45	0.89302
150	45	0.89676
4	46	0.85986
5	46	0.85104
9	46	0.85736
13	46	0.8714
14	46	0.89611
