7	2	0.99955
15	2	0.93829
19	2	0.99988
25	2	0.99989
27	2	0.99987
31	2	0.99995
34	2	0.9999
39	2	0.9996
40	2	0.99998
42	2	0.99837
45	2	0.99834
49	2	0.99073
50	2	0.9402
52	2	0.99988
53	2	0.99983
54	2	0.99906
56	2	0.99999
58	2	0.99901
64	2	0.99992
65	2	0.99803
68	2	0.99881
69	2	0.99998
70	2	0.99982
71	2	0.99953
72	2	0.999
74	2	0.99999
75	2	0.99973
78	2	0.99874
79	2	0.99931
81	2	0.9999
86	2	0.99958
88	2	0.99978
90	2	0.99991
92	2	0.99979
95	2	0.99803
99	2	0.9996
104	2	0.99996
106	2	0.99821
107	2	0.97349
115	2	0.99903
118	2	0.99887
120	2	0.9988
124	2	0.99969
125	2	0.99996
127	2	0.9999
128	2	0.99971
129	2	0.99754
130	2	0.99999
132	2	0.99997
134	2	0.99812
137	2	0.99987
139	2	0.99825
145	2	0.99934
149	2	0.99908
150	2	0.91468
4	3	0.53656
5	3	0.93711
6	3	0.95272
8	3	0.9614
9	3	0.98139
10	3	0.9148
11	3	0.99226
12	3	0.98732
13	3	0.9788
14	3	0.96604
16	3	0.35784
17	3	0.91265
18	3	0.9812
20	3	0.97457
21	3	0.97389
22	3	0.67703
24	3	0.97056
26	3	0.44149
29	3	0.78957
30	3	0.97872
32	3	0.81176
33	3	0.97695
35	3	0.9302
36	3	0.98948
37	3	0.98171
38	3	0.97008
41	3	0.97746
44	3	0.9603
46	3	0.97683
47	3	0.49554
48	3	0.98013
51	3	0.96429
55	3	0.97014
57	3	0.97145
60	3	0.96298
62	3	0.97669
66	3	0.99112
67	3	0.96132
73	3	0.97597
80	3	0.56596
82	3	0.96274
83	3	0.98199
84	3	0.97319
85	3	0.9838
87	3	0.97352
91	3	0.97916
93	3	0.9712
94	3	0.94519
96	3	0.98345
101	3	0.959
102	3	0.97358
103	3	0.9579
105	3	0.6456
109	3	0.96946
111	3	0.97978
112	3	0.85051
113	3	0.9735
114	3	0.96164
116	3	0.97347
117	3	0.97748
119	3	0.96409
121	3	0.97237
126	3	0.86966
131	3	0.94782
133	3	0.98006
135	3	0.98392
138	3	0.97576
140	3	0.97896
141	3	0.98229
142	3	0.88297
143	3	0.85151
144	3	0.81658
148	3	0.96798
3	4	0.53656
7	4	0.43265
8	4	0.41927
9	4	0.42919
10	4	0.82216
11	4	0.55395
12	4	0.6197
17	4	0.80215
24	4	0.45945
26	4	0.72901
28	4	0.42848
35	4	0.46902
36	4	0.53155
37	4	0.41974
41	4	0.42309
42	4	0.41653
49	4	0.52799
57	4	0.5001
63	4	0.41894
66	4	0.48739
72	4	0.4411
73	4	0.43192
76	4	0.42126
83	4	0.49412
85	4	0.48749
87	4	0.46259
88	4	0.41915
92	4	0.41511
93	4	0.4734
95	4	0.42498
96	4	0.42654
97	4	0.42132
100	4	0.42423
102	4	0.41464
109	4	0.42916
111	4	0.52136
112	4	0.49582
113	4	0.41479
114	4	0.446
116	4	0.42902
118	4	0.41727
133	4	0.4205
135	4	0.60983
136	4	0.4306
140	4	0.46938
141	4	0.45194
143	4	0.49143
146	4	0.42493
147	4	0.41725
148	4	0.42171
3	5	0.93711
6	5	0.99717
9	5	0.92336
11	5	0.94242
12	5	0.90004
13	5	0.97235
16	5	0.63061
17	5	0.84303
18	5	0.96311
20	5	0.91046
21	5	0.9286
22	5	0.87179
24	5	0.99134
26	5	0.50587
29	5	0.93612
30	5	0.93398
32	5	0.95103
33	5	0.9271
35	5	0.98829
36	5	0.96247
37	5	0.9298
38	5	0.90036
41	5	0.92283
46	5	0.92456
47	5	0.72355
48	5	0.9738
55	5	0.98541
62	5	0.9248
66	5	0.93897
73	5	0.89933
80	5	0.79497
83	5	0.89767
84	5	0.90456
85	5	0.91451
91	5	0.93738
93	5	0.98895
94	5	0.99886
96	5	0.9345
101	5	0.99606
102	5	0.90531
103	5	0.97374
105	5	0.82196
112	5	0.94499
113	5	0.90518
116	5	0.98938
117	5	0.92538
121	5	0.90901
126	5	0.97938
131	5	0.99846
133	5	0.9297
135	5	0.94246
138	5	0.91452
140	5	0.89572
141	5	0.91613
142	5	0.99012
143	5	0.94508
144	5	0.94729
3	6	0.95272
5	6	0.99717
9	6	0.94832
11	6	0.95882
12	6	0.92114
13	6	0.98668
14	6	0.91743
16	6	0.57328
17	6	0.84632
18	6	0.98001
20	6	0.93789
21	6	0.95263
22	6	0.83817
24	6	0.99401
26	6	0.46259
29	6	0.9079
30	6	0.95738
32	6	0.92628
33	6	0.95182
35	6	0.98036
36	6	0.97444
37	6	0.95374
38	6	0.92957
41	6	0.94744
46	6	0.9497
47	6	0.6719
48	6	0.98751
55	6	0.99523
62	6	0.94996
66	6	0.95953
73	6	0.92798
80	6	0.7492
83	6	0.92549
84	6	0.93288
85	6	0.93958
91	6	0.95977
93	6	0.99235
94	6	0.99949
96	6	0.95741
101	6	0.99976
102	6	0.93358
103	6	0.97998
105	6	0.79718
112	6	0.92379
113	6	0.93342
116	6	0.99604
117	6	0.95036
121	6	0.93686
126	6	0.96596
131	6	0.99975
133	6	0.95375
135	6	0.95342
138	6	0.9413
140	6	0.92441
141	6	0.94206
142	6	0.97817
143	6	0.92291
144	6	0.92198
2	7	0.99955
4	7	0.43265
10	7	0.85623
19	7	0.99955
25	7	0.99935
27	7	0.9997
28	7	0.99853
31	7	0.99942
34	7	0.99923
39	7	0.99945
40	7	0.9996
42	7	0.99896
45	7	0.99887
49	7	0.99355
50	7	0.94114
52	7	0.99929
53	7	0.99964
54	7	0.99925
56	7	0.99949
58	7	0.99922
64	7	0.9996
65	7	0.9984
68	7	0.99911
69	7	0.99941
70	7	0.99965
71	7	0.9996
72	7	0.99946
74	7	0.99959
75	7	0.99959
76	7	0.99756
78	7	0.99906
79	7	0.9994
81	7	0.99964
86	7	0.99953
88	7	0.99982
90	7	0.99925
92	7	0.99979
95	7	0.99888
99	7	0.99945
100	7	0.99831
104	7	0.9996
106	7	0.99853
114	7	0.99598
115	7	0.9992
118	7	0.99875
120	7	0.99855
124	7	0.999
125	7	0.99946
127	7	0.99926
128	7	0.99968
129	7	0.9981
130	7	0.99948
132	7	0.9997
134	7	0.99859
137	7	0.9992
139	7	0.99865
145	7	0.99944
149	7	0.99834
150	7	0.91304
3	8	0.9614
4	8	0.41927
9	8	0.99122
10	8	0.85769
12	8	0.96088
14	8	0.99878
20	8	0.995
21	8	0.9867
23	8	0.99891
28	8	0.99872
30	8	0.98699
33	8	0.98968
37	8	0.98883
38	8	0.99648
41	8	0.98647
42	8	0.99803
43	8	0.99908
44	8	0.99953
45	8	0.99813
46	8	0.99084
51	8	0.99868
54	8	0.99676
57	8	0.99557
58	8	0.99721
59	8	0.90683
60	8	0.99907
61	8	0.99919
62	8	0.99024
63	8	0.99953
65	8	0.99797
66	8	0.97923
67	8	0.99957
68	8	0.99748
71	8	0.99617
73	8	0.99724
76	8	0.99928
77	8	0.99933
78	8	0.99763
79	8	0.99666
82	8	0.99889
83	8	0.99316
84	8	0.99634
85	8	0.98655
86	8	0.99597
87	8	0.99775
89	8	0.99927
91	8	0.98488
95	8	0.99787
96	8	0.9869
97	8	0.99963
98	8	0.99914
100	8	0.99885
102	8	0.99606
106	8	0.99729
108	8	0.99947
109	8	0.99878
110	8	0.92864
111	8	0.99234
113	8	0.99598
114	8	0.99928
115	8	0.99712
117	8	0.99052
119	8	0.99907
121	8	0.995
122	8	0.99959
123	8	0.99673
129	8	0.99864
133	8	0.98721
134	8	0.99834
136	8	0.99951
138	8	0.99381
139	8	0.99763
140	8	0.99594
141	8	0.99233
145	8	0.9966
146	8	0.99963
147	8	0.99941
148	8	0.99873
3	9	0.98139
4	9	0.42919
5	9	0.92336
6	9	0.94832
8	9	0.99122
10	9	0.86443
11	9	0.98196
12	9	0.97443
13	9	0.98723
14	9	0.99576
16	9	0.28486
17	9	0.84625
18	9	0.99239
20	9	0.99919
21	9	0.99747
22	9	0.63347
24	9	0.95155
26	9	0.29743
29	9	0.73624
30	9	0.99914
32	9	0.76456
33	9	0.99936
35	9	0.89451
36	9	0.97603
37	9	0.99962
38	9	0.99774
41	9	0.9966
44	9	0.9928
46	9	0.99949
47	9	0.41179
48	9	0.98643
51	9	0.99506
55	9	0.97449
57	9	0.99003
60	9	0.99444
61	9	0.98738
62	9	0.99933
63	9	0.98855
66	9	0.99607
67	9	0.99301
73	9	0.99819
77	9	0.98726
80	9	0.5023
82	9	0.99428
83	9	0.99604
84	9	0.99863
85	9	0.99568
87	9	0.9954
89	9	0.98714
91	9	0.99838
93	9	0.95296
94	9	0.93844
96	9	0.99953
97	9	0.98945
101	9	0.95354
102	9	0.99873
103	9	0.95487
105	9	0.61677
108	9	0.9896
109	9	0.9961
111	9	0.99072
112	9	0.78926
113	9	0.99872
114	9	0.99008
116	9	0.96608
117	9	0.99961
119	9	0.99477
121	9	0.99868
122	9	0.99087
126	9	0.84511
131	9	0.9416
133	9	0.9985
135	9	0.95856
136	9	0.99062
138	9	0.99945
140	9	0.99711
141	9	0.99945
142	9	0.86197
143	9	0.78669
144	9	0.76255
146	9	0.99017
147	9	0.98763
148	9	0.99584
3	10	0.9148
4	10	0.82216
7	10	0.85623
8	10	0.85769
9	10	0.86443
11	10	0.91905
12	10	0.95306
14	10	0.85269
17	10	0.96826
20	10	0.85443
26	10	0.57141
28	10	0.85915
36	10	0.90098
37	10	0.8588
38	10	0.85167
41	10	0.85803
42	10	0.85131
44	10	0.85077
49	10	0.90164
57	10	0.90041
63	10	0.85558
66	10	0.89244
67	10	0.85249
72	10	0.8582
73	10	0.86702
76	10	0.8562
83	10	0.89906
84	10	0.85496
85	10	0.89319
87	10	0.88232
93	10	0.85112
95	10	0.85591
96	10	0.86197
97	10	0.85733
100	10	0.85697
102	10	0.85678
109	10	0.86434
111	10	0.91257
113	10	0.85671
114	10	0.87126
117	10	0.85054
119	10	0.85228
122	10	0.85056
133	10	0.85814
135	10	0.93292
136	10	0.86282
138	10	0.85494
140	10	0.88659
141	10	0.87694
146	10	0.85963
147	10	0.8543
148	10	0.86
3	11	0.99226
4	11	0.55395
5	11	0.94242
6	11	0.95882
9	11	0.98196
10	11	0.91905
12	11	0.9925
13	11	0.98216
14	11	0.96509
16	11	0.37323
17	11	0.92653
18	11	0.98402
20	11	0.97453
21	11	0.97621
22	11	0.68834
24	11	0.9762
26	11	0.46581
29	11	0.80131
30	11	0.9797
32	11	0.82418
33	11	0.97762
35	11	0.94059
36	11	0.99735
37	11	0.98272
38	11	0.97066
41	11	0.97777
46	11	0.97726
47	11	0.51361
48	11	0.98284
51	11	0.96396
55	11	0.97427
57	11	0.97186
60	11	0.96229
62	11	0.97798
66	11	0.99444
67	11	0.9597
73	11	0.9742
80	11	0.58089
82	11	0.96251
83	11	0.98364
84	11	0.97252
85	11	0.9868
87	11	0.97377
91	11	0.98049
93	11	0.97886
94	11	0.95108
96	11	0.98458
101	11	0.96373
102	11	0.97389
103	11	0.96326
105	11	0.67767
109	11	0.96901
111	11	0.97919
112	11	0.8653
113	11	0.97328
114	11	0.96038
116	11	0.97977
117	11	0.97819
119	11	0.96294
121	11	0.97295
126	11	0.87995
131	11	0.95313
133	11	0.98353
135	11	0.99408
138	11	0.97601
140	11	0.97937
141	11	0.98416
142	11	0.89268
143	11	0.86287
144	11	0.82821
148	11	0.96721
3	12	0.98732
4	12	0.6197
5	12	0.90004
6	12	0.92114
8	12	0.96088
9	12	0.97443
10	12	0.95306
11	12	0.9925
13	12	0.95907
14	12	0.96325
16	12	0.28478
17	12	0.93885
18	12	0.96393
20	12	0.96819
21	12	0.96388
22	12	0.61591
24	12	0.9479
26	12	0.45663
29	12	0.74123
30	12	0.96772
32	12	0.76485
33	12	0.96686
35	12	0.90432
36	12	0.9836
37	12	0.9722
38	12	0.96531
41	12	0.97035
44	12	0.95955
46	12	0.967
47	12	0.43904
48	12	0.95983
49	12	0.95874
51	12	0.96153
57	12	0.98027
60	12	0.96107
62	12	0.96766
66	12	0.98696
67	12	0.96042
73	12	0.97197
80	12	0.50084
82	12	0.96072
83	12	0.98572
84	12	0.96748
85	12	0.98499
87	12	0.97635
91	12	0.96774
93	12	0.95237
94	12	0.91129
96	12	0.97417
97	12	0.95946
101	12	0.92816
102	12	0.9685
103	12	0.93706
109	12	0.96869
111	12	0.98694
112	12	0.82364
113	12	0.96856
114	12	0.96627
116	12	0.95182
117	12	0.96822
119	12	0.96209
121	12	0.96555
126	12	0.8284
131	12	0.91368
133	12	0.97146
135	12	0.98782
136	12	0.96303
138	12	0.96908
140	12	0.98024
141	12	0.97918
142	12	0.83838
143	12	0.8204
144	12	0.77277
146	12	0.96113
148	12	0.96661
3	13	0.9788
5	13	0.97235
6	13	0.98668
9	13	0.98723
11	13	0.98216
12	13	0.95907
14	13	0.96981
16	13	0.43271
17	13	0.85404
18	13	0.99927
20	13	0.98177
21	13	0.98838
22	13	0.74527
24	13	0.98463
26	13	0.37914
29	13	0.83105
30	13	0.99156
32	13	0.85491
33	13	0.98893
35	13	0.94822
36	13	0.98713
37	13	0.98978
38	13	0.97696
41	13	0.98552
46	13	0.98785
47	13	0.54645
48	13	0.99991
51	13	0.9686
55	13	0.99777
60	13	0.96668
62	13	0.98799
66	13	0.99038
67	13	0.9628
73	13	0.97611
80	13	0.6321
82	13	0.9666
83	13	0.97335
84	13	0.97896
85	13	0.98028
87	13	0.96786
91	13	0.99228
93	13	0.98448
94	13	0.98139
96	13	0.99152
101	13	0.98916
102	13	0.97934
103	13	0.97969
105	13	0.71521
109	13	0.96966
112	13	0.8655
113	13	0.97933
116	13	0.99347
117	13	0.98825
119	13	0.96727
121	13	0.98103
126	13	0.91718
131	13	0.98313
133	13	0.98919
135	13	0.96714
138	13	0.98365
140	13	0.97352
141	13	0.98367
142	13	0.93152
143	13	0.86353
144	13	0.85148
148	13	0.96945
3	14	0.96604
6	14	0.91743
8	14	0.99878
9	14	0.99576
10	14	0.85269
11	14	0.96509
12	14	0.96325
13	14	0.96981
18	14	0.97816
20	14	0.99847
21	14	0.99292
23	14	0.9971
28	14	0.99592
30	14	0.99317
33	14	0.99515
36	14	0.95381
37	14	0.99423
38	14	0.9993
41	14	0.99189
42	14	0.99496
43	14	0.99717
44	14	0.99958
45	14	0.99504
46	14	0.99588
48	14	0.96828
51	14	0.99988
55	14	0.95183
57	14	0.99425
59	14	0.90752
60	14	0.9999
61	14	0.99765
62	14	0.99557
63	14	0.99797
65	14	0.99525
66	14	0.98529
67	14	0.9996
73	14	0.99909
76	14	0.99725
77	14	0.99757
82	14	0.99979
83	14	0.99471
84	14	0.99914
85	14	0.99048
87	14	0.99819
89	14	0.99753
91	14	0.99148
95	14	0.9949
96	14	0.9927
97	14	0.99828
98	14	0.99717
100	14	0.99632
101	14	0.92369
102	14	0.99902
103	14	0.92961
108	14	0.99854
109	14	0.99974
110	14	0.92838
111	14	0.9917
113	14	0.99896
114	14	0.99778
116	14	0.9387
117	14	0.99568
119	14	0.99992
121	14	0.99856
122	14	0.999
129	14	0.99622
133	14	0.99304
134	14	0.99539
135	14	0.93433
136	14	0.99849
138	14	0.99778
139	14	0.99464
140	14	0.99734
141	14	0.99609
146	14	0.99848
147	14	0.99761
148	14	0.99981
2	15	0.93829
19	15	0.93832
27	15	0.93871
39	15	0.93828
40	15	0.93922
42	15	0.93881
43	15	0.93866
45	15	0.93944
53	15	0.93907
54	15	0.93852
58	15	0.93943
59	15	0.99581
61	15	0.93824
64	15	0.93848
65	15	0.93869
67	15	0.93853
68	15	0.9392
70	15	0.93886
71	15	0.93906
75	15	0.93907
76	15	0.93839
77	15	0.93894
78	15	0.93934
79	15	0.9393
81	15	0.93884
86	15	0.9392
89	15	0.93876
92	15	0.93877
98	15	0.93876
99	15	0.94469
100	15	0.93847
104	15	0.94035
107	15	0.99226
108	15	0.94167
110	15	0.99749
115	15	0.93923
118	15	0.95279
120	15	0.95297
122	15	0.94029
123	15	0.95637
124	15	0.94449
128	15	0.93895
129	15	0.93903
130	15	0.93896
132	15	0.93874
134	15	0.93924
139	15	0.93848
145	15	0.93925
147	15	0.93834
150	15	0.99683
3	16	0.35784
5	16	0.63061
6	16	0.57328
9	16	0.28486
11	16	0.37323
12	16	0.28478
13	16	0.43271
17	16	0.40971
18	16	0.39902
20	16	0.25354
21	16	0.30103
22	16	0.89835
24	16	0.55477
26	16	0.68342
29	16	0.85128
30	16	0.31248
32	16	0.83222
33	16	0.29471
35	16	0.66443
36	16	0.43515
37	16	0.30117
41	16	0.29104
46	16	0.28793
47	16	0.97993
48	16	0.43796
55	16	0.49076
62	16	0.28914
66	16	0.33392
80	16	0.97168
85	16	0.27408
91	16	0.32182
93	16	0.5469
94	16	0.59751
96	16	0.31348
101	16	0.55992
103	16	0.49905
105	16	0.80152
112	16	0.7722
116	16	0.51974
117	16	0.28999
121	16	0.25063
126	16	0.73991
131	16	0.58981
133	16	0.3032
135	16	0.42348
138	16	0.26342
141	16	0.26855
142	16	0.73052
143	16	0.77638
144	16	0.82799
3	17	0.91265
4	17	0.80215
5	17	0.84303
6	17	0.84632
9	17	0.84625
10	17	0.96826
11	17	0.92653
12	17	0.93885
13	17	0.85404
16	17	0.40971
18	17	0.85226
20	17	0.8282
21	17	0.82886
22	17	0.65138
24	17	0.89862
26	17	0.72463
29	17	0.78283
30	17	0.83696
32	17	0.79345
33	17	0.83179
35	17	0.89817
36	17	0.92494
37	17	0.84453
41	17	0.84248
46	17	0.83086
47	17	0.57616
48	17	0.85774
55	17	0.84897
57	17	0.85352
62	17	0.83272
66	17	0.88788
73	17	0.83378
80	17	0.5881
83	17	0.86803
84	17	0.82511
85	17	0.87406
87	17	0.84235
91	17	0.83965
93	17	0.90541
94	17	0.8419
96	17	0.85107
101	17	0.85255
102	17	0.82761
103	17	0.86052
105	17	0.60244
109	17	0.82467
111	17	0.87197
112	17	0.88086
113	17	0.82764
116	17	0.88153
117	17	0.83373
121	17	0.82259
131	17	0.84161
133	17	0.84493
135	17	0.95658
138	17	0.83142
140	17	0.85294
141	17	0.85499
143	17	0.87788
144	17	0.81319
3	18	0.9812
5	18	0.96311
6	18	0.98001
9	18	0.99239
11	18	0.98402
12	18	0.96393
13	18	0.99927
14	18	0.97816
16	18	0.39902
17	18	0.85226
20	18	0.98811
21	18	0.9929
22	18	0.71953
24	18	0.97879
26	18	0.35822
29	18	0.81044
30	18	0.99555
32	18	0.83545
33	18	0.99361
35	18	0.93727
36	18	0.9863
37	18	0.99443
38	18	0.98413
41	18	0.98971
44	18	0.97185
46	18	0.99292
47	18	0.51538
48	18	0.99901
51	18	0.97718
55	18	0.99466
60	18	0.97547
62	18	0.99288
66	18	0.99363
67	18	0.97214
73	18	0.98346
80	18	0.60299
82	18	0.97548
83	18	0.98057
84	18	0.98583
85	18	0.98573
87	18	0.97636
91	18	0.99602
93	18	0.97889
94	18	0.97355
96	18	0.99562
101	18	0.98312
102	18	0.98619
103	18	0.97601
105	18	0.6969
109	18	0.97806
111	18	0.97024
112	18	0.84851
113	18	0.98601
116	18	0.98909
117	18	0.99318
119	18	0.97595
121	18	0.98757
126	18	0.90143
131	18	0.97571
133	18	0.99392
135	18	0.96637
138	18	0.98952
140	18	0.98108
141	18	0.98952
142	18	0.91738
143	18	0.84666
144	18	0.83208
148	18	0.97777
2	19	0.99988
7	19	0.99955
15	19	0.93832
25	19	0.99962
27	19	0.99994
28	19	0.99795
31	19	0.99993
34	19	0.99967
39	19	0.99972
40	19	0.99992
42	19	0.99886
45	19	0.99879
49	19	0.99035
50	19	0.93984
52	19	0.99959
53	19	0.99991
54	19	0.99952
56	19	0.99986
58	19	0.99937
64	19	0.99997
65	19	0.99873
68	19	0.99922
69	19	0.99984
70	19	0.99993
71	19	0.99973
72	19	0.9988
74	19	0.99984
75	19	0.99988
78	19	0.99917
79	19	0.99961
81	19	0.99992
86	19	0.99979
88	19	0.99976
90	19	0.99967
92	19	0.99987
95	19	0.99853
99	19	0.99969
100	19	0.99784
104	19	0.99993
106	19	0.99859
107	19	0.97338
115	19	0.99944
118	19	0.99874
120	19	0.99887
123	19	0.99685
124	19	0.9994
125	19	0.9998
127	19	0.99965
128	19	0.99979
129	19	0.99821
130	19	0.99983
132	19	0.99992
134	19	0.99861
137	19	0.99959
139	19	0.99866
145	19	0.99963
149	19	0.99878
150	19	0.91412
3	20	0.97457
5	20	0.91046
6	20	0.93789
8	20	0.995
9	20	0.99919
10	20	0.85443
11	20	0.97453
12	20	0.96819
13	20	0.98177
14	20	0.99847
16	20	0.25354
17	20	0.8282
18	20	0.98811
21	20	0.99716
22	20	0.60958
24	20	0.93926
29	20	0.71211
30	20	0.99805
32	20	0.74164
33	20	0.99898
35	20	0.87689
36	20	0.96681
37	20	0.99851
38	20	0.99949
41	20	0.99571
43	20	0.9915
44	20	0.9965
46	20	0.99932
47	20	0.37913
48	20	0.98059
51	20	0.99806
55	20	0.9672
57	20	0.99145
60	20	0.99766
61	20	0.99237
62	20	0.99909
63	20	0.99306
66	20	0.99195
67	20	0.9966
73	20	0.99929
76	20	0.9918
77	20	0.99224
80	20	0.47336
82	20	0.99754
83	20	0.99545
84	20	0.99989
85	20	0.9937
87	20	0.99681
89	20	0.99215
91	20	0.99696
93	20	0.94066
94	20	0.92711
96	20	0.99778
97	20	0.9937
98	20	0.99152
101	20	0.94337
102	20	0.99988
103	20	0.94629
105	20	0.59815
108	20	0.99413
109	20	0.9983
111	20	0.99058
112	20	0.76495
113	20	0.99984
114	20	0.99356
116	20	0.95619
117	20	0.99927
119	20	0.99784
121	20	0.99984
122	20	0.99507
126	20	0.82758
131	20	0.93064
133	20	0.99739
135	20	0.9474
136	20	0.9944
138	20	0.99988
140	20	0.99745
141	20	0.99869
142	20	0.8455
143	20	0.7622
144	20	0.73869
146	20	0.99418
147	20	0.99237
148	20	0.99828
3	21	0.97389
5	21	0.9286
6	21	0.95263
8	21	0.9867
9	21	0.99747
11	21	0.97621
12	21	0.96388
13	21	0.98838
14	21	0.99292
16	21	0.30103
17	21	0.82886
18	21	0.9929
20	21	0.99716
22	21	0.64689
24	21	0.9513
26	21	0.28119
29	21	0.74589
30	21	0.99831
32	21	0.77166
33	21	0.99838
35	21	0.89502
36	21	0.97196
37	21	0.99802
38	21	0.99582
41	21	0.9946
44	21	0.98975
46	21	0.99831
47	21	0.42185
48	21	0.98725
51	21	0.99257
55	21	0.9772
57	21	0.98284
59	21	0.91671
60	21	0.99166
61	21	0.98356
62	21	0.99839
63	21	0.98421
66	21	0.99203
67	21	0.98995
73	21	0.99461
77	21	0.98319
80	21	0.5155
82	21	0.99169
83	21	0.99015
84	21	0.99619
85	21	0.98998
87	21	0.99026
89	21	0.98311
91	21	0.99928
93	21	0.95222
94	21	0.94316
96	21	0.99781
97	21	0.98515
101	21	0.95703
102	21	0.99642
103	21	0.96503
105	21	0.63815
108	21	0.98654
109	21	0.99247
110	21	0.93396
112	21	0.78935
113	21	0.99624
114	21	0.98475
116	21	0.967
117	21	0.99832
119	21	0.99216
121	21	0.99713
122	21	0.98778
126	21	0.85261
131	21	0.94628
133	21	0.99755
135	21	0.95107
136	21	0.98612
138	21	0.99746
140	21	0.99204
141	21	0.99616
142	21	0.87006
143	21	0.78656
144	21	0.76787
146	21	0.98577
147	21	0.98324
148	21	0.99247
3	22	0.67703
5	22	0.87179
6	22	0.83817
9	22	0.63347
11	22	0.68834
12	22	0.61591
13	22	0.74527
16	22	0.89835
17	22	0.65138
18	22	0.71953
20	22	0.60958
21	22	0.64689
24	22	0.82154
26	22	0.63382
29	22	0.96356
30	22	0.65749
32	22	0.96192
33	22	0.64422
35	22	0.88182
36	22	0.73858
37	22	0.64584
41	22	0.65273
46	22	0.6362
47	22	0.93777
48	22	0.74745
55	22	0.78466
62	22	0.64086
66	22	0.66865
80	22	0.96489
85	22	0.62218
91	22	0.66185
93	22	0.8165
94	22	0.85378
96	22	0.6553
101	22	0.82923
103	22	0.77714
105	22	0.87277
112	22	0.92616
116	22	0.80335
117	22	0.63908
121	22	0.60666
126	22	0.94813
131	22	0.8485
133	22	0.64614
135	22	0.7225
138	22	0.61946
141	22	0.62
142	22	0.92794
143	22	0.92177
144	22	0.95824
8	23	0.99891
14	23	0.9971
27	23	0.99777
28	23	0.99956
38	23	0.99421
39	23	0.99816
42	23	0.99961
43	23	0.99996
44	23	0.99876
45	23	0.99956
50	23	0.94104
51	23	0.99738
53	23	0.9979
54	23	0.99912
57	23	0.99382
58	23	0.99923
59	23	0.90795
60	23	0.99799
61	23	0.99996
63	23	0.99976
65	23	0.99969
67	23	0.99868
68	23	0.9994
70	23	0.99795
71	23	0.99862
75	23	0.99822
76	23	0.9998
77	23	0.99985
78	23	0.99941
79	23	0.99893
81	23	0.99758
82	23	0.99789
84	23	0.9931
86	23	0.99853
87	23	0.99549
88	23	0.99751
89	23	0.9999
92	23	0.99796
95	23	0.99955
97	23	0.99963
98	23	0.99992
99	23	0.99799
100	23	0.99973
102	23	0.99294
106	23	0.99934
108	23	0.99957
109	23	0.99686
110	23	0.92926
111	23	0.9891
113	23	0.99292
114	23	0.99883
115	23	0.9992
119	23	0.99779
121	23	0.9918
122	23	0.99936
123	23	0.99827
128	23	0.99807
129	23	0.99986
134	23	0.99963
136	23	0.99935
139	23	0.9995
145	23	0.9989
146	23	0.99953
147	23	0.99983
148	23	0.99712
3	24	0.97056
4	24	0.45945
5	24	0.99134
6	24	0.99401
9	24	0.95155
11	24	0.9762
12	24	0.9479
13	24	0.98463
16	24	0.55477
17	24	0.89862
18	24	0.97879
20	24	0.93926
21	24	0.9513
22	24	0.82154
26	24	0.52737
29	24	0.90572
30	24	0.95705
32	24	0.92279
33	24	0.95143
35	24	0.9884
36	24	0.98877
37	24	0.95568
38	24	0.93065
41	24	0.95005
46	24	0.94953
47	24	0.66946
48	24	0.98619
55	24	0.99065
62	24	0.95001
66	24	0.96913
73	24	0.9325
80	24	0.73552
83	24	0.93708
84	24	0.93457
85	24	0.94974
87	24	0.92303
91	24	0.95955
93	24	0.99969
94	24	0.99276
96	24	0.96001
101	24	0.99528
102	24	0.93555
103	24	0.98036
105	24	0.776
111	24	0.92385
112	24	0.93829
113	24	0.93546
116	24	0.99787
117	24	0.95062
121	24	0.9372
126	24	0.95819
131	24	0.993
133	24	0.95551
135	24	0.97778
138	24	0.9427
140	24	0.93322
141	24	0.94804
142	24	0.96794
143	24	0.93753
144	24	0.92346
2	25	0.99989
7	25	0.99935
19	25	0.99962
27	25	0.99957
31	25	0.99984
34	25	0.99998
39	25	0.99925
40	25	0.99982
42	25	0.99755
45	25	0.9975
49	25	0.99136
50	25	0.94125
52	25	1
53	25	0.99948
54	25	0.9984
56	25	0.99991
58	25	0.99831
64	25	0.99967
65	25	0.99708
68	25	0.99808
69	25	0.99994
70	25	0.99948
71	25	0.99904
72	25	0.99915
74	25	0.99994
75	25	0.99931
78	25	0.99797
79	25	0.99871
81	25	0.99963
86	25	0.9991
88	25	0.9996
90	25	0.99998
92	25	0.99946
95	25	0.99726
99	25	0.99921
104	25	0.99976
106	25	0.99749
107	25	0.97316
115	25	0.99834
118	25	0.99876
120	25	0.9984
124	25	0.99967
125	25	0.99994
127	25	0.99999
128	25	0.99933
129	25	0.99649
130	25	0.99993
132	25	0.9998
134	25	0.9972
137	25	0.99999
139	25	0.99749
145	25	0.99876
149	25	0.99928
150	25	0.91456
3	26	0.44149
4	26	0.72901
5	26	0.50587
6	26	0.46259
9	26	0.29743
10	26	0.57141
11	26	0.46581
12	26	0.45663
13	26	0.37914
16	26	0.68342
17	26	0.72463
18	26	0.35822
21	26	0.28119
22	26	0.63382
24	26	0.52737
29	26	0.69725
30	26	0.29571
32	26	0.67616
33	26	0.28125
35	26	0.62767
36	26	0.49365
37	26	0.30191
41	26	0.2984
47	26	0.78439
48	26	0.38731
55	26	0.40746
66	26	0.3803
80	26	0.70493
83	26	0.31174
85	26	0.33745
91	26	0.30377
93	26	0.5324
94	26	0.47575
96	26	0.31597
101	26	0.46109
103	26	0.44634
105	26	0.54513
111	26	0.30885
112	26	0.75298
116	26	0.47417
117	26	0.28186
126	26	0.57962
131	26	0.4692
133	26	0.30456
135	26	0.55255
140	26	0.28589
141	26	0.3043
142	26	0.55532
143	26	0.75309
144	26	0.70506
2	27	0.99987
7	27	0.9997
15	27	0.93871
19	27	0.99994
23	27	0.99777
25	27	0.99957
28	27	0.99838
31	27	0.99983
34	27	0.99956
39	27	0.99985
40	27	0.99993
42	27	0.99915
43	27	0.99783
45	27	0.99911
49	27	0.99062
50	27	0.94109
52	27	0.99954
53	27	0.99999
54	27	0.99961
56	27	0.99982
58	27	0.99958
64	27	0.99998
65	27	0.99889
68	27	0.99946
69	27	0.99979
70	27	0.99999
71	27	0.99989
72	27	0.99896
74	27	0.99984
75	27	0.99997
76	27	0.99761
78	27	0.9994
79	27	0.99977
81	27	0.99999
86	27	0.99991
88	27	0.99989
89	27	0.99748
90	27	0.9996
92	27	0.99998
95	27	0.99888
98	27	0.99783
99	27	0.99982
100	27	0.99828
104	27	0.99993
106	27	0.99895
107	27	0.97359
115	27	0.9996
118	27	0.99883
120	27	0.99901
123	27	0.99717
124	27	0.99936
125	27	0.99978
127	27	0.99958
128	27	0.99993
129	27	0.99851
130	27	0.9998
132	27	0.99995
134	27	0.99894
137	27	0.99951
139	27	0.99902
145	27	0.99979
149	27	0.9988
150	27	0.91438
4	28	0.42848
7	28	0.99853
8	28	0.99872
10	28	0.85915
14	28	0.99592
19	28	0.99795
23	28	0.99956
27	28	0.99838
39	28	0.99847
42	28	0.99981
43	28	0.99966
44	28	0.99795
45	28	0.99978
49	28	0.98994
51	28	0.99601
53	28	0.99847
54	28	0.99926
57	28	0.99517
58	28	0.99946
59	28	0.90761
60	28	0.99679
61	28	0.99947
63	28	0.99962
64	28	0.99804
65	28	0.9995
67	28	0.99793
68	28	0.99956
70	28	0.99849
71	28	0.99907
72	28	0.99702
75	28	0.99868
76	28	0.99985
77	28	0.99959
78	28	0.9996
79	28	0.99924
81	28	0.99821
82	28	0.9966
86	28	0.99892
87	28	0.9956
88	28	0.99829
89	28	0.9996
92	28	0.99865
95	28	0.99975
97	28	0.99949
98	28	0.99968
99	28	0.99852
100	28	0.99997
106	28	0.9992
108	28	0.99902
109	28	0.99615
110	28	0.92999
111	28	0.99068
114	28	0.99919
115	28	0.99938
119	28	0.9967
120	28	0.99766
122	28	0.99873
123	28	0.99809
128	28	0.99872
129	28	0.99971
134	28	0.99971
136	28	0.99915
139	28	0.99943
145	28	0.99923
146	28	0.99931
147	28	0.99973
148	28	0.99611
3	29	0.78957
5	29	0.93612
6	29	0.9079
9	29	0.73624
11	29	0.80131
12	29	0.74123
13	29	0.83105
16	29	0.85128
17	29	0.78283
18	29	0.81044
20	29	0.71211
21	29	0.74589
22	29	0.96356
24	29	0.90572
26	29	0.69725
30	29	0.75276
32	29	0.99754
33	29	0.74009
35	29	0.95554
36	29	0.83986
37	29	0.74683
41	29	0.73782
46	29	0.73558
47	29	0.91668
48	29	0.83495
55	29	0.86385
62	29	0.73654
66	29	0.77432
80	29	0.95012
85	29	0.73093
91	29	0.7609
93	29	0.90193
94	29	0.91931
96	29	0.75621
101	29	0.90223
102	29	0.70384
103	29	0.87268
105	29	0.88716
112	29	0.98172
116	29	0.88512
117	29	0.73742
121	29	0.70899
126	29	0.97009
131	29	0.9155
133	29	0.7478
135	29	0.83012
138	29	0.71917
141	29	0.72667
142	29	0.97116
143	29	0.98362
144	29	0.99737
3	30	0.97872
5	30	0.93398
6	30	0.95738
8	30	0.98699
9	30	0.99914
11	30	0.9797
12	30	0.96772
13	30	0.99156
14	30	0.99317
16	30	0.31248
17	30	0.83696
18	30	0.99555
20	30	0.99805
21	30	0.99831
22	30	0.65749
24	30	0.95705
26	30	0.29571
29	30	0.75276
32	30	0.78072
33	30	0.99981
35	30	0.90258
36	30	0.97634
37	30	0.99948
38	30	0.99623
41	30	0.99689
44	30	0.98945
46	30	0.99957
47	30	0.43425
48	30	0.99063
51	30	0.99247
55	30	0.98094
57	30	0.98373
60	30	0.99163
61	30	0.98296
62	30	0.99958
63	30	0.98388
66	30	0.99487
67	30	0.98959
73	30	0.99559
77	30	0.98269
80	30	0.52643
82	30	0.99146
83	30	0.99173
84	30	0.99705
85	30	0.99287
87	30	0.99106
91	30	0.99936
93	30	0.95794
94	30	0.94839
96	30	0.99955
97	30	0.98487
101	30	0.96183
102	30	0.99713
103	30	0.96041
105	30	0.63733
108	30	0.9856
109	30	0.99286
111	30	0.98446
112	30	0.79943
113	30	0.99724
114	30	0.98485
116	30	0.97175
117	30	0.9997
119	30	0.99195
121	30	0.9977
122	30	0.98706
126	30	0.86068
131	30	0.95132
133	30	0.99842
135	30	0.95628
136	30	0.98609
138	30	0.99866
140	30	0.99328
141	30	0.9975
142	30	0.87677
143	30	0.79663
144	30	0.77744
146	30	0.98568
147	30	0.98285
148	30	0.99294
2	31	0.99995
7	31	0.99942
19	31	0.99993
25	31	0.99984
27	31	0.99983
34	31	0.99989
39	31	0.99955
40	31	0.99994
42	31	0.99827
45	31	0.99821
49	31	0.99041
50	31	0.94011
52	31	0.99982
53	31	0.99977
54	31	0.99911
56	31	0.99995
58	31	0.99893
64	31	0.99991
65	31	0.99809
68	31	0.99873
69	31	0.99996
70	31	0.99978
71	31	0.99945
72	31	0.99886
74	31	0.99993
75	31	0.99968
78	31	0.99866
79	31	0.99925
81	31	0.99984
86	31	0.99953
88	31	0.99968
90	31	0.99988
92	31	0.99971
95	31	0.99793
99	31	0.99951
104	31	0.99992
106	31	0.99809
107	31	0.97326
115	31	0.999
118	31	0.99874
120	31	0.99868
124	31	0.99958
125	31	0.99992
127	31	0.99986
128	31	0.99961
129	31	0.99748
130	31	0.99993
132	31	0.99991
134	31	0.998
137	31	0.99983
139	31	0.99813
145	31	0.99928
149	31	0.99904
150	31	0.91421
3	32	0.81176
5	32	0.95103
6	32	0.92628
9	32	0.76456
11	32	0.82418
12	32	0.76485
13	32	0.85491
16	32	0.83222
17	32	0.79345
18	32	0.83545
20	32	0.74164
21	32	0.77166
22	32	0.96192
24	32	0.92279
26	32	0.67616
29	32	0.99754
30	32	0.78072
33	32	0.76873
35	32	0.96661
36	32	0.86092
37	32	0.77487
41	32	0.76629
46	32	0.76432
47	32	0.90091
48	32	0.85839
55	32	0.88568
62	32	0.76533
66	32	0.79991
80	32	0.93954
85	32	0.75926
91	32	0.78676
93	32	0.91924
94	32	0.93656
96	32	0.78347
101	32	0.92093
102	32	0.73379
103	32	0.88316
105	32	0.8899
112	32	0.98438
116	32	0.90477
117	32	0.76606
121	32	0.73893
126	32	0.97992
131	32	0.93311
133	32	0.77602
135	32	0.84939
138	32	0.74852
141	32	0.7551
142	32	0.98188
143	32	0.98552
144	32	0.99887
3	33	0.97695
5	33	0.9271
6	33	0.95182
8	33	0.98968
9	33	0.99936
11	33	0.97762
12	33	0.96686
13	33	0.98893
14	33	0.99515
16	33	0.29471
17	33	0.83179
18	33	0.99361
20	33	0.99898
21	33	0.99838
22	33	0.64422
24	33	0.95143
26	33	0.28125
29	33	0.74009
30	33	0.99981
32	33	0.76873
35	33	0.89428
36	33	0.97307
37	33	0.99949
38	33	0.99771
41	33	0.99713
44	33	0.99194
46	33	0.99987
47	33	0.41713
48	33	0.98784
51	33	0.9946
55	33	0.97715
57	33	0.98588
60	33	0.99387
61	33	0.98623
62	33	0.99991
63	33	0.98696
66	33	0.99384
67	33	0.99205
73	33	0.9969
77	33	0.98593
80	33	0.51035
82	33	0.99373
83	33	0.99271
84	33	0.99823
85	33	0.99298
87	33	0.99284
91	33	0.99892
93	33	0.95241
94	33	0.94229
96	33	0.99921
97	33	0.98782
101	33	0.95653
102	33	0.9983
103	33	0.95584
105	33	0.62728
108	33	0.98854
109	33	0.99475
111	33	0.98599
112	33	0.78811
113	33	0.99839
114	33	0.98762
116	33	0.96711
117	33	0.99995
119	33	0.99411
121	33	0.99877
122	33	0.98983
126	33	0.85136
131	33	0.94542
133	33	0.9985
135	33	0.95277
136	33	0.98889
138	33	0.9994
140	33	0.99452
141	33	0.99799
142	33	0.86772
143	33	0.78517
144	33	0.76533
146	33	0.98856
147	33	0.98604
148	33	0.99491
2	34	0.9999
7	34	0.99923
19	34	0.99967
25	34	0.99998
27	34	0.99956
31	34	0.99989
39	34	0.99919
40	34	0.99982
42	34	0.99748
45	34	0.99744
49	34	0.9908
50	34	0.93974
52	34	0.99997
53	34	0.99948
54	34	0.99842
56	34	0.99992
58	34	0.99829
64	34	0.99967
65	34	0.99713
68	34	0.99804
69	34	0.99995
70	34	0.99947
71	34	0.99901
72	34	0.99889
74	34	0.99992
75	34	0.99931
78	34	0.99795
79	34	0.99871
81	34	0.99962
86	34	0.99909
88	34	0.99949
90	34	0.99998
92	34	0.99942
95	34	0.99712
99	34	0.99919
104	34	0.99978
106	34	0.99736
107	34	0.97316
115	34	0.99834
118	34	0.9987
120	34	0.99838
124	34	0.99969
125	34	0.99992
127	34	0.99997
128	34	0.99929
129	34	0.99648
130	34	0.99994
132	34	0.99978
134	34	0.99717
137	34	0.99998
139	34	0.99737
145	34	0.99874
149	34	0.99915
150	34	0.91459
3	35	0.9302
4	35	0.46902
5	35	0.98829
6	35	0.98036
9	35	0.89451
11	35	0.94059
12	35	0.90432
13	35	0.94822
16	35	0.66443
17	35	0.89817
18	35	0.93727
20	35	0.87689
21	35	0.89502
22	35	0.88182
24	35	0.9884
26	35	0.62767
29	35	0.95554
30	35	0.90258
32	35	0.96661
33	35	0.89428
36	35	0.96142
37	35	0.90035
41	35	0.89384
46	35	0.89145
47	35	0.7709
48	35	0.95083
55	35	0.96287
62	35	0.89228
66	35	0.9227
80	35	0.82156
83	35	0.87644
84	35	0.87033
85	35	0.89509
91	35	0.90661
93	35	0.98786
94	35	0.98329
96	35	0.9069
101	35	0.97957
102	35	0.87177
103	35	0.95824
105	35	0.82226
112	35	0.9793
113	35	0.87169
116	35	0.97817
117	35	0.89307
121	35	0.87401
126	35	0.97863
131	35	0.98192
133	35	0.90069
135	35	0.9552
138	35	0.88178
140	35	0.8699
141	35	0.89001
142	35	0.98412
143	35	0.97877
144	35	0.96889
3	36	0.98948
4	36	0.53155
5	36	0.96247
6	36	0.97444
9	36	0.97603
10	36	0.90098
11	36	0.99735
12	36	0.9836
13	36	0.98713
14	36	0.95381
16	36	0.43515
17	36	0.92494
18	36	0.9863
20	36	0.96681
21	36	0.97196
22	36	0.73858
24	36	0.98877
26	36	0.49365
29	36	0.83986
30	36	0.97634
32	36	0.86092
33	36	0.97307
35	36	0.96142
37	36	0.97778
38	36	0.96151
41	36	0.97409
46	36	0.97194
47	36	0.5693
48	36	0.988
51	36	0.95224
55	36	0.98365
57	36	0.95684
62	36	0.97298
66	36	0.99087
73	36	0.96436
80	36	0.63494
83	36	0.97291
84	36	0.96383
85	36	0.97956
87	36	0.96127
91	36	0.97751
93	36	0.99076
94	36	0.96886
96	36	0.98057
101	36	0.97812
102	36	0.96514
103	36	0.97291
105	36	0.71191
109	36	0.95727
111	36	0.96562
112	36	0.89546
113	36	0.96495
116	36	0.9904
117	36	0.9731
121	36	0.96494
126	36	0.91188
131	36	0.9702
133	36	0.97825
135	36	0.99517
138	36	0.96917
140	36	0.96846
141	36	0.97658
142	36	0.92156
143	36	0.89276
144	36	0.86428
148	36	0.95583
3	37	0.98171
4	37	0.41974
5	37	0.9298
6	37	0.95374
8	37	0.98883
9	37	0.99962
10	37	0.8588
11	37	0.98272
12	37	0.9722
13	37	0.98978
14	37	0.99423
16	37	0.30117
17	37	0.84453
18	37	0.99443
20	37	0.99851
21	37	0.99802
22	37	0.64584
24	37	0.95568
26	37	0.30191
29	37	0.74683
30	37	0.99948
32	37	0.77487
33	37	0.99949
35	37	0.90035
36	37	0.97778
38	37	0.99701
41	37	0.99609
44	37	0.99077
46	37	0.99956
47	37	0.42585
48	37	0.98899
51	37	0.99377
55	37	0.97828
57	37	0.98694
60	37	0.99283
61	37	0.98475
62	37	0.99948
63	37	0.9858
66	37	0.99603
67	37	0.99098
73	37	0.99686
77	37	0.98449
80	37	0.51666
82	37	0.99288
83	37	0.99416
84	37	0.99771
85	37	0.99444
87	37	0.99327
91	37	0.99891
93	37	0.95668
94	37	0.94416
96	37	0.99975
97	37	0.98674
101	37	0.95863
102	37	0.99798
103	37	0.95812
105	37	0.63653
108	37	0.98718
109	37	0.9944
111	37	0.98795
112	37	0.79666
113	37	0.99771
114	37	0.98722
116	37	0.96987
117	37	0.99961
119	37	0.99304
121	37	0.9983
122	37	0.98861
126	37	0.85317
131	37	0.94734
133	37	0.99947
135	37	0.95926
136	37	0.98799
138	37	0.99887
140	37	0.99536
141	37	0.99882
142	37	0.87075
143	37	0.7944
144	37	0.77227
146	37	0.98754
147	37	0.9848
148	37	0.99414
3	38	0.97008
5	38	0.90036
6	38	0.92957
8	38	0.99648
9	38	0.99774
10	38	0.85167
11	38	0.97066
12	38	0.96531
13	38	0.97696
14	38	0.9993
18	38	0.98413
20	38	0.99949
21	38	0.99582
23	38	0.99421
24	38	0.93065
30	38	0.99623
33	38	0.99771
36	38	0.96151
37	38	0.99701
41	38	0.99494
43	38	0.9941
44	38	0.99791
46	38	0.99805
48	38	0.97544
51	38	0.99924
55	38	0.96096
57	38	0.99235
60	38	0.99892
61	38	0.9949
62	38	0.99816
63	38	0.99519
66	38	0.98902
67	38	0.99793
73	38	0.99911
76	38	0.99413
77	38	0.99455
82	38	0.99891
83	38	0.99496
84	38	0.99964
85	38	0.99214
87	38	0.99732
89	38	0.99455
91	38	0.9947
93	38	0.93222
94	38	0.91802
96	38	0.99567
97	38	0.99566
98	38	0.99405
100	38	0.99284
101	38	0.93525
102	38	0.99977
103	38	0.93849
105	38	0.58991
108	38	0.99611
109	38	0.99901
111	38	0.99062
113	38	0.99968
114	38	0.99528
116	38	0.94898
117	38	0.99797
119	38	0.9989
121	38	0.99967
122	38	0.99684
129	38	0.99277
131	38	0.9218
133	38	0.99636
135	38	0.94192
136	38	0.99629
138	38	0.99923
140	38	0.99727
141	38	0.99777
142	38	0.83322
146	38	0.99612
147	38	0.99464
148	38	0.99921
2	39	0.9996
7	39	0.99945
15	39	0.93828
19	39	0.99972
23	39	0.99816
25	39	0.99925
27	39	0.99985
28	39	0.99847
31	39	0.99955
34	39	0.99919
40	39	0.99969
42	39	0.99925
43	39	0.99813
45	39	0.99919
49	39	0.98979
50	39	0.94567
52	39	0.99925
53	39	0.99984
54	39	0.9996
56	39	0.99952
58	39	0.9996
61	39	0.99772
63	39	0.9972
64	39	0.99984
65	39	0.99896
68	39	0.99956
69	39	0.99954
70	39	0.99987
71	39	0.99985
72	39	0.99899
74	39	0.99959
75	39	0.99986
76	39	0.99785
77	39	0.99771
78	39	0.99943
79	39	0.99974
81	39	0.99984
86	39	0.99984
88	39	0.99986
89	39	0.99779
90	39	0.99934
92	39	0.99984
95	39	0.99918
97	39	0.99674
98	39	0.99811
99	39	0.99971
100	39	0.99845
104	39	0.99968
106	39	0.99946
107	39	0.97335
108	39	0.99642
115	39	0.99959
118	39	0.99846
120	39	0.99889
123	39	0.99731
124	39	0.99899
125	39	0.9996
127	39	0.99933
128	39	0.99978
129	39	0.99868
130	39	0.99949
132	39	0.99972
134	39	0.99905
137	39	0.9992
139	39	0.99944
145	39	0.99977
146	39	0.99638
147	39	0.99763
149	39	0.9991
150	39	0.91369
2	40	0.99998
7	40	0.9996
15	40	0.93922
19	40	0.99992
25	40	0.99982
27	40	0.99993
31	40	0.99994
34	40	0.99982
39	40	0.99969
42	40	0.99862
45	40	0.9986
49	40	0.99062
50	40	0.94029
52	40	0.9998
53	40	0.99991
54	40	0.99923
56	40	0.99997
58	40	0.9992
64	40	0.99996
65	40	0.99831
68	40	0.99903
69	40	0.99995
70	40	0.9999
71	40	0.99966
72	40	0.99898
74	40	0.99996
75	40	0.99982
78	40	0.99896
79	40	0.99947
81	40	0.99996
86	40	0.99971
88	40	0.99983
90	40	0.99984
92	40	0.99987
95	40	0.99828
99	40	0.99973
104	40	0.99999
106	40	0.99845
107	40	0.97406
115	40	0.99923
118	40	0.99898
120	40	0.99899
124	40	0.99965
125	40	0.99993
127	40	0.99983
128	40	0.9998
129	40	0.99785
130	40	0.99996
132	40	0.99999
134	40	0.99839
137	40	0.99979
139	40	0.9985
145	40	0.9995
149	40	0.99901
150	40	0.91553
3	41	0.97746
4	41	0.42309
5	41	0.92283
6	41	0.94744
8	41	0.98647
9	41	0.9966
10	41	0.85803
11	41	0.97777
12	41	0.97035
13	41	0.98552
14	41	0.99189
16	41	0.29104
17	41	0.84248
18	41	0.98971
20	41	0.99571
21	41	0.9946
22	41	0.65273
24	41	0.95005
26	41	0.2984
29	41	0.73782
30	41	0.99689
32	41	0.76629
33	41	0.99713
35	41	0.89384
36	41	0.97409
37	41	0.99609
38	41	0.99494
44	41	0.98848
46	41	0.99603
47	41	0.41964
48	41	0.98416
51	41	0.99091
55	41	0.97288
57	41	0.98554
60	41	0.9906
61	41	0.98348
62	41	0.99749
63	41	0.98409
66	41	0.99309
67	41	0.98861
73	41	0.99412
80	41	0.50697
82	41	0.98998
83	41	0.99203
84	41	0.99481
85	41	0.99245
87	41	0.99104
89	41	0.98272
91	41	0.99514
93	41	0.95176
94	41	0.93815
96	41	0.9962
97	41	0.98504
101	41	0.95235
102	41	0.99496
103	41	0.95163
105	41	0.61409
108	41	0.98517
109	41	0.99193
111	41	0.98629
112	41	0.79236
113	41	0.99613
114	41	0.98554
116	41	0.96516
117	41	0.99674
119	41	0.9911
121	41	0.99484
122	41	0.98639
126	41	0.85591
131	41	0.94094
133	41	0.99452
135	41	0.95763
136	41	0.98704
138	41	0.99695
140	41	0.99286
141	41	0.99589
142	41	0.8638
143	41	0.78699
144	41	0.7649
146	41	0.98636
147	41	0.98318
148	41	0.99293
2	42	0.99837
4	42	0.41653
7	42	0.99896
8	42	0.99803
10	42	0.85131
14	42	0.99496
15	42	0.93881
19	42	0.99886
23	42	0.99961
25	42	0.99755
27	42	0.99915
28	42	0.99981
31	42	0.99827
34	42	0.99748
39	42	0.99925
40	42	0.99862
43	42	0.99966
44	42	0.99735
45	42	0.99997
49	42	0.98929
50	42	0.94047
51	42	0.99522
52	42	0.99748
53	42	0.99923
54	42	0.99978
56	42	0.99822
57	42	0.99325
58	42	0.99989
59	42	0.90784
60	42	0.99607
61	42	0.99942
63	42	0.99929
64	42	0.99893
65	42	0.99984
67	42	0.99727
68	42	0.99994
69	42	0.99809
70	42	0.99925
71	42	0.99964
72	42	0.99762
74	42	0.99827
75	42	0.9994
76	42	0.9996
77	42	0.99948
78	42	0.99995
79	42	0.99977
81	42	0.99903
82	42	0.99592
86	42	0.99957
87	42	0.99387
88	42	0.99899
89	42	0.99951
90	42	0.99759
92	42	0.9993
95	42	0.99985
97	42	0.99904
98	42	0.99965
99	42	0.99923
100	42	0.99983
104	42	0.99869
106	42	0.99962
107	42	0.97266
108	42	0.99874
109	42	0.99489
110	42	0.92954
111	42	0.98806
114	42	0.99833
115	42	0.99986
118	42	0.99757
119	42	0.99588
120	42	0.9984
122	42	0.99832
123	42	0.99835
124	42	0.99746
125	42	0.99811
127	42	0.99757
128	42	0.99936
129	42	0.99986
130	42	0.99815
132	42	0.99873
134	42	0.99992
136	42	0.99852
137	42	0.99739
139	42	0.99978
145	42	0.99977
146	42	0.99878
147	42	0.99949
148	42	0.99502
149	42	0.99676
8	43	0.99908
14	43	0.99717
15	43	0.93866
20	43	0.9915
23	43	0.99996
27	43	0.99783
28	43	0.99966
38	43	0.9941
39	43	0.99813
42	43	0.99966
44	43	0.99887
45	43	0.99967
51	43	0.99738
53	43	0.99799
54	43	0.9991
57	43	0.99383
58	43	0.99931
59	43	0.90886
60	43	0.99801
61	43	0.99996
63	43	0.99985
65	43	0.99969
67	43	0.9988
68	43	0.99945
70	43	0.99801
71	43	0.99869
73	43	0.99406
75	43	0.99829
76	43	0.99989
77	43	0.99996
78	43	0.99949
79	43	0.999
81	43	0.99766
82	43	0.99788
84	43	0.99322
86	43	0.9986
87	43	0.99553
88	43	0.99752
89	43	0.99998
92	43	0.99803
95	43	0.99949
97	43	0.99972
98	43	0.99999
99	43	0.9981
100	43	0.99981
102	43	0.99298
106	43	0.99926
108	43	0.99967
109	43	0.99691
110	43	0.93003
111	43	0.98912
113	43	0.99293
114	43	0.9989
115	43	0.99926
119	43	0.99784
121	43	0.99183
122	43	0.99946
123	43	0.9984
128	43	0.99819
129	43	0.99992
134	43	0.99974
136	43	0.99934
139	43	0.99946
140	43	0.99268
145	43	0.99897
146	43	0.99956
147	43	0.99992
148	43	0.99709
3	44	0.9603
8	44	0.99953
9	44	0.9928
10	44	0.85077
12	44	0.95955
14	44	0.99958
18	44	0.97185
20	44	0.9965
21	44	0.98975
23	44	0.99876
28	44	0.99795
30	44	0.98945
33	44	0.99194
37	44	0.99077
38	44	0.99791
41	44	0.98848
42	44	0.99735
43	44	0.99887
45	44	0.99744
46	44	0.99291
51	44	0.99956
54	44	0.99601
57	44	0.99451
58	44	0.99646
59	44	0.91078
60	44	0.99982
61	44	0.99914
62	44	0.99248
63	44	0.99932
65	44	0.99754
66	44	0.98067
67	44	0.99999
68	44	0.99678
73	44	0.9978
76	44	0.99888
77	44	0.99914
78	44	0.99691
79	44	0.9958
82	44	0.9997
83	44	0.99313
84	44	0.99756
85	44	0.98759
87	44	0.9977
89	44	0.99911
91	44	0.98764
95	44	0.99717
96	44	0.98892
97	44	0.99946
98	44	0.99888
100	44	0.99825
102	44	0.99736
106	44	0.99672
108	44	0.99968
109	44	0.99927
110	44	0.9314
111	44	0.99106
113	44	0.99729
114	44	0.99877
115	44	0.99636
117	44	0.99263
119	44	0.9998
121	44	0.99667
122	44	0.99987
123	44	0.99688
129	44	0.99826
133	44	0.98947
134	44	0.99768
136	44	0.99937
138	44	0.99547
139	44	0.99704
140	44	0.99608
141	44	0.99352
146	44	0.99947
147	44	0.99912
148	44	0.99935
2	45	0.99834
7	45	0.99887
8	45	0.99813
14	45	0.99504
15	45	0.93944
19	45	0.99879
23	45	0.99956
25	45	0.9975
27	45	0.99911
28	45	0.99978
31	45	0.99821
34	45	0.99744
39	45	0.99919
40	45	0.9986
42	45	0.99997
43	45	0.99967
44	45	0.99744
49	45	0.98877
51	45	0.99526
52	45	0.99743
53	45	0.99922
54	45	0.9997
56	45	0.9982
57	45	0.99296
58	45	0.9999
59	45	0.90867
60	45	0.99612
61	45	0.99942
63	45	0.9993
64	45	0.99888
65	45	0.9998
67	45	0.99737
68	45	0.99993
69	45	0.99804
70	45	0.99922
71	45	0.99962
72	45	0.99738
74	45	0.99822
75	45	0.99938
76	45	0.99961
77	45	0.99954
78	45	0.99996
79	45	0.99977
81	45	0.99902
82	45	0.99594
86	45	0.99956
87	45	0.99374
88	45	0.9989
89	45	0.99956
90	45	0.99754
92	45	0.99927
95	45	0.99974
97	45	0.99906
98	45	0.99969
99	45	0.99925
100	45	0.99981
