7	2	0.93307
11	2	0.82836
15	2	0.97602
18	2	0.95377
19	2	0.97227
20	2	0.96797
22	2	0.93525
23	2	0.96096
25	2	0.95067
26	2	0.94144
27	2	0.97018
29	2	0.94472
31	2	0.96881
33	2	0.95044
34	2	0.86811
38	2	0.97989
41	2	0.95229
42	2	0.94809
44	2	0.94018
48	2	0.95254
51	2	0.94895
54	2	0.94413
55	2	0.93544
58	2	0.90492
61	2	0.93707
62	2	0.96309
66	2	0.90893
70	2	0.93633
71	2	0.96349
74	2	0.89821
75	2	0.96236
83	2	0.948
85	2	0.93469
86	2	0.94097
88	2	0.93922
93	2	0.90108
95	2	0.94591
97	2	0.93683
99	2	0.94131
101	2	0.93168
102	2	0.88258
104	2	0.94396
107	2	0.94106
110	2	0.93396
114	2	0.95335
116	2	0.92926
117	2	0.94777
120	2	0.94472
123	2	0.93956
125	2	0.94385
126	2	0.93848
127	2	0.9454
129	2	0.9362
139	2	0.95986
141	2	0.94535
143	2	0.9105
144	2	0.94117
146	2	0.94889
147	2	0.93521
148	2	0.93667
149	2	0.65798
6	3	0.53037
8	3	0.92716
9	3	0.56771
10	3	0.70103
11	3	0.60598
12	3	0.60057
14	3	0.74301
28	3	0.58648
45	3	0.74982
46	3	0.6102
49	3	0.67115
52	3	0.56562
56	3	0.58575
57	3	0.75539
58	3	0.52881
60	3	0.49007
61	3	0.45536
64	3	0.48709
65	3	0.51203
66	3	0.51684
69	3	0.50004
72	3	0.62359
73	3	0.89381
74	3	0.50323
76	3	0.46807
78	3	0.51648
79	3	0.51737
80	3	0.51509
82	3	0.46623
84	3	0.58254
85	3	0.51665
87	3	0.52079
89	3	0.55704
92	3	0.52018
94	3	0.5959
96	3	0.6972
98	3	0.6003
101	3	0.47884
106	3	0.46619
113	3	0.4678
116	3	0.49324
119	3	0.46141
124	3	0.71124
132	3	0.70402
133	3	0.55596
134	3	0.57545
136	3	0.51018
138	3	0.52247
145	3	0.541
150	3	0.50924
5	4	0.97133
7	4	0.95399
13	4	0.97251
15	4	0.92924
16	4	0.94799
17	4	0.96224
21	4	0.9551
22	4	0.91144
26	4	0.94831
30	4	0.95411
32	4	0.97945
33	4	0.92415
34	4	0.90012
35	4	0.97578
36	4	0.92697
37	4	0.95922
39	4	0.9748
41	4	0.95958
43	4	0.98795
47	4	0.97868
50	4	0.96357
54	4	0.91289
63	4	0.98243
70	4	0.92077
71	4	0.9327
75	4	0.92146
77	4	0.97398
83	4	0.91266
86	4	0.92302
90	4	0.91423
91	4	0.96619
95	4	0.97113
97	4	0.93771
103	4	0.976
104	4	0.92145
107	4	0.96733
108	4	0.95798
110	4	0.95376
111	4	0.99159
112	4	0.97407
114	4	0.94252
118	4	0.95671
126	4	0.95824
128	4	0.98535
129	4	0.93796
135	4	0.98768
139	4	0.95192
140	4	0.91359
143	4	0.91619
146	4	0.92118
148	4	0.92464
4	5	0.97133
7	5	0.975
13	5	0.9749
15	5	0.95013
16	5	0.93978
17	5	0.98138
18	5	0.9513
21	5	0.95757
22	5	0.92181
24	5	0.93813
26	5	0.9533
30	5	0.95881
32	5	0.96353
33	5	0.94436
34	5	0.89945
35	5	0.958
36	5	0.92922
37	5	0.95058
39	5	0.96557
41	5	0.96979
43	5	0.97264
47	5	0.97231
50	5	0.95717
54	5	0.92239
63	5	0.97405
70	5	0.9344
71	5	0.92771
75	5	0.92245
77	5	0.95468
80	5	0.87999
91	5	0.94466
95	5	0.96836
97	5	0.94132
100	5	0.92519
103	5	0.98096
104	5	0.93916
107	5	0.96372
108	5	0.95276
110	5	0.96027
111	5	0.96837
112	5	0.94727
114	5	0.94945
118	5	0.94955
126	5	0.9502
128	5	0.97066
129	5	0.94244
135	5	0.96301
139	5	0.95628
140	5	0.93085
141	5	0.92774
143	5	0.91969
146	5	0.94236
148	5	0.96471
3	6	0.53037
8	6	0.48979
9	6	0.90399
10	6	0.54161
11	6	0.87464
12	6	0.92767
14	6	0.85103
20	6	0.94909
25	6	0.96952
27	6	0.94506
28	6	0.93001
31	6	0.94992
38	6	0.93564
40	6	0.78915
42	6	0.95366
44	6	0.94579
45	6	0.77309
46	6	0.84342
48	6	0.92639
49	6	0.86543
52	6	0.57661
53	6	0.92572
54	6	0.93969
55	6	0.95943
56	6	0.71546
57	6	0.72033
58	6	0.93769
60	6	0.87616
61	6	0.95024
62	6	0.93703
64	6	0.93082
65	6	0.92037
66	6	0.93219
67	6	0.94584
68	6	0.95803
69	6	0.73312
70	6	0.92636
72	6	0.69188
73	6	0.59713
74	6	0.92413
76	6	0.93975
78	6	0.90812
79	6	0.95788
80	6	0.90196
82	6	0.95345
83	6	0.93561
84	6	0.92135
85	6	0.93075
87	6	0.96044
89	6	0.92376
92	6	0.9624
94	6	0.95895
96	6	0.87366
98	6	0.88075
99	6	0.91544
101	6	0.93248
102	6	0.86444
106	6	0.94964
109	6	0.95949
113	6	0.94212
115	6	0.93804
116	6	0.92666
117	6	0.9563
119	6	0.91868
120	6	0.94326
121	6	0.87943
122	6	0.94577
123	6	0.9626
124	6	0.62528
125	6	0.93128
127	6	0.94193
130	6	0.95683
131	6	0.91986
132	6	0.87128
133	6	0.92472
134	6	0.8929
136	6	0.96287
138	6	0.94262
141	6	0.93967
142	6	0.92664
144	6	0.92152
145	6	0.89944
146	6	0.9251
147	6	0.93682
149	6	0.65959
150	6	0.62563
2	7	0.93307
4	7	0.95399
5	7	0.975
11	7	0.83516
12	7	0.9209
13	7	0.97879
15	7	0.95593
16	7	0.92148
17	7	0.96887
18	7	0.94697
20	7	0.95447
22	7	0.91966
24	7	0.94895
26	7	0.95061
29	7	0.9303
30	7	0.98046
32	7	0.96247
33	7	0.94573
34	7	0.88241
35	7	0.92033
36	7	0.96312
37	7	0.94979
39	7	0.96082
41	7	0.97839
42	7	0.9525
43	7	0.95229
47	7	0.94635
48	7	0.95122
50	7	0.94993
53	7	0.93572
54	7	0.95157
62	7	0.95179
63	7	0.97091
70	7	0.95013
71	7	0.96076
75	7	0.95713
77	7	0.955
80	7	0.92763
81	7	0.92057
83	7	0.951
85	7	0.92609
86	7	0.95484
91	7	0.95086
93	7	0.91036
95	7	0.96999
97	7	0.96618
99	7	0.91737
100	7	0.95333
101	7	0.95623
102	7	0.89343
103	7	0.96285
104	7	0.94256
105	7	0.90234
107	7	0.97336
108	7	0.97454
110	7	0.98184
111	7	0.93576
112	7	0.9558
114	7	0.98149
116	7	0.90374
118	7	0.95518
126	7	0.97155
128	7	0.95806
129	7	0.96465
135	7	0.94298
137	7	0.92213
139	7	0.96995
140	7	0.94391
141	7	0.95795
142	7	0.94211
143	7	0.94915
146	7	0.95583
148	7	0.96405
3	8	0.92716
6	8	0.48979
9	8	0.51311
10	8	0.60759
11	8	0.6049
12	8	0.5669
14	8	0.64678
28	8	0.55721
45	8	0.65785
46	8	0.56173
49	8	0.60081
52	8	0.53333
56	8	0.48573
57	8	0.65663
58	8	0.51321
60	8	0.44674
61	8	0.44915
64	8	0.4483
65	8	0.47944
66	8	0.49994
69	8	0.45188
72	8	0.5279
73	8	0.90408
74	8	0.47401
76	8	0.45488
78	8	0.45721
79	8	0.48283
80	8	0.48537
84	8	0.52879
85	8	0.48431
87	8	0.49563
89	8	0.52671
92	8	0.4847
94	8	0.54219
96	8	0.61396
98	8	0.54213
101	8	0.44566
113	8	0.43231
116	8	0.48105
121	8	0.43085
123	8	0.4391
124	8	0.62621
127	8	0.44125
132	8	0.6738
133	8	0.50298
134	8	0.5079
136	8	0.47486
137	8	0.44202
138	8	0.47342
145	8	0.51373
3	9	0.56771
6	9	0.90399
8	9	0.51311
10	9	0.55331
12	9	0.88946
14	9	0.87021
19	9	0.86614
20	9	0.90538
24	9	0.8707
25	9	0.89251
27	9	0.86924
28	9	0.94071
31	9	0.87983
38	9	0.8743
40	9	0.82242
42	9	0.89399
44	9	0.86891
45	9	0.79125
46	9	0.89447
49	9	0.86599
52	9	0.65257
55	9	0.91513
56	9	0.73885
57	9	0.8139
58	9	0.91297
60	9	0.86821
61	9	0.87309
62	9	0.86746
64	9	0.85211
66	9	0.89525
67	9	0.87386
68	9	0.87379
69	9	0.74467
72	9	0.69576
73	9	0.63558
74	9	0.92918
76	9	0.90435
78	9	0.86354
79	9	0.90804
82	9	0.86449
84	9	0.90731
85	9	0.92985
87	9	0.90878
92	9	0.9029
94	9	0.91697
96	9	0.89977
98	9	0.87705
99	9	0.8869
101	9	0.88739
106	9	0.88417
109	9	0.86727
113	9	0.89925
116	9	0.90552
117	9	0.86749
121	9	0.81646
122	9	0.86688
123	9	0.89118
124	9	0.63988
127	9	0.87502
130	9	0.8673
132	9	0.84689
134	9	0.86893
136	9	0.8681
138	9	0.86909
144	9	0.90686
149	9	0.60089
150	9	0.64051
3	10	0.70103
6	10	0.54161
8	10	0.60759
9	10	0.55331
11	10	0.61431
12	10	0.65948
14	10	0.668
20	10	0.48274
24	10	0.51982
25	10	0.47026
28	10	0.59956
40	10	0.4982
42	10	0.46873
45	10	0.63822
46	10	0.66407
49	10	0.64515
56	10	0.83468
57	10	0.83575
60	10	0.49842
65	10	0.4632
69	10	0.54171
72	10	0.5345
73	10	0.63615
74	10	0.46255
76	10	0.49214
78	10	0.65147
79	10	0.59106
80	10	0.61591
81	10	0.44916
84	10	0.71338
85	10	0.56272
87	10	0.48071
89	10	0.512
92	10	0.45156
94	10	0.55381
96	10	0.77462
98	10	0.61052
101	10	0.51936
102	10	0.53103
113	10	0.46702
116	10	0.57442
124	10	0.61271
132	10	0.6324
133	10	0.61385
134	10	0.69433
136	10	0.49351
138	10	0.48492
144	10	0.46052
145	10	0.49904
150	10	0.44957
2	11	0.82836
3	11	0.60598
6	11	0.87464
7	11	0.83516
8	11	0.6049
10	11	0.61431
12	11	0.88702
13	11	0.8344
20	11	0.86398
24	11	0.85029
25	11	0.84185
27	11	0.82594
28	11	0.83687
30	11	0.83931
31	11	0.82376
36	11	0.82374
38	11	0.85035
41	11	0.83704
42	11	0.86103
48	11	0.83747
49	11	0.83444
50	11	0.82486
54	11	0.85371
56	11	0.6381
57	11	0.69981
58	11	0.82843
61	11	0.85785
62	11	0.83578
66	11	0.8262
67	11	0.83912
70	11	0.83262
71	11	0.83185
73	11	0.7426
74	11	0.82538
76	11	0.831
79	11	0.84624
84	11	0.83938
85	11	0.90163
87	11	0.83904
89	11	0.83629
92	11	0.83321
94	11	0.86366
97	11	0.84759
101	11	0.85096
109	11	0.83085
110	11	0.8486
114	11	0.85195
116	11	0.87507
117	11	0.8577
124	11	0.53449
127	11	0.87849
130	11	0.82876
136	11	0.83784
139	11	0.85629
141	11	0.82922
144	11	0.8293
148	11	0.82373
149	11	0.59349
3	12	0.60057
6	12	0.92767
7	12	0.9209
8	12	0.5669
9	12	0.88946
10	12	0.65948
11	12	0.88702
13	12	0.90047
14	12	0.83097
20	12	0.94118
24	12	0.95125
25	12	0.9136
28	12	0.92837
30	12	0.91955
36	12	0.90251
41	12	0.89474
42	12	0.93675
44	12	0.90243
45	12	0.71267
46	12	0.8368
48	12	0.89454
49	12	0.87366
52	12	0.51897
54	12	0.90342
56	12	0.7281
57	12	0.76854
60	12	0.80845
61	12	0.92073
62	12	0.90357
67	12	0.89558
69	12	0.6264
70	12	0.9013
73	12	0.66721
76	12	0.94242
78	12	0.8945
79	12	0.93453
80	12	0.961
81	12	0.89316
84	12	0.95883
85	12	0.95227
87	12	0.94036
89	12	0.91117
92	12	0.90845
93	12	0.89171
94	12	0.93397
96	12	0.88099
97	12	0.91683
98	12	0.82978
99	12	0.89551
100	12	0.91896
101	12	0.94891
102	12	0.88742
109	12	0.89685
110	12	0.91912
114	12	0.92097
115	12	0.89233
116	12	0.94248
117	12	0.89974
127	12	0.89711
130	12	0.91955
132	12	0.80796
133	12	0.86904
134	12	0.92845
136	12	0.89244
137	12	0.89711
139	12	0.89136
141	12	0.90887
144	12	0.89151
145	12	0.89384
148	12	0.90529
4	13	0.97251
5	13	0.9749
7	13	0.97879
11	13	0.8344
12	13	0.90047
15	13	0.95454
16	13	0.92555
17	13	0.96315
18	13	0.93519
21	13	0.96019
22	13	0.91038
24	13	0.96077
26	13	0.94941
30	13	0.97681
32	13	0.96771
33	13	0.95178
34	13	0.89619
35	13	0.93178
36	13	0.95373
37	13	0.94147
39	13	0.97828
41	13	0.98656
42	13	0.95602
43	13	0.97313
47	13	0.96678
48	13	0.94892
50	13	0.97226
54	13	0.96713
61	13	0.94778
62	13	0.94957
63	13	0.98779
70	13	0.96496
71	13	0.96252
77	13	0.9636
80	13	0.89854
81	13	0.90397
83	13	0.95886
86	13	0.94773
89	13	0.89088
90	13	0.94749
91	13	0.9545
95	13	0.98322
97	13	0.96586
100	13	0.9409
101	13	0.94018
103	13	0.9627
104	13	0.9584
105	13	0.90921
107	13	0.97583
108	13	0.97483
110	13	0.97937
111	13	0.95468
112	13	0.96915
114	13	0.96994
118	13	0.96213
126	13	0.96752
128	13	0.98364
129	13	0.95416
135	13	0.95911
137	13	0.92593
139	13	0.97801
140	13	0.95148
141	13	0.95455
143	13	0.93381
145	13	0.91098
146	13	0.96043
148	13	0.96226
3	14	0.74301
6	14	0.85103
8	14	0.64678
9	14	0.87021
10	14	0.668
12	14	0.83097
25	14	0.79413
28	14	0.89943
40	14	0.79465
45	14	0.92684
46	14	0.8937
49	14	0.8259
52	14	0.75616
55	14	0.82341
56	14	0.79314
57	14	0.83991
58	14	0.85329
60	14	0.83487
64	14	0.83383
65	14	0.84183
66	14	0.8213
67	14	0.79296
68	14	0.79117
69	14	0.78843
72	14	0.8468
73	14	0.68624
74	14	0.83833
76	14	0.79437
78	14	0.82833
79	14	0.83087
82	14	0.8182
84	14	0.85684
85	14	0.80406
87	14	0.84303
89	14	0.81558
92	14	0.86571
94	14	0.89855
96	14	0.9287
98	14	0.91201
106	14	0.82996
109	14	0.77329
113	14	0.85026
116	14	0.777
119	14	0.84044
121	14	0.8275
123	14	0.79196
124	14	0.81003
130	14	0.777
131	14	0.811
132	14	0.90504
133	14	0.87214
134	14	0.85293
136	14	0.83105
138	14	0.85586
150	14	0.79009
2	15	0.97602
4	15	0.92924
5	15	0.95013
7	15	0.95593
13	15	0.95454
16	15	0.9222
17	15	0.92438
18	15	0.96387
19	15	0.97854
20	15	0.94901
21	15	0.96151
22	15	0.96062
23	15	0.97991
24	15	0.9291
26	15	0.96673
27	15	0.94901
29	15	0.96241
31	15	0.95124
32	15	0.94985
33	15	0.97965
34	15	0.90118
35	15	0.9249
36	15	0.95323
37	15	0.95461
38	15	0.96958
39	15	0.96939
41	15	0.97016
43	15	0.9511
47	15	0.96118
48	15	0.95406
50	15	0.94256
51	15	0.94813
54	15	0.95346
59	15	0.94581
62	15	0.96261
63	15	0.95932
70	15	0.95549
71	15	0.96841
75	15	0.97448
77	15	0.93096
83	15	0.95489
85	15	0.91947
86	15	0.95233
88	15	0.95896
90	15	0.95071
91	15	0.95453
93	15	0.91862
95	15	0.98041
97	15	0.95907
99	15	0.9225
100	15	0.95
102	15	0.86426
103	15	0.93335
104	15	0.96752
105	15	0.88073
107	15	0.97257
108	15	0.9641
110	15	0.95977
111	15	0.91853
112	15	0.94819
114	15	0.96775
118	15	0.95422
120	15	0.93571
125	15	0.92653
126	15	0.96355
128	15	0.94842
129	15	0.95646
135	15	0.94181
139	15	0.97375
141	15	0.9553
143	15	0.92541
144	15	0.91901
146	15	0.95779
147	15	0.91671
148	15	0.96117
4	16	0.94799
5	16	0.93978
7	16	0.92148
13	16	0.92555
15	16	0.9222
17	16	0.91556
18	16	0.92419
21	16	0.93553
22	16	0.91536
23	16	0.88613
26	16	0.94634
29	16	0.90159
30	16	0.90398
32	16	0.97504
33	16	0.93388
34	16	0.93508
35	16	0.9653
36	16	0.9054
37	16	0.97342
39	16	0.93645
41	16	0.92369
43	16	0.95353
47	16	0.95794
50	16	0.91243
51	16	0.90262
63	16	0.94983
71	16	0.89071
75	16	0.91711
77	16	0.94706
83	16	0.89312
86	16	0.9147
91	16	0.96533
95	16	0.94205
97	16	0.89613
103	16	0.95744
104	16	0.92105
107	16	0.95405
108	16	0.9333
110	16	0.90445
111	16	0.95353
112	16	0.9326
114	16	0.8963
118	16	0.94181
126	16	0.91227
128	16	0.93544
129	16	0.90826
135	16	0.95739
139	16	0.90295
143	16	0.93896
146	16	0.89455
4	17	0.96224
5	17	0.98138
7	17	0.96887
13	17	0.96315
15	17	0.92438
16	17	0.91556
18	17	0.92595
21	17	0.91874
24	17	0.9215
26	17	0.93433
30	17	0.95283
32	17	0.95104
33	17	0.91528
34	17	0.87196
35	17	0.92793
36	17	0.91538
37	17	0.93598
39	17	0.9462
41	17	0.96137
43	17	0.95301
47	17	0.94505
50	17	0.94362
54	17	0.90666
63	17	0.95899
70	17	0.91455
71	17	0.91306
75	17	0.90638
77	17	0.93967
86	17	0.90859
91	17	0.92581
95	17	0.9467
97	17	0.92747
100	17	0.91267
103	17	0.9552
107	17	0.94597
108	17	0.93239
110	17	0.94743
111	17	0.94501
112	17	0.9348
114	17	0.93629
118	17	0.92593
126	17	0.93547
128	17	0.95337
129	17	0.92414
135	17	0.93788
139	17	0.9496
140	17	0.91166
141	17	0.91653
143	17	0.92281
146	17	0.92497
148	17	0.94106
2	18	0.95377
5	18	0.9513
7	18	0.94697
13	18	0.93519
15	18	0.96387
16	18	0.92419
17	18	0.92595
19	18	0.94211
21	18	0.94193
22	18	0.93546
23	18	0.95085
26	18	0.96601
29	18	0.9532
30	18	0.92435
32	18	0.9345
33	18	0.95372
34	18	0.88719
35	18	0.91353
37	18	0.94835
38	18	0.94078
39	18	0.94422
41	18	0.95254
43	18	0.93281
47	18	0.94609
50	18	0.91993
62	18	0.93079
63	18	0.93711
70	18	0.92635
71	18	0.93815
75	18	0.93965
83	18	0.92643
86	18	0.92858
88	18	0.92825
91	18	0.93059
93	18	0.91598
95	18	0.95091
97	18	0.92415
100	18	0.93134
101	18	0.92444
102	18	0.861
103	18	0.94321
104	18	0.93943
107	18	0.94147
108	18	0.93988
111	18	0.90763
112	18	0.93149
114	18	0.93814
118	18	0.92558
126	18	0.93167
128	18	0.9283
129	18	0.9241
135	18	0.91906
139	18	0.94714
141	18	0.93956
143	18	0.92571
146	18	0.9533
148	18	0.95401
2	19	0.97227
9	19	0.86614
15	19	0.97854
18	19	0.94211
20	19	0.95208
21	19	0.94412
22	19	0.92763
23	19	0.98385
24	19	0.94026
25	19	0.94717
27	19	0.96485
29	19	0.95607
31	19	0.97178
33	19	0.96381
38	19	0.97727
39	19	0.94008
40	19	0.73334
41	19	0.9451
42	19	0.95486
44	19	0.95515
48	19	0.9466
54	19	0.95131
55	19	0.95144
58	19	0.90885
59	19	0.94005
61	19	0.94883
62	19	0.9721
64	19	0.86394
67	19	0.93257
68	19	0.94714
70	19	0.96044
71	19	0.96335
74	19	0.92087
75	19	0.95236
76	19	0.94053
81	19	0.90231
83	19	0.95065
85	19	0.92171
88	19	0.9664
90	19	0.94548
93	19	0.931
95	19	0.95387
97	19	0.94745
99	19	0.93159
100	19	0.94823
102	19	0.86526
104	19	0.94748
106	19	0.92111
108	19	0.94013
110	19	0.93833
113	19	0.91145
114	19	0.95016
116	19	0.9058
117	19	0.95299
120	19	0.93732
122	19	0.94042
123	19	0.92463
125	19	0.94466
126	19	0.93935
127	19	0.9443
130	19	0.94337
139	19	0.95899
141	19	0.95578
144	19	0.94366
146	19	0.95208
147	19	0.93741
148	19	0.95266
149	19	0.63515
2	20	0.96797
6	20	0.94909
7	20	0.95447
9	20	0.90538
10	20	0.48274
11	20	0.86398
12	20	0.94118
15	20	0.94901
19	20	0.95208
22	20	0.90849
24	20	0.94463
25	20	0.97614
27	20	0.97504
28	20	0.90017
29	20	0.93805
30	20	0.94855
31	20	0.96646
36	20	0.95045
38	20	0.96229
41	20	0.95353
42	20	0.97242
44	20	0.95973
45	20	0.67696
46	20	0.78536
48	20	0.95812
49	20	0.8401
52	20	0.51205
53	20	0.94831
54	20	0.95007
55	20	0.94882
56	20	0.63131
57	20	0.64716
58	20	0.92443
60	20	0.80971
61	20	0.95279
62	20	0.96848
66	20	0.94366
67	20	0.9291
68	20	0.93277
71	20	0.95826
73	20	0.5587
74	20	0.91972
75	20	0.94765
76	20	0.95999
78	20	0.88237
79	20	0.95048
80	20	0.91127
81	20	0.91307
82	20	0.89583
83	20	0.95148
84	20	0.90643
85	20	0.96789
87	20	0.96101
92	20	0.93229
93	20	0.90799
94	20	0.9341
96	20	0.81155
97	20	0.95138
98	20	0.81281
99	20	0.95001
100	20	0.95234
101	20	0.96729
102	20	0.91065
106	20	0.91596
109	20	0.95417
110	20	0.95375
113	20	0.90441
114	20	0.96657
115	20	0.94229
116	20	0.96617
117	20	0.95866
120	20	0.94124
121	20	0.81479
122	20	0.94453
123	20	0.95566
125	20	0.92594
126	20	0.94336
127	20	0.94961
130	20	0.95141
132	20	0.79324
133	20	0.84055
134	20	0.87108
136	20	0.91858
137	20	0.92583
138	20	0.88779
139	20	0.95672
141	20	0.95498
142	20	0.9401
143	20	0.92202
144	20	0.9522
146	20	0.94914
147	20	0.93705
148	20	0.94343
149	20	0.61729
4	21	0.9551
5	21	0.95757
13	21	0.96019
15	21	0.96151
16	21	0.93553
17	21	0.91874
18	21	0.94193
19	21	0.94412
22	21	0.9204
23	21	0.96554
24	21	0.92969
26	21	0.9473
29	21	0.93784
30	21	0.95082
32	21	0.95035
33	21	0.97558
34	21	0.90219
35	21	0.94508
36	21	0.93726
37	21	0.94641
39	21	0.97423
41	21	0.95126
43	21	0.97374
47	21	0.98573
50	21	0.93999
62	21	0.93626
63	21	0.971
70	21	0.96282
71	21	0.94946
75	21	0.94064
77	21	0.95454
86	21	0.94341
88	21	0.96514
90	21	0.94217
91	21	0.96173
93	21	0.91981
95	21	0.97738
97	21	0.95204
100	21	0.94286
103	21	0.96859
104	21	0.94351
107	21	0.96494
108	21	0.96534
110	21	0.94975
111	21	0.95343
112	21	0.95891
114	21	0.94466
118	21	0.95897
126	21	0.95352
128	21	0.96659
129	21	0.93862
135	21	0.96191
139	21	0.95557
141	21	0.94372
146	21	0.94617
148	21	0.95264
2	22	0.93525
4	22	0.91144
5	22	0.92181
7	22	0.91966
13	22	0.91038
15	22	0.96062
16	22	0.91536
18	22	0.93546
19	22	0.92763
20	22	0.90849
21	22	0.9204
23	22	0.91369
26	22	0.9511
29	22	0.94108
30	22	0.91266
32	22	0.92302
33	22	0.92692
34	22	0.90826
35	22	0.91707
36	22	0.94126
37	22	0.94862
38	22	0.906
39	22	0.92266
41	22	0.93238
43	22	0.9146
47	22	0.93421
50	22	0.92406
63	22	0.9185
71	22	0.91549
75	22	0.93735
77	22	0.92148
91	22	0.9278
95	22	0.93803
97	22	0.92055
100	22	0.9092
103	22	0.90618
104	22	0.91145
107	22	0.93495
108	22	0.93043
110	22	0.91229
111	22	0.90816
112	22	0.90804
114	22	0.92508
126	22	0.93453
128	22	0.9187
129	22	0.90799
135	22	0.91925
139	22	0.93161
143	22	0.92883
148	22	0.90917
2	23	0.96096
15	23	0.97991
16	23	0.88613
18	23	0.95085
19	23	0.98385
21	23	0.96554
22	23	0.91369
24	23	0.92841
26	23	0.94549
27	23	0.95456
29	23	0.95098
31	23	0.96391
33	23	0.98382
34	23	0.85932
35	23	0.88683
37	23	0.92497
38	23	0.97291
39	23	0.96376
41	23	0.95402
42	23	0.94398
43	23	0.93866
44	23	0.94122
47	23	0.94877
48	23	0.95665
50	23	0.92155
51	23	0.94825
54	23	0.96258
59	23	0.94837
61	23	0.94671
62	23	0.97035
63	23	0.94424
64	23	0.85588
67	23	0.92885
68	23	0.94666
70	23	0.96773
71	23	0.97136
75	23	0.96002
81	23	0.91217
83	23	0.96115
86	23	0.95435
88	23	0.9789
90	23	0.95024
93	23	0.91884
95	23	0.96856
97	23	0.94638
100	23	0.94767
104	23	0.94989
105	23	0.88431
106	23	0.9155
107	23	0.95296
108	23	0.95317
110	23	0.94104
112	23	0.94356
113	23	0.8811
114	23	0.9534
117	23	0.95798
118	23	0.94612
120	23	0.94984
125	23	0.94676
126	23	0.94763
129	23	0.94032
130	23	0.94115
135	23	0.91735
139	23	0.96697
141	23	0.97239
144	23	0.92751
146	23	0.96897
147	23	0.93918
148	23	0.95686
149	23	0.61561
5	24	0.93813
7	24	0.94895
9	24	0.8707
10	24	0.51982
11	24	0.85029
12	24	0.95125
13	24	0.96077
15	24	0.9291
17	24	0.9215
19	24	0.94026
20	24	0.94463
21	24	0.92969
23	24	0.92841
25	24	0.93051
28	24	0.89866
30	24	0.96075
33	24	0.9285
36	24	0.93304
38	24	0.93173
39	24	0.92785
41	24	0.95665
42	24	0.96482
44	24	0.9409
48	24	0.92959
49	24	0.83154
50	24	0.9181
54	24	0.95048
56	24	0.63649
57	24	0.68547
61	24	0.95399
62	24	0.95137
63	24	0.93606
67	24	0.92805
70	24	0.96935
71	24	0.93855
76	24	0.94946
78	24	0.85088
79	24	0.9129
80	24	0.93469
81	24	0.93045
83	24	0.93512
84	24	0.90337
85	24	0.94016
88	24	0.94257
89	24	0.90959
93	24	0.942
95	24	0.9418
96	24	0.79987
97	24	0.95803
99	24	0.92208
100	24	0.95329
101	24	0.94859
102	24	0.88944
108	24	0.93702
110	24	0.95949
113	24	0.89666
114	24	0.95253
116	24	0.91889
117	24	0.94189
126	24	0.93112
127	24	0.93185
128	24	0.93252
130	24	0.95794
131	24	0.89621
134	24	0.88327
139	24	0.95268
140	24	0.93399
141	24	0.95511
144	24	0.91591
145	24	0.89905
146	24	0.94561
148	24	0.96851
2	25	0.95067
6	25	0.96952
9	25	0.89251
10	25	0.47026
11	25	0.84185
12	25	0.9136
14	25	0.79413
19	25	0.94717
20	25	0.97614
24	25	0.93051
27	25	0.97232
28	25	0.90719
29	25	0.93005
31	25	0.96965
38	25	0.96087
40	25	0.75888
42	25	0.96982
44	25	0.96085
45	25	0.70868
46	25	0.79398
48	25	0.94908
49	25	0.81104
51	25	0.93955
52	25	0.55808
53	25	0.9529
54	25	0.94888
55	25	0.97343
56	25	0.65804
58	25	0.93468
60	25	0.83612
61	25	0.95325
62	25	0.96313
64	25	0.90693
65	25	0.87406
66	25	0.92553
67	25	0.94623
68	25	0.96001
69	25	0.66366
70	25	0.94924
71	25	0.94888
72	25	0.61707
74	25	0.93619
76	25	0.95197
78	25	0.89458
79	25	0.95816
80	25	0.89958
81	25	0.92967
82	25	0.94784
83	25	0.95698
84	25	0.90345
85	25	0.95262
86	25	0.94163
87	25	0.96236
88	25	0.9497
89	25	0.89543
90	25	0.93919
92	25	0.9571
93	25	0.91558
94	25	0.94851
96	25	0.82341
97	25	0.93944
98	25	0.83906
99	25	0.93269
100	25	0.95284
101	25	0.9467
102	25	0.87566
106	25	0.95028
109	25	0.96352
113	25	0.93664
114	25	0.941
115	25	0.94199
116	25	0.93307
117	25	0.9645
119	25	0.90342
120	25	0.95692
121	25	0.86571
122	25	0.94597
123	25	0.96914
125	25	0.95787
127	25	0.94515
130	25	0.95955
131	25	0.90282
132	25	0.81344
133	25	0.87457
134	25	0.86826
136	25	0.93424
138	25	0.93531
139	25	0.93898
141	25	0.95535
142	25	0.94933
144	25	0.95108
146	25	0.94892
147	25	0.93702
149	25	0.62377
150	25	0.57074
2	26	0.94144
4	26	0.94831
5	26	0.9533
7	26	0.95061
13	26	0.94941
15	26	0.96673
16	26	0.94634
17	26	0.93433
18	26	0.96601
21	26	0.9473
22	26	0.9511
23	26	0.94549
29	26	0.93742
30	26	0.93614
32	26	0.96988
33	26	0.95764
34	26	0.8927
35	26	0.95236
37	26	0.97747
39	26	0.97078
41	26	0.96193
43	26	0.96441
47	26	0.96718
50	26	0.93757
51	26	0.94084
62	26	0.9372
63	26	0.96162
71	26	0.95184
75	26	0.95595
77	26	0.93796
83	26	0.939
86	26	0.94608
88	26	0.93182
91	26	0.96339
95	26	0.97026
103	26	0.95032
104	26	0.94568
107	26	0.97261
108	26	0.96027
110	26	0.93846
111	26	0.9456
112	26	0.96395
114	26	0.94663
118	26	0.952
126	26	0.9644
128	26	0.94558
129	26	0.95468
135	26	0.95913
139	26	0.95747
140	26	0.9314
143	26	0.93049
146	26	0.95495
148	26	0.94459
2	27	0.97018
6	27	0.94506
9	27	0.86924
11	27	0.82594
15	27	0.94901
19	27	0.96485
20	27	0.97504
23	27	0.95456
25	27	0.97232
29	27	0.92565
31	27	0.98609
33	27	0.93642
38	27	0.9737
40	27	0.72031
41	27	0.9388
42	27	0.95765
44	27	0.95548
48	27	0.95556
51	27	0.94459
54	27	0.96197
55	27	0.95587
58	27	0.9144
60	27	0.81045
61	27	0.95794
62	27	0.97842
64	27	0.88892
65	27	0.85746
66	27	0.92265
67	27	0.93307
68	27	0.96485
69	27	0.62623
70	27	0.94443
71	27	0.9662
74	27	0.90546
75	27	0.94194
76	27	0.9347
79	27	0.93059
81	27	0.91095
82	27	0.9179
83	27	0.96114
84	27	0.86413
85	27	0.92961
86	27	0.93823
87	27	0.94069
88	27	0.94662
92	27	0.93015
99	27	0.94434
100	27	0.93515
101	27	0.92957
102	27	0.8874
106	27	0.93196
109	27	0.96525
113	27	0.91909
114	27	0.94877
115	27	0.94824
116	27	0.93542
117	27	0.97418
119	27	0.86759
120	27	0.95123
121	27	0.8261
122	27	0.96084
123	27	0.95449
125	27	0.95515
127	27	0.94756
129	27	0.94311
130	27	0.95105
132	27	0.77757
136	27	0.93871
138	27	0.89852
139	27	0.95517
140	27	0.93023
141	27	0.95364
142	27	0.93421
144	27	0.94538
146	27	0.96204
147	27	0.96734
148	27	0.94522
149	27	0.69151
3	28	0.58648
6	28	0.93001
8	28	0.55721
9	28	0.94071
10	28	0.59956
11	28	0.83687
12	28	0.92837
14	28	0.89943
20	28	0.90017
24	28	0.89866
25	28	0.90719
31	28	0.88768
40	28	0.86371
42	28	0.90395
44	28	0.88262
45	28	0.80937
46	28	0.92056
49	28	0.83477
52	28	0.67376
55	28	0.93287
56	28	0.77845
57	28	0.81573
58	28	0.93387
60	28	0.90086
61	28	0.88894
64	28	0.88795
65	28	0.87822
66	28	0.87577
67	28	0.89584
68	28	0.89295
69	28	0.76957
72	28	0.69639
73	28	0.65446
74	28	0.95266
76	28	0.93424
78	28	0.9031
79	28	0.92582
80	28	0.88093
82	28	0.88889
84	28	0.94551
85	28	0.93049
87	28	0.94147
92	28	0.93001
93	28	0.89399
94	28	0.9455
96	28	0.92436
98	28	0.90518
100	28	0.87561
101	28	0.90328
106	28	0.91561
113	28	0.93665
116	28	0.89714
119	28	0.85731
121	28	0.84701
122	28	0.87951
123	28	0.8952
124	28	0.67638
127	28	0.87787
130	28	0.89328
131	28	0.87598
132	28	0.87632
133	28	0.89344
134	28	0.89212
136	28	0.88636
138	28	0.87939
144	28	0.90175
150	28	0.63333
2	29	0.94472
7	29	0.9303
15	29	0.96241
16	29	0.90159
18	29	0.9532
19	29	0.95607
20	29	0.93805
21	29	0.93784
22	29	0.94108
23	29	0.95098
25	29	0.93005
26	29	0.93742
27	29	0.92565
30	29	0.92847
31	29	0.93478
33	29	0.96822
34	29	0.87191
36	29	0.94258
37	29	0.93421
38	29	0.9468
39	29	0.92379
41	29	0.93282
42	29	0.94256
44	29	0.93279
47	29	0.93054
48	29	0.92726
51	29	0.9284
53	29	0.92618
62	29	0.93685
70	29	0.9349
71	29	0.93607
74	29	0.89786
75	29	0.94393
83	29	0.93099
86	29	0.93792
88	29	0.9406
91	29	0.92707
93	29	0.93919
95	29	0.94286
97	29	0.94014
100	29	0.95592
101	29	0.92725
104	29	0.92501
107	29	0.93015
108	29	0.94121
110	29	0.92315
114	29	0.93312
126	29	0.92675
139	29	0.93453
141	29	0.95179
143	29	0.94383
144	29	0.91374
146	29	0.94308
148	29	0.9469
4	30	0.95411
5	30	0.95881
7	30	0.98046
11	30	0.83931
12	30	0.91955
13	30	0.97681
16	30	0.90398
17	30	0.95283
18	30	0.92435
20	30	0.94855
21	30	0.95082
22	30	0.91266
24	30	0.96075
26	30	0.93614
29	30	0.92847
32	30	0.94909
33	30	0.94961
34	30	0.87281
35	30	0.90452
36	30	0.97543
37	30	0.9355
39	30	0.96513
41	30	0.97289
42	30	0.96576
43	30	0.95218
44	30	0.95395
47	30	0.95318
48	30	0.95526
49	30	0.80905
50	30	0.93928
51	30	0.94383
53	30	0.95787
54	30	0.95733
59	30	0.95111
61	30	0.95049
62	30	0.9578
63	30	0.97587
70	30	0.97355
71	30	0.97392
75	30	0.96425
76	30	0.94659
77	30	0.96708
80	30	0.92399
81	30	0.93309
83	30	0.9563
85	30	0.92938
86	30	0.97006
88	30	0.95419
89	30	0.9126
90	30	0.96019
91	30	0.95821
93	30	0.92179
95	30	0.97437
97	30	0.98473
100	30	0.97255
101	30	0.94787
102	30	0.86113
103	30	0.95765
104	30	0.93483
105	30	0.90154
107	30	0.97468
108	30	0.98394
110	30	0.98901
111	30	0.93233
112	30	0.96401
114	30	0.98617
115	30	0.93605
118	30	0.9629
126	30	0.97887
127	30	0.94513
128	30	0.96171
129	30	0.95629
130	30	0.95035
135	30	0.93805
137	30	0.95077
139	30	0.97569
140	30	0.94176
141	30	0.9675
142	30	0.95534
143	30	0.9427
145	30	0.91251
146	30	0.95826
148	30	0.95922
2	31	0.96881
6	31	0.94992
9	31	0.87983
11	31	0.82376
15	31	0.95124
19	31	0.97178
20	31	0.96646
23	31	0.96391
25	31	0.96965
27	31	0.98609
28	31	0.88768
29	31	0.93478
33	31	0.94831
38	31	0.97741
40	31	0.75565
42	31	0.9716
44	31	0.95462
48	31	0.96063
51	31	0.95269
52	31	0.49485
53	31	0.94346
54	31	0.96543
55	31	0.96268
58	31	0.92434
59	31	0.9465
60	31	0.84113
61	31	0.9674
62	31	0.98324
64	31	0.90775
65	31	0.88824
66	31	0.90913
67	31	0.94719
68	31	0.97095
69	31	0.64987
70	31	0.95473
71	31	0.96546
74	31	0.91871
75	31	0.95048
76	31	0.94957
78	31	0.86674
79	31	0.93968
81	31	0.92549
82	31	0.93737
83	31	0.96393
84	31	0.86784
85	31	0.92844
86	31	0.94583
87	31	0.94926
88	31	0.95878
90	31	0.94126
92	31	0.93923
93	31	0.91123
94	31	0.91541
99	31	0.95356
100	31	0.94274
101	31	0.93524
102	31	0.88361
104	31	0.93746
106	31	0.93862
109	31	0.9637
113	31	0.92028
114	31	0.94936
115	31	0.93108
116	31	0.93206
117	31	0.96871
119	31	0.88652
120	31	0.96514
121	31	0.84425
122	31	0.96455
123	31	0.96474
125	31	0.95946
127	31	0.95261
130	31	0.9603
131	31	0.90214
132	31	0.78162
133	31	0.84223
134	31	0.83942
136	31	0.93629
137	31	0.91891
138	31	0.8994
139	31	0.94736
141	31	0.96061
142	31	0.94208
144	31	0.9465
146	31	0.95876
147	31	0.95806
148	31	0.94227
149	31	0.65274
150	31	0.50848
4	32	0.97945
5	32	0.96353
7	32	0.96247
13	32	0.96771
15	32	0.94985
16	32	0.97504
17	32	0.95104
18	32	0.9345
21	32	0.95035
22	32	0.92302
26	32	0.96988
30	32	0.94909
33	32	0.94962
34	32	0.90814
35	32	0.97177
36	32	0.93539
37	32	0.98216
39	32	0.97456
41	32	0.96463
43	32	0.98133
47	32	0.97565
48	32	0.93371
50	32	0.95702
51	32	0.93805
54	32	0.93053
63	32	0.9836
71	32	0.94482
75	32	0.94794
77	32	0.96751
83	32	0.94493
86	32	0.953
90	32	0.93214
91	32	0.98424
95	32	0.97875
97	32	0.93927
103	32	0.97095
104	32	0.94605
105	32	0.89356
107	32	0.98204
108	32	0.96826
110	32	0.95374
111	32	0.97113
112	32	0.97792
114	32	0.94762
118	32	0.97322
126	32	0.95748
128	32	0.97135
129	32	0.95047
135	32	0.97809
139	32	0.9533
140	32	0.92945
143	32	0.94845
146	32	0.94409
2	33	0.95044
4	33	0.92415
5	33	0.94436
7	33	0.94573
13	33	0.95178
15	33	0.97965
16	33	0.93388
17	33	0.91528
18	33	0.95372
19	33	0.96381
21	33	0.97558
22	33	0.92692
23	33	0.98382
24	33	0.9285
26	33	0.95764
27	33	0.93642
29	33	0.96822
30	33	0.94961
31	33	0.94831
32	33	0.94962
34	33	0.90259
35	33	0.91508
36	33	0.94056
37	33	0.95376
38	33	0.95922
39	33	0.96783
41	33	0.96245
42	33	0.94692
43	33	0.95396
47	33	0.96784
48	33	0.94953
50	33	0.9305
51	33	0.95294
54	33	0.95141
59	33	0.94272
62	33	0.96199
63	33	0.96176
70	33	0.96205
71	33	0.9611
75	33	0.96355
77	33	0.92678
81	33	0.92282
83	33	0.95816
86	33	0.96114
88	33	0.97182
91	33	0.95722
93	33	0.92679
95	33	0.97542
97	33	0.95019
100	33	0.95197
103	33	0.94523
104	33	0.9506
105	33	0.88878
107	33	0.97195
108	33	0.96411
110	33	0.94814
111	33	0.91627
112	33	0.95185
114	33	0.95215
118	33	0.95619
120	33	0.9419
126	33	0.95565
128	33	0.94173
129	33	0.94926
135	33	0.93692
139	33	0.96452
140	33	0.92617
141	33	0.96999
142	33	0.93961
143	33	0.9278
146	33	0.96539
148	33	0.96046
2	34	0.86811
4	34	0.90012
5	34	0.89945
7	34	0.88241
13	34	0.89619
15	34	0.90118
16	34	0.93508
17	34	0.87196
18	34	0.88719
21	34	0.90219
22	34	0.90826
23	34	0.85932
26	34	0.8927
29	34	0.87191
30	34	0.87281
32	34	0.90814
33	34	0.90259
35	34	0.90109
36	34	0.89584
37	34	0.89907
38	34	0.86159
39	34	0.89637
41	34	0.90983
43	34	0.8967
47	34	0.9114
50	34	0.90236
63	34	0.90239
71	34	0.85574
75	34	0.87233
77	34	0.89353
90	34	0.85874
91	34	0.89623
95	34	0.90811
97	34	0.88818
103	34	0.89964
104	34	0.89116
107	34	0.91383
108	34	0.88574
110	34	0.8747
111	34	0.90486
112	34	0.87922
114	34	0.87347
118	34	0.87891
126	34	0.87253
128	34	0.92066
129	34	0.87097
135	34	0.90238
139	34	0.89232
143	34	0.88489
148	34	0.85252
4	35	0.97578
5	35	0.958
7	35	0.92033
13	35	0.93178
15	35	0.9249
16	35	0.9653
17	35	0.92793
18	35	0.91353
21	35	0.94508
22	35	0.91707
23	35	0.88683
26	35	0.95236
30	35	0.90452
32	35	0.97177
33	35	0.91508
34	35	0.90109
36	35	0.89004
37	35	0.96804
39	35	0.95372
41	35	0.92362
43	35	0.9766
47	35	0.97373
50	35	0.93306
63	35	0.9566
71	35	0.89267
75	35	0.905
77	35	0.95396
86	35	0.89231
88	35	0.87659
91	35	0.95791
95	35	0.94903
97	35	0.89217
103	35	0.96773
104	35	0.90925
107	35	0.94963
108	35	0.9321
110	35	0.91125
111	35	0.98858
112	35	0.9462
114	35	0.89979
118	35	0.94165
126	35	0.92863
128	35	0.9556
129	35	0.91952
135	35	0.98828
139	35	0.90933
140	35	0.88086
143	35	0.89031
146	35	0.8874
148	35	0.89597
4	36	0.92697
5	36	0.92922
7	36	0.96312
11	36	0.82374
12	36	0.90251
13	36	0.95373
15	36	0.95323
16	36	0.9054
17	36	0.91538
20	36	0.95045
21	36	0.93726
22	36	0.94126
24	36	0.93304
29	36	0.94258
30	36	0.97543
32	36	0.93539
33	36	0.94056
34	36	0.89584
35	36	0.89004
37	36	0.93548
39	36	0.93825
41	36	0.95487
42	36	0.95965
44	36	0.94635
47	36	0.9315
48	36	0.95361
50	36	0.92767
51	36	0.94294
53	36	0.95217
59	36	0.94861
62	36	0.94455
63	36	0.94898
70	36	0.94646
71	36	0.96022
74	36	0.902
75	36	0.96598
76	36	0.94486
77	36	0.95675
80	36	0.89248
83	36	0.93607
85	36	0.93766
86	36	0.95848
87	36	0.93861
90	36	0.95866
91	36	0.95274
93	36	0.90991
95	36	0.96041
97	36	0.98131
100	36	0.96758
101	36	0.94502
103	36	0.92608
105	36	0.8929
107	36	0.96261
108	36	0.97907
110	36	0.97385
111	36	0.90757
112	36	0.93993
114	36	0.98019
118	36	0.94267
126	36	0.96732
127	36	0.93541
128	36	0.93975
129	36	0.93666
135	36	0.91691
137	36	0.94677
139	36	0.95375
141	36	0.9486
142	36	0.93781
143	36	0.95232
4	37	0.95922
5	37	0.95058
7	37	0.94979
13	37	0.94147
15	37	0.95461
16	37	0.97342
17	37	0.93598
18	37	0.94835
21	37	0.94641
22	37	0.94862
23	37	0.92497
26	37	0.97747
29	37	0.93421
30	37	0.9355
32	37	0.98216
33	37	0.95376
34	37	0.89907
35	37	0.96804
36	37	0.93548
39	37	0.95993
41	37	0.9444
43	37	0.96732
47	37	0.96771
50	37	0.93231
51	37	0.93596
63	37	0.96432
71	37	0.93522
75	37	0.95715
77	37	0.95682
83	37	0.91992
86	37	0.94914
91	37	0.98039
95	37	0.96206
97	37	0.92351
103	37	0.96141
104	37	0.92137
107	37	0.96868
108	37	0.96535
110	37	0.93131
111	37	0.95787
112	37	0.96355
114	37	0.93705
118	37	0.95185
126	37	0.95572
128	37	0.94464
129	37	0.93821
135	37	0.96796
139	37	0.93593
141	37	0.92223
143	37	0.95414
146	37	0.92649
2	38	0.97989
6	38	0.93564
9	38	0.8743
11	38	0.85035
15	38	0.96958
18	38	0.94078
19	38	0.97727
20	38	0.96229
22	38	0.906
23	38	0.97291
24	38	0.93173
25	38	0.96087
27	38	0.9737
29	38	0.9468
31	38	0.97741
33	38	0.95922
34	38	0.86159
41	38	0.95572
42	38	0.96739
44	38	0.95362
48	38	0.96953
51	38	0.95033
53	38	0.93668
54	38	0.9722
55	38	0.95703
58	38	0.91888
59	38	0.94578
61	38	0.96327
62	38	0.96884
64	38	0.87978
65	38	0.84732
66	38	0.88838
67	38	0.94921
68	38	0.95413
70	38	0.96166
71	38	0.968
74	38	0.92373
75	38	0.94573
79	38	0.90958
82	38	0.90395
83	38	0.96743
85	38	0.93902
86	38	0.94414
87	38	0.93729
88	38	0.963
90	38	0.95259
92	38	0.92937
93	38	0.92044
95	38	0.95573
97	38	0.94841
99	38	0.93318
101	38	0.94278
102	38	0.85778
104	38	0.96279
106	38	0.92164
107	38	0.94212
109	38	0.95271
110	38	0.94338
113	38	0.90392
114	38	0.95338
116	38	0.91327
117	38	0.9742
120	38	0.96729
122	38	0.94516
123	38	0.94022
125	38	0.96496
127	38	0.96466
130	38	0.95228
136	38	0.9177
139	38	0.96625
141	38	0.96216
142	38	0.94555
144	38	0.95083
146	38	0.96474
147	38	0.95765
148	38	0.94483
149	38	0.64901
4	39	0.9748
5	39	0.96557
7	39	0.96082
13	39	0.97828
15	39	0.96939
16	39	0.93645
17	39	0.9462
18	39	0.94422
19	39	0.94008
21	39	0.97423
22	39	0.92266
23	39	0.96376
24	39	0.92785
26	39	0.97078
29	39	0.92379
30	39	0.96513
32	39	0.97456
33	39	0.96783
34	39	0.89637
35	39	0.95372
36	39	0.93825
37	39	0.95993
41	39	0.97856
43	39	0.9911
47	39	0.98312
48	39	0.95392
50	39	0.95578
51	39	0.94183
54	39	0.96677
59	39	0.94506
62	39	0.94832
63	39	0.98984
70	39	0.96653
71	39	0.97601
75	39	0.95984
77	39	0.95754
83	39	0.9641
86	39	0.96177
88	39	0.96294
90	39	0.95415
91	39	0.97664
95	39	0.99269
97	39	0.95819
103	39	0.96539
104	39	0.95764
105	39	0.89914
107	39	0.98213
108	39	0.97423
110	39	0.9691
111	39	0.96597
112	39	0.98582
114	39	0.96429
117	39	0.94636
118	39	0.97818
126	39	0.97261
128	39	0.98337
129	39	0.97366
135	39	0.97642
139	39	0.98171
140	39	0.95337
141	39	0.95476
143	39	0.92003
146	39	0.97109
147	39	0.91828
148	39	0.9592
6	40	0.78915
9	40	0.82242
10	40	0.4982
14	40	0.79465
19	40	0.73334
25	40	0.75888
27	40	0.72031
28	40	0.86371
31	40	0.75565
45	40	0.75456
46	40	0.9099
52	40	0.74157
55	40	0.8117
56	40	0.82287
57	40	0.74149
58	40	0.78344
60	40	0.90812
64	40	0.86737
65	40	0.83396
68	40	0.75467
69	40	0.91624
72	40	0.75093
74	40	0.82845
76	40	0.76113
78	40	0.81996
79	40	0.79884
81	40	0.72587
82	40	0.82835
84	40	0.81774
85	40	0.71855
87	40	0.76097
92	40	0.76408
93	40	0.7484
94	40	0.75015
96	40	0.84574
98	40	0.8498
99	40	0.73905
102	40	0.71601
106	40	0.81997
113	40	0.86101
116	40	0.74361
119	40	0.76841
121	40	0.7996
123	40	0.772
124	40	0.71282
132	40	0.84461
133	40	0.80434
134	40	0.76794
136	40	0.74106
138	40	0.81248
144	40	0.7737
150	40	0.73503
2	41	0.95229
4	41	0.95958
5	41	0.96979
7	41	0.97839
11	41	0.83704
12	41	0.89474
13	41	0.98656
15	41	0.97016
16	41	0.92369
17	41	0.96137
18	41	0.95254
19	41	0.9451
20	41	0.95353
21	41	0.95126
22	41	0.93238
23	41	0.95402
24	41	0.95665
26	41	0.96193
27	41	0.9388
29	41	0.93282
30	41	0.97289
32	41	0.96463
33	41	0.96245
34	41	0.90983
35	41	0.92362
36	41	0.95487
37	41	0.9444
38	41	0.95572
39	41	0.97856
42	41	0.95287
43	41	0.96452
47	41	0.96494
48	41	0.964
50	41	0.96678
54	41	0.96656
62	41	0.9598
63	41	0.97746
70	41	0.96197
71	41	0.97123
75	41	0.95372
77	41	0.94725
80	41	0.8843
81	41	0.90344
83	41	0.96693
85	41	0.92873
86	41	0.95303
88	41	0.95122
90	41	0.94729
91	41	0.95285
93	41	0.90356
95	41	0.98628
97	41	0.97013
99	41	0.91622
100	41	0.94155
101	41	0.95127
102	41	0.87019
103	41	0.95336
104	41	0.96142
105	41	0.89607
107	41	0.97853
108	41	0.96808
109	41	0.93433
110	41	0.97857
111	41	0.94259
112	41	0.9677
114	41	0.97716
116	41	0.90424
117	41	0.9581
118	41	0.95793
126	41	0.97095
127	41	0.94406
128	41	0.97704
129	41	0.96256
130	41	0.94364
135	41	0.95102
137	41	0.91519
139	41	0.98985
140	41	0.95915
141	41	0.96355
142	41	0.94167
143	41	0.94203
144	41	0.91381
145	41	0.88571
146	41	0.97444
147	41	0.9333
148	41	0.96988
2	42	0.94809
6	42	0.95366
7	42	0.9525
9	42	0.89399
10	42	0.46873
11	42	0.86103
12	42	0.93675
13	42	0.95602
19	42	0.95486
20	42	0.97242
23	42	0.94398
24	42	0.96482
25	42	0.96982
27	42	0.95765
28	42	0.90395
29	42	0.94256
30	42	0.96576
31	42	0.9716
33	42	0.94692
36	42	0.95965
38	42	0.96739
41	42	0.95287
44	42	0.97177
46	42	0.77859
48	42	0.96777
49	42	0.84016
51	42	0.95353
53	42	0.96582
54	42	0.97617
55	42	0.94981
57	42	0.66027
58	42	0.92348
59	42	0.95966
60	42	0.8078
61	42	0.98239
62	42	0.97355
64	42	0.86773
65	42	0.86702
66	42	0.9027
67	42	0.96007
68	42	0.94773
70	42	0.97713
71	42	0.9703
73	42	0.54881
74	42	0.92315
75	42	0.95409
76	42	0.96583
78	42	0.88831
79	42	0.94317
80	42	0.92146
81	42	0.93142
82	42	0.90771
83	42	0.96895
84	42	0.89501
85	42	0.9553
86	42	0.96176
87	42	0.96549
88	42	0.9605
89	42	0.93638
90	42	0.96568
92	42	0.95595
93	42	0.93244
94	42	0.94603
95	42	0.95266
96	42	0.81421
97	42	0.96656
99	42	0.9438
100	42	0.96719
101	42	0.95747
102	42	0.8776
104	42	0.94568
105	42	0.88899
106	42	0.91689
108	42	0.95865
109	42	0.95979
110	42	0.96735
113	42	0.89328
114	42	0.96767
115	42	0.94523
116	42	0.92761
117	42	0.96482
119	42	0.87224
120	42	0.95387
121	42	0.82582
122	42	0.95683
123	42	0.94789
125	42	0.94538
126	42	0.9464
127	42	0.96836
130	42	0.97296
131	42	0.92532
133	42	0.85399
134	42	0.8834
136	42	0.9262
137	42	0.94901
138	42	0.87174
139	42	0.95781
140	42	0.93376
141	42	0.96887
142	42	0.96157
143	42	0.9219
144	42	0.92996
145	42	0.93185
146	42	0.95643
147	42	0.93056
148	42	0.94577
4	43	0.98795
5	43	0.97264
7	43	0.95229
13	43	0.97313
15	43	0.9511
16	43	0.95353
17	43	0.95301
18	43	0.93281
21	43	0.97374
22	43	0.9146
23	43	0.93866
26	43	0.96441
30	43	0.95218
32	43	0.98133
33	43	0.95396
34	43	0.8967
35	43	0.9766
37	43	0.96732
39	43	0.9911
41	43	0.96452
47	43	0.98851
50	43	0.95763
54	43	0.93776
63	43	0.98956
70	43	0.94234
71	43	0.95005
75	43	0.94022
77	43	0.96551
83	43	0.93765
86	43	0.94372
88	43	0.93754
91	43	0.97646
95	43	0.98209
97	43	0.93673
103	43	0.97721
104	43	0.93743
105	43	0.88448
107	43	0.97511
108	43	0.96547
110	43	0.95418
111	43	0.98496
112	43	0.98124
114	43	0.94345
118	43	0.96995
126	43	0.96216
128	43	0.98228
129	43	0.95769
135	43	0.99066
139	43	0.96073
140	43	0.93509
141	43	0.92958
143	43	0.91663
146	43	0.94754
148	43	0.94006
2	44	0.94018
6	44	0.94579
9	44	0.86891
12	44	0.90243
19	44	0.95515
20	44	0.95973
23	44	0.94122
24	44	0.9409
25	44	0.96085
27	44	0.95548
28	44	0.88262
29	44	0.93279
30	44	0.95395
31	44	0.95462
36	44	0.94635
38	44	0.95362
42	44	0.97177
48	44	0.96061
51	44	0.94441
53	44	0.96532
54	44	0.96262
55	44	0.95723
58	44	0.92656
59	44	0.96023
61	44	0.96124
62	44	0.955
64	44	0.85859
65	44	0.86058
66	44	0.91909
67	44	0.94952
68	44	0.95202
70	44	0.9688
71	44	0.96896
74	44	0.91359
75	44	0.95349
76	44	0.95218
78	44	0.85289
79	44	0.91594
80	44	0.88373
81	44	0.9049
82	44	0.89765
83	44	0.96472
85	44	0.91905
86	44	0.96027
87	44	0.96458
88	44	0.9616
89	44	0.92557
90	44	0.95994
92	44	0.96086
93	44	0.91913
94	44	0.93693
95	44	0.94227
97	44	0.95816
99	44	0.92171
100	44	0.95562
101	44	0.93183
102	44	0.85553
106	44	0.92733
108	44	0.94704
109	44	0.96193
110	44	0.95658
113	44	0.90226
114	44	0.95601
115	44	0.94887
116	44	0.89231
117	44	0.96116
119	44	0.88398
120	44	0.94852
121	44	0.85279
122	44	0.96002
123	44	0.93933
125	44	0.95566
127	44	0.95833
130	44	0.97585
131	44	0.93824
133	44	0.85406
134	44	0.84399
136	44	0.92384
137	44	0.93189
138	44	0.87127
139	44	0.94383
140	44	0.94072
141	44	0.95857
142	44	0.95216
145	44	0.89503
146	44	0.95624
147	44	0.93872
149	44	0.59917
3	45	0.74982
6	45	0.77309
8	45	0.65785
9	45	0.79125
10	45	0.63822
12	45	0.71267
14	45	0.92684
20	45	0.67696
25	45	0.70868
28	45	0.80937
40	45	0.75456
46	45	0.85502
49	45	0.73004
52	45	0.81844
55	45	0.74015
56	45	0.77066
57	45	0.76378
58	45	0.79476
60	45	0.8074
64	45	0.75662
65	45	0.78257
66	45	0.77027
68	45	0.68352
69	45	0.81305
72	45	0.92036
73	45	0.69763
74	45	0.74767
76	45	0.68831
78	45	0.7873
79	45	0.77211
82	45	0.76705
