5	2	0.76111
6	2	0.86055
7	2	0.88679
8	2	0.57395
9	2	0.85244
11	2	0.80569
12	2	0.81501
13	2	0.84669
15	2	0.9588
16	2	0.59456
17	2	0.86033
18	2	0.88606
19	2	0.93494
20	2	0.93548
21	2	0.74112
22	2	0.60717
23	2	0.9006
25	2	0.88716
26	2	0.88691
27	2	0.88128
29	2	0.79841
30	2	0.7705
31	2	0.87716
32	2	0.69569
33	2	0.89513
35	2	0.77149
37	2	0.7486
38	2	0.90512
40	2	0.87083
41	2	0.89881
42	2	0.81796
43	2	0.81406
47	2	0.8824
48	2	0.82807
49	2	0.65412
50	2	0.85559
51	2	0.61452
55	2	0.90153
56	2	0.81462
58	2	0.81943
62	2	0.91425
66	2	0.87524
68	2	0.83391
71	2	0.85876
73	2	0.81131
74	2	0.82134
75	2	0.88019
76	2	0.82088
85	2	0.72853
93	2	0.76622
95	2	0.89156
99	2	0.87955
101	2	0.84361
102	2	0.92406
107	2	0.84954
112	2	0.81732
113	2	0.84232
114	2	0.90714
116	2	0.7819
123	2	0.88806
126	2	0.90742
129	2	0.81498
132	2	0.886
135	2	0.89904
143	2	0.64154
144	2	0.81393
146	2	0.82231
147	2	0.81826
148	2	0.83467
149	2	0.73475
4	3	0.78734
7	3	0.65608
8	3	0.52774
9	3	0.76482
12	3	0.76311
14	3	0.74327
24	3	0.67444
28	3	0.72484
34	3	0.68802
39	3	0.68595
40	3	0.73396
41	3	0.74899
45	3	0.79704
48	3	0.74004
52	3	0.73783
55	3	0.68461
56	3	0.69978
57	3	0.66388
58	3	0.73249
59	3	0.67291
61	3	0.72479
62	3	0.65461
64	3	0.68321
67	3	0.78551
68	3	0.69984
71	3	0.67117
72	3	0.66977
74	3	0.72615
76	3	0.70674
83	3	0.68586
84	3	0.73163
87	3	0.71112
88	3	0.6661
90	3	0.76723
92	3	0.77619
94	3	0.83689
95	3	0.72465
96	3	0.74494
97	3	0.78066
100	3	0.71318
101	3	0.70812
113	3	0.72981
114	3	0.69706
117	3	0.75809
122	3	0.67843
127	3	0.72563
128	3	0.82669
132	3	0.6928
138	3	0.73151
139	3	0.75243
147	3	0.6628
3	4	0.78734
6	4	0.7928
8	4	0.62842
9	4	0.86858
12	4	0.8925
13	4	0.84761
14	4	0.8033
15	4	0.80151
17	4	0.85059
18	4	0.75586
20	4	0.85079
24	4	0.82603
26	4	0.73158
27	4	0.80443
28	4	0.82085
39	4	0.84645
41	4	0.93304
45	4	0.9021
48	4	0.88345
49	4	0.68023
50	4	0.82155
55	4	0.81442
57	4	0.72374
58	4	0.82622
62	4	0.82534
66	4	0.81931
67	4	0.80812
68	4	0.81781
71	4	0.83417
72	4	0.77999
73	4	0.70636
74	4	0.82509
76	4	0.82798
87	4	0.81385
94	4	0.83355
95	4	0.86634
97	4	0.83705
99	4	0.80283
100	4	0.78226
101	4	0.87128
102	4	0.8011
103	4	0.77578
112	4	0.81056
113	4	0.85185
114	4	0.82873
117	4	0.87131
122	4	0.80913
123	4	0.80046
126	4	0.79493
127	4	0.82674
128	4	0.85959
129	4	0.82286
132	4	0.87513
136	4	0.79528
138	4	0.80846
139	4	0.86432
140	4	0.82925
144	4	0.81909
146	4	0.84545
147	4	0.85133
149	4	0.72722
2	5	0.76111
9	5	0.81248
10	5	0.56125
11	5	0.75308
13	5	0.7547
15	5	0.88321
18	5	0.85299
19	5	0.82982
20	5	0.8655
21	5	0.88514
22	5	0.81883
24	5	0.76367
26	5	0.74913
27	5	0.75622
28	5	0.83496
29	5	0.85091
30	5	0.77665
31	5	0.72015
32	5	0.81292
33	5	0.80961
34	5	0.79447
35	5	0.93041
38	5	0.73018
46	5	0.84917
47	5	0.81389
48	5	0.72868
50	5	0.77131
51	5	0.82268
55	5	0.75006
56	5	0.86456
57	5	0.62312
58	5	0.72247
60	5	0.77463
61	5	0.73273
63	5	0.72389
66	5	0.80773
68	5	0.7917
75	5	0.78449
84	5	0.82954
85	5	0.91613
93	5	0.77666
95	5	0.79
99	5	0.78435
102	5	0.79639
107	5	0.85564
108	5	0.75739
109	5	0.72031
111	5	0.72832
116	5	0.95538
135	5	0.85604
144	5	0.9007
147	5	0.73453
2	6	0.86055
4	6	0.7928
7	6	0.81699
12	6	0.83083
13	6	0.86991
14	6	0.8282
16	6	0.62091
17	6	0.73382
19	6	0.87748
20	6	0.85862
23	6	0.8948
24	6	0.85322
25	6	0.892
26	6	0.74376
27	6	0.94003
31	6	0.93144
33	6	0.86189
37	6	0.69623
38	6	0.93684
39	6	0.93583
40	6	0.81954
41	6	0.87901
42	6	0.84699
43	6	0.91432
44	6	0.90434
45	6	0.87291
46	6	0.84978
48	6	0.89831
49	6	0.56048
53	6	0.87304
54	6	0.88116
55	6	0.91089
56	6	0.81903
58	6	0.8827
59	6	0.85735
61	6	0.87989
62	6	0.94521
63	6	0.82883
64	6	0.88287
65	6	0.82497
67	6	0.84553
68	6	0.86369
69	6	0.88841
70	6	0.83664
71	6	0.96995
72	6	0.86977
74	6	0.85051
78	6	0.8042
79	6	0.87435
80	6	0.83346
81	6	0.78013
82	6	0.85841
83	6	0.95478
86	6	0.8989
87	6	0.92512
88	6	0.92989
89	6	0.73812
90	6	0.8501
91	6	0.85792
92	6	0.89148
94	6	0.83183
95	6	0.94673
96	6	0.85503
98	6	0.87339
99	6	0.94101
100	6	0.80383
101	6	0.86015
102	6	0.85552
103	6	0.82867
104	6	0.84952
105	6	0.71372
106	6	0.8685
107	6	0.89167
108	6	0.84123
109	6	0.93414
110	6	0.89076
112	6	0.95515
113	6	0.87682
115	6	0.88856
117	6	0.90325
118	6	0.86637
119	6	0.87979
120	6	0.93314
121	6	0.88227
122	6	0.9107
123	6	0.96409
124	6	0.79544
125	6	0.93232
126	6	0.81908
127	6	0.91924
129	6	0.91828
130	6	0.89735
131	6	0.75601
132	6	0.93678
133	6	0.71046
134	6	0.80609
135	6	0.80629
136	6	0.89804
137	6	0.8254
138	6	0.93409
139	6	0.85934
140	6	0.86293
141	6	0.93204
142	6	0.81175
143	6	0.63476
145	6	0.75154
146	6	0.959
147	6	0.90528
148	6	0.90703
149	6	0.67876
150	6	0.87083
2	7	0.88679
3	7	0.65608
6	7	0.81699
8	7	0.71235
9	7	0.83565
10	7	0.61321
12	7	0.85695
15	7	0.88098
16	7	0.66655
17	7	0.84036
18	7	0.79803
19	7	0.84417
20	7	0.89672
22	7	0.49131
23	7	0.88451
25	7	0.92313
26	7	0.85032
29	7	0.80393
30	7	0.81661
31	7	0.8186
33	7	0.81448
35	7	0.68901
36	7	0.81697
37	7	0.83311
40	7	0.92981
41	7	0.87532
45	7	0.86828
47	7	0.92599
49	7	0.57306
50	7	0.74934
52	7	0.80794
53	7	0.81947
55	7	0.91598
57	7	0.61053
58	7	0.8164
62	7	0.88426
66	7	0.83899
71	7	0.82197
73	7	0.90609
74	7	0.81895
75	7	0.88451
76	7	0.91411
79	7	0.86317
81	7	0.81681
84	7	0.85309
87	7	0.83197
93	7	0.85559
95	7	0.84115
96	7	0.84237
97	7	0.87505
99	7	0.81725
100	7	0.78759
101	7	0.8848
102	7	0.92202
103	7	0.77155
106	7	0.82027
108	7	0.82238
113	7	0.83876
114	7	0.96368
123	7	0.88718
126	7	0.94751
132	7	0.8461
135	7	0.87335
138	7	0.81913
143	7	0.72146
144	7	0.723
2	8	0.57395
3	8	0.52774
4	8	0.62842
7	8	0.71235
9	8	0.60483
12	8	0.59436
13	8	0.62292
15	8	0.56852
17	8	0.54673
20	8	0.5445
23	8	0.57645
25	8	0.63863
30	8	0.56049
36	8	0.54367
40	8	0.73489
41	8	0.67995
45	8	0.54878
47	8	0.71374
49	8	0.6264
50	8	0.54258
52	8	0.60543
55	8	0.63588
58	8	0.54432
62	8	0.58815
66	8	0.54175
68	8	0.55101
73	8	0.83581
76	8	0.65196
79	8	0.60161
81	8	0.6301
84	8	0.65168
90	8	0.52951
93	8	0.62014
94	8	0.55793
95	8	0.55399
97	8	0.62244
102	8	0.63178
106	8	0.64126
110	8	0.58198
111	8	0.54454
113	8	0.72784
114	8	0.7121
117	8	0.55335
122	8	0.57958
126	8	0.62725
127	8	0.53874
128	8	0.52984
135	8	0.62097
139	8	0.58977
148	8	0.56555
2	9	0.85244
3	9	0.76482
4	9	0.86858
5	9	0.81248
7	9	0.83565
8	9	0.60483
10	9	0.6771
11	9	0.73468
12	9	0.94898
13	9	0.84365
14	9	0.83742
15	9	0.91005
17	9	0.79372
18	9	0.79463
19	9	0.91248
20	9	0.93109
21	9	0.75433
22	9	0.59276
24	9	0.9262
26	9	0.76101
27	9	0.87869
28	9	0.93121
29	9	0.81009
30	9	0.78213
34	9	0.82865
35	9	0.76997
36	9	0.79522
38	9	0.85759
40	9	0.87758
41	9	0.88284
45	9	0.87218
46	9	0.92237
47	9	0.82386
48	9	0.84441
49	9	0.55626
50	9	0.81974
51	9	0.58582
52	9	0.81398
55	9	0.9021
56	9	0.9018
57	9	0.74495
58	9	0.91739
61	9	0.8405
62	9	0.85644
66	9	0.87168
68	9	0.84578
71	9	0.8587
73	9	0.78213
74	9	0.942
76	9	0.87922
77	9	0.67561
84	9	0.92622
85	9	0.8048
87	9	0.88474
93	9	0.78077
95	9	0.91821
96	9	0.91121
97	9	0.91581
99	9	0.86563
100	9	0.83085
101	9	0.86393
102	9	0.88329
107	9	0.82808
110	9	0.84663
111	9	0.82486
113	9	0.89116
114	9	0.90664
116	9	0.78098
123	9	0.84635
126	9	0.84666
127	9	0.83249
128	9	0.81547
132	9	0.86057
135	9	0.81406
137	9	0.81362
139	9	0.84907
144	9	0.84026
148	9	0.8549
149	9	0.60141
5	10	0.56125
7	10	0.61321
9	10	0.6771
12	10	0.69609
15	10	0.57016
19	10	0.58808
20	10	0.59153
23	10	0.5626
24	10	0.72122
25	10	0.63125
28	10	0.56525
36	10	0.72401
40	10	0.58915
46	10	0.69158
47	10	0.62887
55	10	0.61651
56	10	0.61528
57	10	0.70207
58	10	0.63375
60	10	0.66251
69	10	0.59879
73	10	0.6461
74	10	0.66945
76	10	0.66243
78	10	0.59011
79	10	0.70022
80	10	0.6235
81	10	0.62048
84	10	0.72171
87	10	0.5775
93	10	0.56188
96	10	0.68541
97	10	0.68089
98	10	0.69262
99	10	0.61281
100	10	0.6022
101	10	0.61373
102	10	0.64342
106	10	0.63503
108	10	0.58127
110	10	0.68959
111	10	0.72244
113	10	0.63694
114	10	0.65989
126	10	0.62395
128	10	0.55757
134	10	0.61058
137	10	0.62471
139	10	0.56922
148	10	0.62469
2	11	0.80569
5	11	0.75308
9	11	0.73468
13	11	0.75214
15	11	0.80767
18	11	0.69684
19	11	0.76774
20	11	0.7541
21	11	0.73252
22	11	0.68442
24	11	0.72888
27	11	0.73125
28	11	0.72679
31	11	0.67753
32	11	0.67356
33	11	0.75591
34	11	0.69202
35	11	0.77368
38	11	0.76322
41	11	0.71041
42	11	0.74159
43	11	0.72843
46	11	0.72105
47	11	0.70191
49	11	0.62164
50	11	0.74858
51	11	0.64809
55	11	0.70245
56	11	0.76444
58	11	0.70332
61	11	0.77231
62	11	0.71655
63	11	0.73318
66	11	0.75675
68	11	0.76722
69	11	0.69506
74	11	0.68563
75	11	0.69171
84	11	0.71408
85	11	0.79012
95	11	0.75081
99	11	0.76378
102	11	0.68042
104	11	0.73781
107	11	0.76803
113	11	0.68448
116	11	0.79364
135	11	0.7154
142	11	0.695
144	11	0.75598
147	11	0.73923
148	11	0.75733
150	11	0.70331
2	12	0.81501
3	12	0.76311
4	12	0.8925
6	12	0.83083
7	12	0.85695
8	12	0.59436
9	12	0.94898
10	12	0.69609
14	12	0.88646
15	12	0.84012
17	12	0.8149
19	12	0.8515
20	12	0.90382
24	12	0.90299
26	12	0.73955
28	12	0.87014
29	12	0.7825
30	12	0.75865
34	12	0.7398
36	12	0.78127
37	12	0.70973
40	12	0.82843
41	12	0.87651
45	12	0.94086
46	12	0.88037
48	12	0.8425
50	12	0.75604
52	12	0.79141
53	12	0.82834
55	12	0.88556
56	12	0.8371
57	12	0.72617
58	12	0.91383
62	12	0.86969
66	12	0.83301
71	12	0.87952
73	12	0.78192
74	12	0.94727
76	12	0.94871
77	12	0.67828
80	12	0.87764
84	12	0.86304
85	12	0.69232
87	12	0.93328
92	12	0.85735
94	12	0.8867
95	12	0.88149
96	12	0.94137
97	12	0.94835
98	12	0.85224
99	12	0.84159
100	12	0.92153
101	12	0.91438
102	12	0.85569
103	12	0.8337
110	12	0.87721
111	12	0.7752
112	12	0.85174
113	12	0.86613
114	12	0.90944
123	12	0.86433
126	12	0.88182
127	12	0.85092
128	12	0.80549
132	12	0.89474
137	12	0.89665
138	12	0.83152
139	12	0.82582
141	12	0.82602
143	12	0.69543
144	12	0.75711
148	12	0.82989
2	13	0.84669
4	13	0.84761
5	13	0.7547
6	13	0.86991
8	13	0.62292
9	13	0.84365
11	13	0.75214
15	13	0.83882
17	13	0.73099
18	13	0.7543
19	13	0.82507
20	13	0.8295
24	13	0.82787
27	13	0.86328
28	13	0.82334
31	13	0.81745
34	13	0.76744
35	13	0.72097
38	13	0.85428
39	13	0.88542
40	13	0.82522
41	13	0.8908
42	13	0.7841
43	13	0.85393
46	13	0.81918
47	13	0.7971
48	13	0.84597
49	13	0.80165
50	13	0.74589
51	13	0.59924
54	13	0.85816
55	13	0.84881
56	13	0.88129
57	13	0.6222
58	13	0.83963
61	13	0.89726
62	13	0.90149
63	13	0.90467
68	13	0.87675
71	13	0.85459
72	13	0.83635
81	13	0.76967
83	13	0.82341
84	13	0.83369
88	13	0.84431
89	13	0.75997
95	13	0.92417
99	13	0.89028
102	13	0.83641
107	13	0.85438
111	13	0.78549
113	13	0.87194
115	13	0.85247
116	13	0.69518
117	13	0.89609
122	13	0.81681
123	13	0.84273
125	13	0.83442
127	13	0.88138
128	13	0.77359
129	13	0.8647
132	13	0.84173
135	13	0.83968
136	13	0.83443
139	13	0.83371
140	13	0.79507
144	13	0.80224
146	13	0.87832
147	13	0.88304
148	13	0.91333
149	13	0.68131
3	14	0.74327
4	14	0.8033
6	14	0.8282
9	14	0.83742
12	14	0.88646
24	14	0.8665
28	14	0.80679
39	14	0.84631
44	14	0.85862
45	14	0.87711
46	14	0.81851
48	14	0.81246
55	14	0.84345
58	14	0.89371
59	14	0.84257
61	14	0.82223
67	14	0.85366
71	14	0.88056
74	14	0.85673
76	14	0.80126
77	14	0.68516
80	14	0.87479
86	14	0.80103
87	14	0.92051
88	14	0.8557
89	14	0.77596
90	14	0.88875
91	14	0.80894
92	14	0.93399
94	14	0.89747
95	14	0.83765
96	14	0.86908
97	14	0.87422
98	14	0.82677
100	14	0.86428
103	14	0.78535
110	14	0.8556
111	14	0.76065
112	14	0.83189
113	14	0.82453
115	14	0.82456
119	14	0.83692
121	14	0.864
122	14	0.84478
123	14	0.81643
125	14	0.85719
127	14	0.89626
128	14	0.84386
129	14	0.83462
130	14	0.82063
131	14	0.82289
132	14	0.80396
134	14	0.79343
136	14	0.80215
137	14	0.85878
138	14	0.83439
145	14	0.7927
2	15	0.9588
4	15	0.80151
5	15	0.88321
7	15	0.88098
8	15	0.56852
9	15	0.91005
10	15	0.57016
11	15	0.80767
12	15	0.84012
13	15	0.83882
16	15	0.62793
17	15	0.85393
18	15	0.91812
19	15	0.94202
20	15	0.971
21	15	0.84636
22	15	0.73811
23	15	0.86373
25	15	0.8801
26	15	0.88741
27	15	0.86575
28	15	0.84736
29	15	0.87865
30	15	0.83545
31	15	0.84899
32	15	0.78379
33	15	0.89857
34	15	0.78134
35	15	0.86606
36	15	0.78164
37	15	0.73693
38	15	0.87962
40	15	0.86477
41	15	0.87308
46	15	0.85442
47	15	0.9093
48	15	0.85037
49	15	0.60635
50	15	0.86683
51	15	0.72524
52	15	0.74178
55	15	0.9147
56	15	0.87832
57	15	0.63689
58	15	0.84949
60	15	0.81471
62	15	0.8608
63	15	0.78467
66	15	0.92091
68	15	0.85782
73	15	0.80811
74	15	0.84724
75	15	0.9045
76	15	0.80965
84	15	0.8777
85	15	0.8592
93	15	0.84213
95	15	0.91081
97	15	0.83148
99	15	0.87769
101	15	0.84788
102	15	0.92231
107	15	0.89007
108	15	0.83715
114	15	0.90818
116	15	0.88651
123	15	0.86711
126	15	0.88445
135	15	0.92928
143	15	0.63573
144	15	0.90508
149	15	0.63965
2	16	0.59456
6	16	0.62091
7	16	0.66655
15	16	0.62793
18	16	0.7303
20	16	0.67376
26	16	0.72623
29	16	0.81392
30	16	0.6628
32	16	0.83764
33	16	0.78213
35	16	0.66896
36	16	0.61599
37	16	0.86264
45	16	0.65143
48	16	0.72686
51	16	0.72301
53	16	0.78395
55	16	0.59169
56	16	0.61593
59	16	0.61439
63	16	0.64536
66	16	0.66771
75	16	0.76636
77	16	0.60133
78	16	0.6146
80	16	0.5927
83	16	0.59095
86	16	0.8001
87	16	0.64093
91	16	0.77712
93	16	0.62537
95	16	0.59777
96	16	0.63619
100	16	0.61002
101	16	0.67854
103	16	0.72163
107	16	0.71923
108	16	0.72585
112	16	0.65268
114	16	0.58921
118	16	0.64557
123	16	0.68795
126	16	0.59828
135	16	0.602
138	16	0.6619
141	16	0.66926
142	16	0.68978
143	16	0.78374
146	16	0.63299
2	17	0.86033
4	17	0.85059
6	17	0.73382
7	17	0.84036
8	17	0.54673
9	17	0.79372
12	17	0.8149
13	17	0.73099
15	17	0.85393
18	17	0.86104
19	17	0.7909
20	17	0.88303
23	17	0.76208
26	17	0.88452
27	17	0.73458
29	17	0.77219
33	17	0.77119
35	17	0.72365
37	17	0.81929
38	17	0.75135
40	17	0.74665
41	17	0.89345
45	17	0.81948
47	17	0.77351
48	17	0.80488
49	17	0.63148
50	17	0.89592
55	17	0.76165
56	17	0.75473
57	17	0.64726
62	17	0.81731
66	17	0.76817
71	17	0.73971
73	17	0.77037
74	17	0.73862
75	17	0.74739
76	17	0.8043
95	17	0.76872
99	17	0.76054
101	17	0.89297
102	17	0.88794
112	17	0.76969
113	17	0.73547
114	17	0.81624
116	17	0.69924
123	17	0.77239
126	17	0.88439
132	17	0.86245
135	17	0.81804
138	17	0.76494
139	17	0.75702
141	17	0.76965
143	17	0.72674
144	17	0.83799
146	17	0.78161
149	17	0.7472
2	18	0.88606
4	18	0.75586
5	18	0.85299
7	18	0.79803
9	18	0.79463
11	18	0.69684
13	18	0.7543
15	18	0.91812
16	18	0.7303
17	18	0.86104
19	18	0.85187
20	18	0.91081
21	18	0.74592
22	18	0.72004
23	18	0.74837
26	18	0.94501
27	18	0.76032
28	18	0.75081
29	18	0.90207
30	18	0.76229
32	18	0.80319
33	18	0.85922
35	18	0.88353
37	18	0.7938
38	18	0.7816
40	18	0.75021
41	18	0.80276
46	18	0.76294
47	18	0.81738
48	18	0.80334
50	18	0.83124
51	18	0.72365
53	18	0.74808
55	18	0.77048
56	18	0.8136
62	18	0.76287
66	18	0.86854
68	18	0.75501
73	18	0.68161
75	18	0.8503
85	18	0.79217
93	18	0.74752
95	18	0.79303
99	18	0.76848
101	18	0.81143
102	18	0.85639
107	18	0.81997
108	18	0.75841
114	18	0.7944
116	18	0.86933
123	18	0.77392
126	18	0.81948
132	18	0.76218
135	18	0.85663
143	18	0.68322
144	18	0.88149
146	18	0.75747
147	18	0.75237
2	19	0.93494
5	19	0.82982
6	19	0.87748
7	19	0.84417
9	19	0.91248
10	19	0.58808
11	19	0.76774
12	19	0.8515
13	19	0.82507
15	19	0.94202
17	19	0.7909
18	19	0.85187
20	19	0.94498
21	19	0.81475
22	19	0.61587
23	19	0.90553
24	19	0.89326
25	19	0.88703
26	19	0.84432
27	19	0.93338
28	19	0.83635
29	19	0.78518
30	19	0.76961
31	19	0.92196
33	19	0.83986
34	19	0.71567
35	19	0.74513
36	19	0.75846
38	19	0.93341
40	19	0.87266
41	19	0.86133
42	19	0.77658
43	19	0.83837
46	19	0.89914
47	19	0.87624
50	19	0.83592
51	19	0.62449
55	19	0.93208
56	19	0.82074
58	19	0.8868
60	19	0.84521
62	19	0.89682
66	19	0.86644
68	19	0.87742
69	19	0.87536
71	19	0.89738
73	19	0.76486
74	19	0.87242
75	19	0.84266
79	19	0.82573
84	19	0.8739
85	19	0.77456
87	19	0.8515
88	19	0.839
93	19	0.78886
95	19	0.91832
97	19	0.82864
99	19	0.90865
101	19	0.81399
102	19	0.91384
107	19	0.86257
108	19	0.84278
109	19	0.84656
113	19	0.88625
114	19	0.89873
116	19	0.80262
123	19	0.88394
126	19	0.88085
129	19	0.84576
132	19	0.86476
135	19	0.89092
144	19	0.78285
146	19	0.83966
147	19	0.84408
148	19	0.85575
149	19	0.70504
2	20	0.93548
4	20	0.85079
5	20	0.8655
6	20	0.85862
7	20	0.89672
8	20	0.5445
9	20	0.93109
10	20	0.59153
11	20	0.7541
12	20	0.90382
13	20	0.8295
15	20	0.971
16	20	0.67376
17	20	0.88303
18	20	0.91081
19	20	0.94498
21	20	0.80092
22	20	0.6927
23	20	0.84807
24	20	0.86061
25	20	0.87653
26	20	0.88619
27	20	0.89143
28	20	0.88531
29	20	0.91228
30	20	0.85359
31	20	0.85766
32	20	0.78392
33	20	0.89474
34	20	0.77436
35	20	0.85135
36	20	0.80644
37	20	0.79879
38	20	0.8806
40	20	0.85089
41	20	0.89238
45	20	0.88474
46	20	0.89269
47	20	0.88662
48	20	0.89322
49	20	0.56682
50	20	0.85476
51	20	0.70459
52	20	0.76259
53	20	0.87472
55	20	0.91879
56	20	0.88236
57	20	0.65524
58	20	0.88569
62	20	0.87741
63	20	0.78607
66	20	0.92976
68	20	0.85576
71	20	0.87747
73	20	0.80251
74	20	0.89204
75	20	0.91899
76	20	0.88059
77	20	0.68941
84	20	0.88124
85	20	0.83368
86	20	0.82885
87	20	0.87993
93	20	0.82544
95	20	0.92088
96	20	0.89206
97	20	0.87032
99	20	0.89886
100	20	0.79072
101	20	0.90012
102	20	0.93207
107	20	0.90831
108	20	0.88755
112	20	0.85366
114	20	0.92533
116	20	0.86678
123	20	0.90676
126	20	0.92565
132	20	0.88751
135	20	0.90523
143	20	0.72615
144	20	0.87688
146	20	0.8494
149	20	0.63001
2	21	0.74112
5	21	0.88514
9	21	0.75433
11	21	0.73252
15	21	0.84636
18	21	0.74592
19	21	0.81475
20	21	0.80092
22	21	0.77389
25	21	0.78567
27	21	0.75798
28	21	0.79658
29	21	0.79164
30	21	0.81791
31	21	0.77053
32	21	0.773
33	21	0.80173
34	21	0.77523
35	21	0.79951
36	21	0.79135
40	21	0.76696
46	21	0.79939
47	21	0.85191
51	21	0.83634
53	21	0.74203
55	21	0.82764
56	21	0.73888
58	21	0.76954
59	21	0.73968
60	21	0.88506
61	21	0.8025
66	21	0.80861
68	21	0.85289
75	21	0.83331
77	21	0.75658
79	21	0.74434
84	21	0.86441
85	21	0.87545
88	21	0.74361
93	21	0.86526
95	21	0.78428
99	21	0.74096
102	21	0.73684
107	21	0.83595
108	21	0.81472
109	21	0.7434
114	21	0.76694
116	21	0.85029
135	21	0.85166
142	21	0.76228
144	21	0.74965
2	22	0.60717
5	22	0.81883
7	22	0.49131
9	22	0.59276
11	22	0.68442
15	22	0.73811
18	22	0.72004
19	22	0.61587
20	22	0.6927
21	22	0.77389
26	22	0.59099
28	22	0.67996
29	22	0.79342
30	22	0.76415
32	22	0.74768
33	22	0.60395
34	22	0.69498
35	22	0.83972
36	22	0.68734
46	22	0.58693
47	22	0.62116
50	22	0.53485
51	22	0.83953
53	22	0.52817
55	22	0.51125
56	22	0.58284
58	22	0.52845
60	22	0.56842
63	22	0.53087
66	22	0.78231
68	22	0.54969
73	22	0.49849
74	22	0.50451
75	22	0.73609
77	22	0.68023
84	22	0.61932
85	22	0.90698
93	22	0.72913
95	22	0.5065
96	22	0.49934
97	22	0.52778
102	22	0.5359
107	22	0.61786
108	22	0.64761
111	22	0.49797
114	22	0.54769
116	22	0.90859
126	22	0.53572
135	22	0.6361
144	22	0.74855
2	23	0.9006
6	23	0.8948
7	23	0.88451
8	23	0.57645
10	23	0.5626
15	23	0.86373
17	23	0.76208
18	23	0.74837
19	23	0.90553
20	23	0.84807
25	23	0.94843
26	23	0.79669
27	23	0.90799
31	23	0.94467
33	23	0.83826
38	23	0.94939
40	23	0.90848
41	23	0.86947
42	23	0.81601
43	23	0.85844
47	23	0.87933
50	23	0.78403
55	23	0.9267
60	23	0.84573
62	23	0.94133
64	23	0.86712
68	23	0.82942
69	23	0.89697
71	23	0.89247
73	23	0.76526
79	23	0.89393
81	23	0.81066
82	23	0.8989
83	23	0.83075
88	23	0.88714
95	23	0.8886
99	23	0.91626
101	23	0.8292
102	23	0.91256
104	23	0.83387
106	23	0.92593
109	23	0.84681
110	23	0.83657
112	23	0.85537
113	23	0.90313
114	23	0.88784
120	23	0.86387
122	23	0.83019
123	23	0.91889
125	23	0.88278
126	23	0.8571
129	23	0.84505
132	23	0.88228
135	23	0.86554
138	23	0.83503
139	23	0.82392
141	23	0.83346
142	23	0.76
146	23	0.87459
147	23	0.83779
148	23	0.85845
149	23	0.6816
3	24	0.67444
4	24	0.82603
5	24	0.76367
6	24	0.85322
9	24	0.9262
10	24	0.72122
11	24	0.72888
12	24	0.90299
13	24	0.82787
14	24	0.8665
19	24	0.89326
20	24	0.86061
27	24	0.89174
28	24	0.87011
34	24	0.7235
38	24	0.88651
39	24	0.85834
41	24	0.83491
44	24	0.88223
46	24	0.95485
50	24	0.76143
55	24	0.87368
56	24	0.85253
57	24	0.6848
58	24	0.92628
61	24	0.86066
62	24	0.86013
65	24	0.79578
67	24	0.83688
69	24	0.87675
70	24	0.86211
71	24	0.89566
74	24	0.90936
76	24	0.81555
79	24	0.82496
80	24	0.83056
84	24	0.88566
85	24	0.7124
87	24	0.88803
88	24	0.87033
92	24	0.83884
95	24	0.90468
96	24	0.8944
97	24	0.85996
98	24	0.87551
99	24	0.91211
100	24	0.79238
101	24	0.81532
104	24	0.84325
107	24	0.83338
109	24	0.87502
110	24	0.90067
111	24	0.88134
113	24	0.89573
115	24	0.82639
122	24	0.85145
123	24	0.84568
125	24	0.84539
127	24	0.88388
128	24	0.85553
130	24	0.85494
132	24	0.84526
134	24	0.84037
137	24	0.82183
139	24	0.84569
146	24	0.84287
147	24	0.83658
148	24	0.90943
2	25	0.88716
6	25	0.892
7	25	0.92313
8	25	0.63863
10	25	0.63125
15	25	0.8801
19	25	0.88703
20	25	0.87653
21	25	0.78567
23	25	0.94843
26	25	0.75204
27	25	0.88432
30	25	0.76475
31	25	0.93421
33	25	0.86019
36	25	0.78764
37	25	0.71103
38	25	0.88978
40	25	0.90029
42	25	0.8494
43	25	0.82451
47	25	0.91626
52	25	0.73124
53	25	0.84676
55	25	0.96226
58	25	0.8718
60	25	0.91705
61	25	0.85288
62	25	0.91566
69	25	0.85958
71	25	0.88964
73	25	0.80661
75	25	0.86552
76	25	0.84043
78	25	0.76819
79	25	0.9456
81	25	0.90594
82	25	0.90362
84	25	0.87977
86	25	0.83343
87	25	0.85981
88	25	0.88707
90	25	0.8394
93	25	0.79362
95	25	0.90485
97	25	0.83868
98	25	0.88661
99	25	0.91296
101	25	0.81682
102	25	0.90746
106	25	0.92212
107	25	0.86915
108	25	0.86787
110	25	0.87726
112	25	0.84926
113	25	0.89018
114	25	0.92985
120	25	0.84519
121	25	0.85381
123	25	0.93945
125	25	0.89559
126	25	0.88914
129	25	0.86497
132	25	0.84248
135	25	0.88259
142	25	0.82588
143	25	0.63171
146	25	0.84243
148	25	0.85083
2	26	0.88691
4	26	0.73158
5	26	0.74913
6	26	0.74376
7	26	0.85032
9	26	0.76101
12	26	0.73955
15	26	0.88741
16	26	0.72623
17	26	0.88452
18	26	0.94501
19	26	0.84432
20	26	0.88619
22	26	0.59099
23	26	0.79669
25	26	0.75204
27	26	0.72919
29	26	0.8569
31	26	0.76718
32	26	0.6859
33	26	0.81874
35	26	0.75095
37	26	0.8494
38	26	0.78317
40	26	0.76989
41	26	0.80271
45	26	0.73991
47	26	0.80506
48	26	0.77252
50	26	0.79473
51	26	0.58471
55	26	0.78501
56	26	0.73165
62	26	0.78749
66	26	0.80801
73	26	0.75482
75	26	0.81172
76	26	0.7425
93	26	0.73199
95	26	0.7543
99	26	0.7424
101	26	0.85184
102	26	0.85899
107	26	0.75215
112	26	0.75086
114	26	0.80799
116	26	0.7498
123	26	0.77549
126	26	0.85511
132	26	0.78663
135	26	0.81997
143	26	0.74259
144	26	0.80571
146	26	0.76957
149	26	0.63079
2	27	0.88128
4	27	0.80443
5	27	0.75622
6	27	0.94003
9	27	0.87869
11	27	0.73125
13	27	0.86328
15	27	0.86575
17	27	0.73458
18	27	0.76032
19	27	0.93338
20	27	0.89143
21	27	0.75798
23	27	0.90799
24	27	0.89174
25	27	0.88432
26	27	0.72919
28	27	0.84814
31	27	0.9298
33	27	0.84739
34	27	0.74942
35	27	0.68601
38	27	0.95045
39	27	0.93234
40	27	0.86696
41	27	0.8837
42	27	0.80132
43	27	0.92711
44	27	0.85809
45	27	0.84355
46	27	0.89923
47	27	0.84064
48	27	0.87914
50	27	0.784
54	27	0.83124
55	27	0.91728
56	27	0.84747
58	27	0.9071
59	27	0.84356
60	27	0.84883
61	27	0.8946
62	27	0.91991
63	27	0.80603
64	27	0.91083
65	27	0.83245
67	27	0.862
68	27	0.93092
69	27	0.92996
70	27	0.84543
71	27	0.95344
72	27	0.78308
73	27	0.68012
74	27	0.89064
75	27	0.81196
78	27	0.7755
79	27	0.85519
82	27	0.84625
83	27	0.89641
84	27	0.87511
86	27	0.82617
87	27	0.89052
88	27	0.9104
95	27	0.95814
96	27	0.84747
98	27	0.86655
99	27	0.95536
101	27	0.81629
102	27	0.89667
104	27	0.87041
105	27	0.7067
106	27	0.88773
107	27	0.89675
108	27	0.84862
109	27	0.93332
110	27	0.90279
111	27	0.78594
112	27	0.88847
113	27	0.9268
114	27	0.88248
116	27	0.71446
117	27	0.89829
120	27	0.8887
122	27	0.90993
123	27	0.93666
124	27	0.76813
125	27	0.91938
126	27	0.83288
127	27	0.87652
128	27	0.81478
129	27	0.89893
130	27	0.90518
131	27	0.75527
132	27	0.91794
133	27	0.6993
134	27	0.80951
135	27	0.86972
136	27	0.93058
137	27	0.80884
138	27	0.88824
139	27	0.91792
140	27	0.85506
141	27	0.87003
142	27	0.78168
146	27	0.90957
147	27	0.94244
148	27	0.92029
149	27	0.69807
150	27	0.81299
3	28	0.72484
4	28	0.82085
5	28	0.83496
9	28	0.93121
10	28	0.56525
11	28	0.72679
12	28	0.87014
13	28	0.82334
14	28	0.80679
15	28	0.84736
18	28	0.75081
19	28	0.83635
20	28	0.88531
21	28	0.79658
22	28	0.67996
24	28	0.87011
27	28	0.84814
29	28	0.83031
30	28	0.84509
32	28	0.74641
34	28	0.94132
35	28	0.81988
36	28	0.78569
45	28	0.82761
46	28	0.91105
48	28	0.83652
51	28	0.73739
52	28	0.79134
53	28	0.79896
55	28	0.83758
56	28	0.86984
57	28	0.68269
58	28	0.90485
59	28	0.81648
61	28	0.86117
63	28	0.83301
66	28	0.88458
67	28	0.85954
68	28	0.87444
71	28	0.80393
74	28	0.90769
75	28	0.82361
76	28	0.81211
77	28	0.7994
84	28	0.91438
85	28	0.86706
87	28	0.85253
90	28	0.80182
93	28	0.78412
95	28	0.88721
96	28	0.87513
97	28	0.87632
99	28	0.80344
107	28	0.84647
108	28	0.84643
110	28	0.80641
111	28	0.8759
113	28	0.79966
114	28	0.83608
116	28	0.83098
128	28	0.7976
144	28	0.82255
2	29	0.79841
5	29	0.85091
7	29	0.80393
9	29	0.81009
12	29	0.7825
15	29	0.87865
16	29	0.81392
17	29	0.77219
18	29	0.90207
19	29	0.78518
20	29	0.91228
21	29	0.79164
22	29	0.79342
26	29	0.8569
28	29	0.83031
30	29	0.85281
32	29	0.86161
33	29	0.84976
34	29	0.7681
35	29	0.89497
36	29	0.84495
37	29	0.83993
46	29	0.79544
47	29	0.80752
48	29	0.7874
51	29	0.79858
52	29	0.73523
53	29	0.84593
55	29	0.7764
56	29	0.81732
57	29	0.64202
66	29	0.90213
73	29	0.69732
74	29	0.785
75	29	0.90894
76	29	0.7832
77	29	0.75996
84	29	0.79489
85	29	0.86205
86	29	0.78003
87	29	0.77192
93	29	0.83668
96	29	0.82183
97	29	0.78051
101	29	0.80524
102	29	0.80473
107	29	0.84133
108	29	0.85965
114	29	0.81059
116	29	0.8781
123	29	0.77115
126	29	0.8165
135	29	0.79426
143	29	0.79513
144	29	0.85242
2	30	0.7705
5	30	0.77665
7	30	0.81661
8	30	0.56049
9	30	0.78213
12	30	0.75865
15	30	0.83545
16	30	0.6628
18	30	0.76229
19	30	0.76961
20	30	0.85359
21	30	0.81791
22	30	0.76415
25	30	0.76475
28	30	0.84509
29	30	0.85281
32	30	0.79285
33	30	0.75728
34	30	0.82102
35	30	0.81412
36	30	0.83352
37	30	0.68146
40	30	0.77574
45	30	0.76023
47	30	0.84095
51	30	0.83702
52	30	0.73362
53	30	0.82626
55	30	0.81117
58	30	0.80791
59	30	0.76698
60	30	0.77271
61	30	0.78332
63	30	0.81316
66	30	0.93442
68	30	0.81436
73	30	0.7268
75	30	0.92895
76	30	0.8019
77	30	0.85908
84	30	0.85534
85	30	0.85625
93	30	0.92177
95	30	0.7737
96	30	0.76984
97	30	0.85399
102	30	0.75672
107	30	0.78246
108	30	0.87248
114	30	0.84997
116	30	0.82872
123	30	0.75018
126	30	0.80187
135	30	0.84347
144	30	0.75588
2	31	0.87716
5	31	0.72015
6	31	0.93144
7	31	0.8186
11	31	0.67753
13	31	0.81745
15	31	0.84899
19	31	0.92196
20	31	0.85766
21	31	0.77053
23	31	0.94467
25	31	0.93421
26	31	0.76718
27	31	0.9298
33	31	0.8556
38	31	0.94938
39	31	0.86065
40	31	0.83806
42	31	0.86404
43	31	0.90256
44	31	0.85464
46	31	0.84138
47	31	0.82428
53	31	0.83194
54	31	0.84157
55	31	0.91685
58	31	0.8597
60	31	0.8997
61	31	0.84741
62	31	0.91132
64	31	0.85462
65	31	0.83302
68	31	0.85613
69	31	0.93366
70	31	0.86292
71	31	0.92519
73	31	0.68925
78	31	0.80847
79	31	0.89279
81	31	0.82265
82	31	0.87142
83	31	0.84972
86	31	0.83294
87	31	0.85905
88	31	0.9133
95	31	0.90604
98	31	0.86727
99	31	0.93779
102	31	0.85847
104	31	0.86975
105	31	0.72345
106	31	0.89771
107	31	0.88896
108	31	0.85395
109	31	0.90465
110	31	0.8608
112	31	0.87573
113	31	0.85974
118	31	0.82145
119	31	0.82825
120	31	0.87347
121	31	0.85741
122	31	0.8542
123	31	0.93317
125	31	0.91871
126	31	0.8157
129	31	0.89242
130	31	0.87756
132	31	0.85986
133	31	0.6994
135	31	0.83995
136	31	0.8532
141	31	0.83951
142	31	0.80697
146	31	0.88662
147	31	0.84116
148	31	0.86711
149	31	0.63698
2	32	0.69569
5	32	0.81292
11	32	0.67356
15	32	0.78379
16	32	0.83764
18	32	0.80319
20	32	0.78392
21	32	0.773
22	32	0.74768
26	32	0.6859
28	32	0.74641
29	32	0.86161
30	32	0.79285
33	32	0.86518
34	32	0.75291
35	32	0.89068
37	32	0.67769
46	32	0.67806
47	32	0.70555
48	32	0.7973
51	32	0.92552
53	32	0.77549
55	32	0.68205
56	32	0.7716
59	32	0.69196
61	32	0.70486
63	32	0.79219
66	32	0.82105
67	32	0.68966
68	32	0.75778
75	32	0.82161
77	32	0.6925
84	32	0.70788
85	32	0.85882
86	32	0.73527
91	32	0.68784
93	32	0.74418
95	32	0.73187
96	32	0.68039
107	32	0.83984
108	32	0.76358
109	32	0.66606
116	32	0.85732
118	32	0.68741
123	32	0.69994
135	32	0.75248
142	32	0.7818
144	32	0.79418
146	32	0.66555
147	32	0.67582
2	33	0.89513
5	33	0.80961
6	33	0.86189
7	33	0.81448
11	33	0.75591
15	33	0.89857
16	33	0.78213
17	33	0.77119
18	33	0.85922
19	33	0.83986
20	33	0.89474
21	33	0.80173
22	33	0.60395
23	33	0.83826
25	33	0.86019
26	33	0.81874
27	33	0.84739
29	33	0.84976
30	33	0.75728
31	33	0.8556
32	33	0.86518
35	33	0.83706
37	33	0.78031
38	33	0.86464
42	33	0.79816
43	33	0.86354
47	33	0.85001
48	33	0.87737
50	33	0.75289
51	33	0.75071
53	33	0.88521
55	33	0.86107
56	33	0.85224
61	33	0.80494
62	33	0.84193
63	33	0.83981
66	33	0.81196
68	33	0.83445
71	33	0.80573
75	33	0.88633
79	33	0.80838
85	33	0.74732
86	33	0.8561
93	33	0.75366
95	33	0.87646
99	33	0.86865
101	33	0.80914
102	33	0.85422
107	33	0.94346
108	33	0.84161
109	33	0.82799
112	33	0.84181
114	33	0.80798
116	33	0.79526
123	33	0.89821
129	33	0.80217
132	33	0.81341
135	33	0.88455
138	33	0.83679
141	33	0.82343
142	33	0.91116
143	33	0.67781
144	33	0.78874
146	33	0.85782
147	33	0.82099
3	34	0.68802
5	34	0.79447
9	34	0.82865
11	34	0.69202
12	34	0.7398
13	34	0.76744
15	34	0.78134
19	34	0.71567
20	34	0.77436
21	34	0.77523
22	34	0.69498
24	34	0.7235
27	34	0.74942
28	34	0.94132
29	34	0.7681
30	34	0.82102
32	34	0.75291
35	34	0.83399
36	34	0.72371
46	34	0.80953
47	34	0.74654
48	34	0.7324
51	34	0.76033
52	34	0.75016
55	34	0.74615
56	34	0.82834
57	34	0.65398
58	34	0.80651
59	34	0.75044
61	34	0.80102
63	34	0.82268
66	34	0.83008
67	34	0.80047
68	34	0.82208
74	34	0.8099
75	34	0.78671
77	34	0.77674
84	34	0.87419
85	34	0.84967
87	34	0.71987
90	34	0.72511
93	34	0.77555
95	34	0.80453
96	34	0.76504
97	34	0.79212
102	34	0.71745
107	34	0.77954
108	34	0.76664
111	34	0.81071
114	34	0.7612
116	34	0.81356
128	34	0.72914
135	34	0.75961
144	34	0.79537
2	35	0.77149
5	35	0.93041
7	35	0.68901
9	35	0.76997
11	35	0.77368
13	35	0.72097
15	35	0.86606
16	35	0.66896
17	35	0.72365
18	35	0.88353
19	35	0.74513
20	35	0.85135
21	35	0.79951
22	35	0.83972
26	35	0.75095
27	35	0.68601
28	35	0.81988
29	35	0.89497
30	35	0.81412
32	35	0.89068
33	35	0.83706
34	35	0.83399
41	35	0.69404
46	35	0.767
47	35	0.77864
48	35	0.72847
50	35	0.75431
51	35	0.84842
53	35	0.72766
55	35	0.68789
56	35	0.85754
57	35	0.61213
63	35	0.75265
66	35	0.84114
68	35	0.74063
74	35	0.70346
75	35	0.83243
84	35	0.76821
85	35	0.90879
93	35	0.77687
95	35	0.7419
96	35	0.70017
99	35	0.71403
101	35	0.68452
102	35	0.77143
107	35	0.83659
108	35	0.74828
114	35	0.71156
116	35	0.95306
135	35	0.82127
142	35	0.68315
144	35	0.91278
7	36	0.81697
8	36	0.54367
9	36	0.79522
10	36	0.72401
12	36	0.78127
15	36	0.78164
16	36	0.61599
19	36	0.75846
20	36	0.80644
21	36	0.79135
22	36	0.68734
25	36	0.78764
28	36	0.78569
29	36	0.84495
30	36	0.83352
34	36	0.72371
37	36	0.68738
40	36	0.76772
46	36	0.78204
47	36	0.7998
51	36	0.64919
52	36	0.79481
53	36	0.79119
55	36	0.81025
57	36	0.63572
58	36	0.81073
59	36	0.73749
60	36	0.8389
66	36	0.83818
73	36	0.74643
74	36	0.81513
75	36	0.86409
76	36	0.81462
77	36	0.85159
78	36	0.7395
79	36	0.79613
80	36	0.73473
81	36	0.73443
84	36	0.86124
85	36	0.75969
87	36	0.78047
91	36	0.72538
93	36	0.88266
96	36	0.84724
97	36	0.85658
98	36	0.8047
100	36	0.78638
102	36	0.74497
107	36	0.72719
108	36	0.88413
110	36	0.76441
111	36	0.73861
114	36	0.8523
116	36	0.7098
121	36	0.74247
123	36	0.73842
126	36	0.80557
137	36	0.7846
143	36	0.67956
2	37	0.7486
6	37	0.69623
7	37	0.83311
12	37	0.70973
15	37	0.73693
16	37	0.86264
17	37	0.81929
18	37	0.7938
20	37	0.79879
25	37	0.71103
26	37	0.8494
29	37	0.83993
30	37	0.68146
32	37	0.67769
33	37	0.78031
36	37	0.68738
41	37	0.68625
45	37	0.78254
47	37	0.68848
48	37	0.73701
53	37	0.8071
55	37	0.68982
62	37	0.68601
66	37	0.73419
71	37	0.67577
73	37	0.68893
75	37	0.82314
76	37	0.77272
80	37	0.6788
86	37	0.82673
87	37	0.73335
91	37	0.77876
96	37	0.73345
100	37	0.75797
101	37	0.83965
102	37	0.75262
103	37	0.76577
107	37	0.71224
108	37	0.75756
112	37	0.75103
114	37	0.76023
123	37	0.78008
126	37	0.84537
132	37	0.7468
135	37	0.67252
137	37	0.68296
138	37	0.74465
141	37	0.7742
143	37	0.94593
146	37	0.6878
2	38	0.90512
5	38	0.73018
6	38	0.93684
9	38	0.85759
11	38	0.76322
13	38	0.85428
15	38	0.87962
17	38	0.75135
18	38	0.7816
19	38	0.93341
20	38	0.8806
23	38	0.94939
24	38	0.88651
25	38	0.88978
26	38	0.78317
27	38	0.95045
31	38	0.94938
33	38	0.86464
39	38	0.90943
40	38	0.8497
41	38	0.88422
42	38	0.83566
43	38	0.91811
46	38	0.87656
47	38	0.80194
48	38	0.8765
50	38	0.80782
54	38	0.84333
55	38	0.91844
56	38	0.84178
58	38	0.87429
60	38	0.82006
61	38	0.86734
62	38	0.94754
64	38	0.87955
65	38	0.81567
68	38	0.87499
69	38	0.92975
70	38	0.83488
71	38	0.93944
72	38	0.79723
74	38	0.86346
79	38	0.85959
82	38	0.84356
83	38	0.87912
87	38	0.8745
88	38	0.92377
95	38	0.94342
99	38	0.95446
101	38	0.85188
102	38	0.87547
104	38	0.89194
105	38	0.7078
106	38	0.88639
107	38	0.88775
109	38	0.91085
110	38	0.86544
112	38	0.90243
113	38	0.89879
117	38	0.86972
118	38	0.81778
120	38	0.87916
122	38	0.85751
123	38	0.93488
125	38	0.91408
127	38	0.87326
129	38	0.89463
130	38	0.86437
132	38	0.92349
133	38	0.67804
135	38	0.82976
136	38	0.87863
138	38	0.86818
139	38	0.8499
140	38	0.77718
141	38	0.87298
142	38	0.78488
146	38	0.92619
147	38	0.90711
148	38	0.90807
149	38	0.707
150	38	0.84228
3	39	0.68595
4	39	0.84645
6	39	0.93583
13	39	0.88542
14	39	0.84631
24	39	0.85834
27	39	0.93234
31	39	0.86065
38	39	0.90943
41	39	0.86877
43	39	0.92891
44	39	0.87426
45	39	0.84839
48	39	0.888
49	39	0.5984
54	39	0.89711
55	39	0.8534
58	39	0.87243
61	39	0.8957
62	39	0.88967
63	39	0.81179
64	39	0.87402
65	39	0.82014
67	39	0.88808
68	39	0.89313
69	39	0.8487
70	39	0.83407
71	39	0.95224
72	39	0.86184
83	39	0.93734
87	39	0.86312
88	39	0.91909
89	39	0.79903
90	39	0.84467
92	39	0.90128
94	39	0.83806
95	39	0.93807
99	39	0.90429
104	39	0.81937
106	39	0.83713
109	39	0.90026
112	39	0.88259
113	39	0.89966
115	39	0.88508
117	39	0.9603
118	39	0.82329
119	39	0.83142
120	39	0.89088
122	39	0.91245
123	39	0.89081
124	39	0.81236
125	39	0.93096
127	39	0.95223
128	39	0.86534
129	39	0.93967
130	39	0.91625
131	39	0.81677
132	39	0.90502
133	39	0.68794
136	39	0.96778
138	39	0.88627
139	39	0.90219
140	39	0.88896
141	39	0.86495
145	39	0.80022
146	39	0.93017
147	39	0.94137
148	39	0.89442
149	39	0.76518
150	39	0.82035
2	40	0.87083
3	40	0.73396
6	40	0.81954
7	40	0.92981
8	40	0.73489
9	40	0.87758
10	40	0.58915
12	40	0.82843
13	40	0.82522
15	40	0.86477
17	40	0.74665
18	40	0.75021
19	40	0.87266
20	40	0.85089
21	40	0.76696
23	40	0.90848
25	40	0.90029
26	40	0.76989
27	40	0.86696
30	40	0.77574
31	40	0.83806
36	40	0.76772
38	40	0.8497
41	40	0.87454
45	40	0.82218
47	40	0.92044
49	40	0.56791
50	40	0.74489
52	40	0.81509
55	40	0.93195
57	40	0.60955
58	40	0.84636
60	40	0.83212
61	40	0.83817
62	40	0.89218
64	40	0.85127
66	40	0.80827
68	40	0.86704
71	40	0.83887
73	40	0.86119
74	40	0.83728
75	40	0.81492
76	40	0.85954
79	40	0.85157
81	40	0.81124
82	40	0.83246
84	40	0.90487
87	40	0.8189
88	40	0.84818
93	40	0.83955
95	40	0.87635
97	40	0.86512
99	40	0.82474
102	40	0.90218
106	40	0.88797
110	40	0.82337
113	40	0.91621
114	40	0.94789
122	40	0.82118
123	40	0.862
125	40	0.82374
126	40	0.86786
132	40	0.8326
135	40	0.87643
139	40	0.82082
149	40	0.59897
2	41	0.89881
3	41	0.74899
4	41	0.93304
6	41	0.87901
7	41	0.87532
8	41	0.67995
9	41	0.88284
11	41	0.71041
12	41	0.87651
13	41	0.8908
15	41	0.87308
17	41	0.89345
18	41	0.80276
19	41	0.86133
20	41	0.89238
23	41	0.86947
24	41	0.83491
26	41	0.80271
27	41	0.8837
35	41	0.69404
37	41	0.68625
38	41	0.88422
39	41	0.86877
40	41	0.87454
45	41	0.88273
47	41	0.84921
48	41	0.89287
49	41	0.72293
50	41	0.90433
55	41	0.88197
56	41	0.85019
57	41	0.7035
62	41	0.93307
66	41	0.80435
68	41	0.84588
71	41	0.88286
72	41	0.82361
73	41	0.79161
74	41	0.83548
76	41	0.85007
83	41	0.84695
95	41	0.91468
99	41	0.88918
101	41	0.91217
102	41	0.91131
112	41	0.86397
113	41	0.92137
114	41	0.88833
117	41	0.91318
122	41	0.836
123	41	0.87795
126	41	0.86122
127	41	0.84513
128	41	0.81145
129	41	0.83498
132	41	0.94115
135	41	0.86122
138	41	0.85985
139	41	0.91314
140	41	0.83952
141	41	0.83796
144	41	0.81613
146	41	0.90149
147	41	0.89979
148	41	0.87437
149	41	0.77325
2	42	0.81796
6	42	0.84699
11	42	0.74159
13	42	0.7841
19	42	0.77658
23	42	0.81601
25	42	0.8494
27	42	0.80132
31	42	0.86404
33	42	0.79816
38	42	0.83566
43	42	0.81638
44	42	0.8129
49	42	0.57668
53	42	0.81733
54	42	0.83369
55	42	0.80969
58	42	0.77453
59	42	0.80434
61	42	0.81257
62	42	0.86699
63	42	0.7931
64	42	0.81063
69	42	0.83714
71	42	0.82286
72	42	0.82601
79	42	0.8019
81	42	0.81379
82	42	0.81561
87	42	0.79558
88	42	0.80258
92	42	0.78501
95	42	0.8011
98	42	0.79818
99	42	0.83183
104	42	0.81868
105	42	0.7449
106	42	0.79678
107	42	0.81014
108	42	0.79548
110	42	0.80619
119	42	0.84413
120	42	0.80232
121	42	0.82989
123	42	0.85482
125	42	0.83968
127	42	0.78763
129	42	0.7979
132	42	0.78035
133	42	0.77992
142	42	0.83899
148	42	0.83702
150	42	0.90861
2	43	0.81406
6	43	0.91432
11	43	0.72843
13	43	0.85393
19	43	0.83837
23	43	0.85844
25	43	0.82451
27	43	0.92711
31	43	0.90256
33	43	0.86354
38	43	0.91811
39	43	0.92891
42	43	0.81638
44	43	0.83894
48	43	0.85978
49	43	0.56468
54	43	0.8775
55	43	0.84367
61	43	0.87979
62	43	0.87367
63	43	0.82283
64	43	0.85156
65	43	0.82957
68	43	0.8936
69	43	0.8896
70	43	0.8442
71	43	0.89965
72	43	0.79996
82	43	0.80907
83	43	0.88786
88	43	0.89268
95	43	0.90917
99	43	0.92272
104	43	0.85063
107	43	0.90046
109	43	0.92492
112	43	0.86769
113	43	0.83143
117	43	0.87493
120	43	0.87488
122	43	0.83053
123	43	0.893
125	43	0.90431
127	43	0.83789
129	43	0.92362
130	43	0.9006
131	43	0.75727
132	43	0.85737
133	43	0.73051
135	43	0.83381
136	43	0.92996
138	43	0.84404
139	43	0.81742
140	43	0.82282
141	43	0.85117
142	43	0.84663
146	43	0.92067
147	43	0.93124
148	43	0.86631
149	43	0.69936
6	44	0.90434
14	44	0.85862
24	44	0.88223
27	44	0.85809
31	44	0.85464
39	44	0.87426
42	44	0.8129
43	44	0.83894
46	44	0.88967
53	44	0.84155
54	44	0.90201
58	44	0.89367
59	44	0.85831
61	44	0.84132
65	44	0.87151
69	44	0.87048
70	44	0.9302
71	44	0.91371
72	44	0.78783
74	44	0.84116
78	44	0.88399
80	44	0.87393
87	44	0.90357
88	44	0.87929
89	44	0.8259
91	44	0.83325
92	44	0.86634
95	44	0.87122
96	44	0.84847
98	44	0.89342
99	44	0.88627
100	44	0.82919
103	44	0.78904
104	44	0.84457
105	44	0.7124
107	44	0.85207
108	44	0.85729
109	44	0.89923
110	44	0.8963
111	44	0.82435
112	44	0.84524
115	44	0.94764
118	44	0.83458
119	44	0.85188
121	44	0.89833
122	44	0.86187
123	44	0.87233
124	44	0.78783
125	44	0.89745
127	44	0.90903
129	44	0.87047
130	44	0.91414
131	44	0.8498
133	44	0.81377
134	44	0.87566
136	44	0.83852
137	44	0.88048
141	44	0.83921
145	44	0.84512
146	44	0.84963
148	44	0.88389
150	44	0.83276
3	45	0.79704
4	45	0.9021
6	45	0.87291
7	45	0.86828
8	45	0.54878
9	45	0.87218
12	45	0.94086
14	45	0.87711
16	45	0.65143
17	45	0.81948
20	45	0.88474
26	45	0.73991
27	45	0.84355
28	45	0.82761
30	45	0.76023
37	45	0.78254
39	45	0.84839
40	45	0.82218
41	45	0.88273
48	45	0.92543
52	45	0.7859
53	45	0.86922
55	45	0.88143
57	45	0.59899
58	45	0.90292
62	45	0.87076
66	45	0.81453
67	45	0.84419
71	45	0.91944
72	45	0.81466
73	45	0.73007
74	45	0.8998
75	45	0.81295
76	45	0.92796
77	45	0.6732
80	45	0.85636
83	45	0.86341
86	45	0.8936
87	45	0.94662
88	45	0.8535
90	45	0.86716
91	45	0.89194
92	45	0.90144
94	45	0.92208
95	45	0.89507
96	45	0.92057
97	45	0.91204
98	45	0.84215
100	45	0.91008
101	45	0.92206
102	45	0.83253
103	45	0.87357
108	45	0.83054
110	45	0.85114
112	45	0.9103
113	45	0.84303
114	45	0.89988
117	45	0.8388
122	45	0.86229
123	45	0.91865
126	45	0.87643
127	45	0.86777
128	45	0.79051
129	45	0.84373
132	45	0.92726
137	45	0.89077
138	45	0.92315
139	45	0.83311
140	45	0.82557
141	45	0.90027
143	45	0.73453
146	45	0.86285
5	46	0.84917
6	46	0.84978
9	46	0.92237
10	46	0.69158
11	46	0.72105
12	46	0.88037
13	46	0.81918
14	46	0.81851
15	46	0.85442
18	46	0.76294
19	46	0.89914
20	46	0.89269
21	46	0.79939
22	46	0.58693
24	46	0.95485
27	46	0.89923
28	46	0.91105
29	46	0.79544
31	46	0.84138
32	46	0.67806
34	46	0.80953
35	46	0.767
36	46	0.78204
38	46	0.87656
44	46	0.88967
50	46	0.72824
51	46	0.63215
53	46	0.84208
55	46	0.87147
56	46	0.90353
57	46	0.67372
58	46	0.92283
60	46	0.86403
61	46	0.85278
62	46	0.83739
65	46	0.81807
67	46	0.83053
68	46	0.84055
69	46	0.89107
70	46	0.86671
71	46	0.87114
74	46	0.93062
77	46	0.73517
78	46	0.83075
79	46	0.82984
80	46	0.8176
84	46	0.90341
85	46	0.78415
87	46	0.89796
88	46	0.85776
95	46	0.91449
96	46	0.92246
97	46	0.85043
98	46	0.88621
99	46	0.91538
100	46	0.80456
101	46	0.81291
102	46	0.845
104	46	0.84024
