3	2	0.7224
4	2	0.87332
5	2	0.86752
8	2	0.52898
9	2	0.69792
10	2	0.74823
11	2	0.72303
12	2	0.91068
13	2	0.90292
14	2	0.8257
15	2	0.88681
16	2	0.76996
17	2	0.86048
19	2	0.89538
20	2	0.92614
21	2	0.87531
22	2	0.78941
23	2	0.88581
25	2	0.91355
33	2	0.86584
34	2	0.91106
36	2	0.89415
37	2	0.88167
38	2	0.91837
40	2	0.80841
41	2	0.94708
42	2	0.84895
44	2	0.94465
45	2	0.92673
47	2	0.85988
48	2	0.94546
49	2	0.68018
52	2	0.87738
53	2	0.87143
55	2	0.88298
58	2	0.91561
62	2	0.9064
63	2	0.90641
66	2	0.88444
68	2	0.89156
69	2	0.89637
70	2	0.93755
71	2	0.92281
73	2	0.79729
74	2	0.85995
76	2	0.91386
77	2	0.8685
80	2	0.8703
81	2	0.93976
84	2	0.87141
85	2	0.89254
87	2	0.92489
88	2	0.88153
89	2	0.90072
90	2	0.92673
91	2	0.95411
92	2	0.92477
93	2	0.68832
94	2	0.92036
95	2	0.93817
96	2	0.88753
97	2	0.91347
98	2	0.89627
100	2	0.91296
101	2	0.88919
103	2	0.87125
106	2	0.90761
107	2	0.92184
108	2	0.90335
110	2	0.89898
111	2	0.9304
116	2	0.90689
117	2	0.90182
120	2	0.89627
121	2	0.89898
125	2	0.86777
132	2	0.8845
138	2	0.81566
139	2	0.89584
140	2	0.42852
142	2	0.91946
143	2	0.733
148	2	0.92981
150	2	0.79929
2	3	0.7224
5	3	0.68446
8	3	0.65426
10	3	0.70548
11	3	0.83091
12	3	0.73869
13	3	0.73451
15	3	0.68182
17	3	0.67712
19	3	0.69972
20	3	0.7357
21	3	0.70591
22	3	0.73629
25	3	0.75737
28	3	0.70084
34	3	0.71692
36	3	0.75457
37	3	0.70955
38	3	0.72088
40	3	0.67968
44	3	0.69874
45	3	0.76733
48	3	0.75299
52	3	0.74812
56	3	0.68544
70	3	0.68454
73	3	0.71458
74	3	0.76809
76	3	0.6824
84	3	0.68499
85	3	0.73941
87	3	0.68356
89	3	0.67695
91	3	0.72984
92	3	0.67605
94	3	0.78498
95	3	0.68112
96	3	0.7147
98	3	0.68498
100	3	0.71043
101	3	0.72104
106	3	0.70025
107	3	0.70773
110	3	0.67743
111	3	0.68865
116	3	0.72179
124	3	0.72109
132	3	0.75653
141	3	0.6864
142	3	0.71696
148	3	0.69133
2	4	0.87332
6	4	0.84826
13	4	0.85864
14	4	0.89984
20	4	0.86464
30	4	0.88224
41	4	0.8886
44	4	0.89738
47	4	0.85863
53	4	0.89195
54	4	0.86724
62	4	0.95482
63	4	0.88405
66	4	0.93979
67	4	0.86265
69	4	0.89788
70	4	0.8536
71	4	0.85068
77	4	0.8963
81	4	0.86826
82	4	0.87836
83	4	0.93034
84	4	0.87709
86	4	0.84949
87	4	0.91132
88	4	0.87507
91	4	0.8576
92	4	0.87427
94	4	0.84844
95	4	0.87297
97	4	0.95565
98	4	0.93556
107	4	0.85574
108	4	0.92872
109	4	0.85046
110	4	0.9333
111	4	0.88746
112	4	0.95456
113	4	0.87172
114	4	0.91563
117	4	0.88228
120	4	0.90915
127	4	0.85047
128	4	0.88292
131	4	0.87144
133	4	0.86861
138	4	0.90462
139	4	0.87678
145	4	0.86902
147	4	0.75522
148	4	0.86245
2	5	0.86752
3	5	0.68446
8	5	0.59739
9	5	0.84641
10	5	0.87628
11	5	0.75782
12	5	0.9383
13	5	0.89287
15	5	0.9684
16	5	0.8764
17	5	0.91824
18	5	0.91048
19	5	0.89656
20	5	0.93731
21	5	0.90045
22	5	0.86851
24	5	0.93991
25	5	0.91673
28	5	0.92359
29	5	0.83925
33	5	0.92017
34	5	0.8564
36	5	0.86226
37	5	0.96218
38	5	0.91742
40	5	0.92923
41	5	0.8747
42	5	0.85976
45	5	0.91385
46	5	0.95493
48	5	0.88998
49	5	0.72492
50	5	0.90474
52	5	0.82405
55	5	0.90685
56	5	0.93946
57	5	0.62713
73	5	0.87845
74	5	0.90405
76	5	0.93352
80	5	0.9424
81	5	0.87022
84	5	0.90393
85	5	0.94639
87	5	0.87729
93	5	0.74456
94	5	0.86221
95	5	0.87565
96	5	0.9469
100	5	0.9569
101	5	0.94714
103	5	0.87202
106	5	0.85688
111	5	0.89415
113	5	0.86698
116	5	0.92599
132	5	0.90096
141	5	0.87397
143	5	0.81515
144	5	0.87675
148	5	0.88299
4	6	0.84826
7	6	0.91847
19	6	0.88502
23	6	0.96332
25	6	0.89876
26	6	0.89803
27	6	0.93582
30	6	0.95569
31	6	0.89785
32	6	0.92895
33	6	0.86478
35	6	0.80303
38	6	0.9224
39	6	0.95019
42	6	0.8803
43	6	0.94695
44	6	0.94791
51	6	0.95942
53	6	0.82144
54	6	0.94148
59	6	0.9049
60	6	0.89009
61	6	0.92669
62	6	0.85856
63	6	0.94184
64	6	0.92705
65	6	0.93486
67	6	0.92521
68	6	0.92226
69	6	0.90328
70	6	0.95431
71	6	0.95258
75	6	0.94462
77	6	0.84277
78	6	0.90776
79	6	0.87816
81	6	0.9363
82	6	0.96258
83	6	0.93
84	6	0.88361
86	6	0.95108
88	6	0.92523
89	6	0.89915
90	6	0.91859
98	6	0.93222
99	6	0.88472
102	6	0.89694
104	6	0.93026
105	6	0.78911
106	6	0.87522
107	6	0.97196
108	6	0.94982
109	6	0.94336
112	6	0.90883
114	6	0.90243
115	6	0.94865
117	6	0.87304
118	6	0.98047
119	6	0.96515
121	6	0.96294
122	6	0.89859
123	6	0.95818
125	6	0.91713
127	6	0.91613
129	6	0.87755
130	6	0.9539
131	6	0.90737
133	6	0.86409
134	6	0.91744
135	6	0.86477
136	6	0.9086
137	6	0.88838
138	6	0.828
139	6	0.9075
141	6	0.93496
142	6	0.89691
145	6	0.92921
146	6	0.9226
147	6	0.63332
148	6	0.9133
149	6	0.74162
6	7	0.91847
23	7	0.92875
26	7	0.90055
27	7	0.95861
30	7	0.95799
31	7	0.9725
32	7	0.96999
35	7	0.95287
39	7	0.91029
43	7	0.93433
51	7	0.90534
54	7	0.93164
60	7	0.98396
61	7	0.9111
64	7	0.97069
65	7	0.93688
67	7	0.94245
71	7	0.89373
75	7	0.91802
78	7	0.97451
79	7	0.97056
82	7	0.95216
86	7	0.92516
98	7	0.91713
99	7	0.95741
102	7	0.93871
104	7	0.95818
105	7	0.83652
107	7	0.91588
108	7	0.92402
109	7	0.94422
110	7	0.91722
112	7	0.91194
113	7	0.91023
114	7	0.93403
115	7	0.95234
119	7	0.89591
121	7	0.91862
122	7	0.95696
123	7	0.96301
126	7	0.85535
127	7	0.91687
128	7	0.91731
129	7	0.90678
130	7	0.93285
131	7	0.92896
133	7	0.93383
134	7	0.9793
135	7	0.9678
136	7	0.95836
137	7	0.91582
140	7	0.44807
141	7	0.91366
147	7	0.66792
149	7	0.77641
2	8	0.52898
3	8	0.65426
5	8	0.59739
9	8	0.75648
10	8	0.69296
12	8	0.66163
13	8	0.59397
15	8	0.66244
17	8	0.69569
18	8	0.55042
19	8	0.50169
20	8	0.64873
21	8	0.60472
22	8	0.77564
24	8	0.57577
25	8	0.53482
28	8	0.63455
29	8	0.73822
33	8	0.50778
34	8	0.66521
36	8	0.7363
37	8	0.59011
38	8	0.5749
40	8	0.51852
41	8	0.53074
45	8	0.59791
46	8	0.62243
48	8	0.63798
49	8	0.71146
50	8	0.539
52	8	0.60061
56	8	0.57016
73	8	0.74684
74	8	0.75423
76	8	0.58823
80	8	0.61878
85	8	0.65563
87	8	0.53882
94	8	0.57712
95	8	0.60346
96	8	0.69919
97	8	0.51824
100	8	0.62407
101	8	0.5284
103	8	0.58212
111	8	0.52152
116	8	0.68835
126	8	0.52869
132	8	0.51185
143	8	0.66154
2	9	0.69792
5	9	0.84641
8	9	0.75648
10	9	0.84903
12	9	0.88459
13	9	0.77072
15	9	0.89339
16	9	0.7189
17	9	0.89519
18	9	0.79652
19	9	0.73717
20	9	0.84746
21	9	0.81281
22	9	0.88629
24	9	0.87495
25	9	0.74079
28	9	0.87658
29	9	0.94432
33	9	0.74758
34	9	0.80464
36	9	0.87037
37	9	0.81998
38	9	0.75049
40	9	0.78817
41	9	0.73974
45	9	0.7755
46	9	0.88124
48	9	0.80156
49	9	0.87919
50	9	0.78845
52	9	0.69867
55	9	0.75436
56	9	0.82538
57	9	0.49906
73	9	0.88264
74	9	0.89142
76	9	0.80494
80	9	0.83829
85	9	0.87089
87	9	0.77619
94	9	0.74092
95	9	0.80558
96	9	0.91503
97	9	0.73303
100	9	0.86111
101	9	0.72057
103	9	0.75252
111	9	0.75754
116	9	0.86654
126	9	0.72103
143	9	0.88518
2	10	0.74823
3	10	0.70548
5	10	0.87628
8	10	0.69296
9	10	0.84903
12	10	0.8539
15	10	0.8853
17	10	0.87293
18	10	0.79844
19	10	0.75239
20	10	0.85055
21	10	0.81705
22	10	0.85689
24	10	0.84202
25	10	0.76571
28	10	0.79465
29	10	0.83638
33	10	0.78844
34	10	0.78617
36	10	0.80372
37	10	0.868
38	10	0.81223
40	10	0.78113
41	10	0.76738
45	10	0.79747
46	10	0.81606
48	10	0.78502
49	10	0.7733
50	10	0.76528
52	10	0.73127
55	10	0.78606
56	10	0.84469
57	10	0.51084
73	10	0.85631
74	10	0.83573
76	10	0.85378
80	10	0.84871
81	10	0.76611
84	10	0.75363
85	10	0.83254
87	10	0.78523
93	10	0.68152
95	10	0.77176
96	10	0.85067
97	10	0.7448
100	10	0.86761
101	10	0.8203
103	10	0.82672
111	10	0.77921
116	10	0.84071
132	10	0.77879
141	10	0.72972
143	10	0.82489
144	10	0.81444
2	11	0.72303
3	11	0.83091
5	11	0.75782
12	11	0.72419
13	11	0.71742
19	11	0.7395
20	11	0.7504
25	11	0.77862
28	11	0.74829
30	11	0.7226
37	11	0.73704
38	11	0.74373
44	11	0.73787
45	11	0.76679
46	11	0.71865
48	11	0.73572
50	11	0.73534
52	11	0.7572
55	11	0.7238
56	11	0.76711
59	11	0.78386
67	11	0.76641
70	11	0.72081
71	11	0.71874
74	11	0.7432
84	11	0.74571
85	11	0.72736
90	11	0.73536
91	11	0.75894
92	11	0.72893
94	11	0.80043
98	11	0.7517
100	11	0.72856
101	11	0.78706
104	11	0.73443
106	11	0.7721
107	11	0.75921
110	11	0.78092
111	11	0.73279
113	11	0.76001
114	11	0.71611
121	11	0.72289
124	11	0.85771
128	11	0.79311
132	11	0.85742
137	11	0.71971
139	11	0.75276
141	11	0.74752
148	11	0.76311
150	11	0.77401
2	12	0.91068
3	12	0.73869
5	12	0.9383
8	12	0.66163
9	12	0.88459
10	12	0.8539
11	12	0.72419
13	12	0.92877
14	12	0.77345
15	12	0.94957
16	12	0.84524
17	12	0.94184
18	12	0.90643
19	12	0.89728
20	12	0.96836
21	12	0.90987
22	12	0.87681
24	12	0.94113
25	12	0.90558
28	12	0.92582
29	12	0.84662
33	12	0.8719
34	12	0.93533
36	12	0.94643
37	12	0.93027
38	12	0.90862
40	12	0.87143
41	12	0.91421
45	12	0.94371
46	12	0.93865
48	12	0.95524
49	12	0.78909
50	12	0.84883
52	12	0.86778
55	12	0.88671
56	12	0.89247
57	12	0.58313
58	12	0.87382
73	12	0.91445
74	12	0.93289
76	12	0.91889
80	12	0.92318
84	12	0.89045
85	12	0.96179
87	12	0.92238
91	12	0.86537
92	12	0.89249
93	12	0.67433
94	12	0.92087
95	12	0.93937
96	12	0.97118
97	12	0.91278
100	12	0.95341
101	12	0.91717
103	12	0.89109
111	12	0.93515
113	12	0.87322
116	12	0.95
132	12	0.87045
143	12	0.86716
144	12	0.73879
148	12	0.87311
2	13	0.90292
3	13	0.73451
4	13	0.85864
5	13	0.89287
8	13	0.59397
9	13	0.77072
11	13	0.71742
12	13	0.92877
14	13	0.79015
15	13	0.91302
16	13	0.8568
17	13	0.86864
18	13	0.88488
19	13	0.91702
20	13	0.94835
21	13	0.88329
22	13	0.82714
23	13	0.8972
24	13	0.91019
25	13	0.95021
28	13	0.92476
29	13	0.76074
33	13	0.92281
34	13	0.86555
36	13	0.89735
37	13	0.93136
38	13	0.93014
40	13	0.85817
41	13	0.92297
42	13	0.90818
44	13	0.91577
45	13	0.92566
46	13	0.91576
47	13	0.82288
48	13	0.93421
49	13	0.66689
50	13	0.83972
52	13	0.83043
53	13	0.79434
54	13	0.90247
55	13	0.90998
56	13	0.80017
57	13	0.5256
63	13	0.90765
66	13	0.87583
67	13	0.88457
72	13	0.75651
73	13	0.85143
74	13	0.89249
76	13	0.90712
80	13	0.91165
84	13	0.90262
85	13	0.95123
87	13	0.92074
89	13	0.89663
91	13	0.91027
92	13	0.93385
93	13	0.67583
94	13	0.94224
95	13	0.93497
96	13	0.92126
97	13	0.91304
98	13	0.90496
100	13	0.93105
101	13	0.87937
103	13	0.85281
107	13	0.89394
110	13	0.88453
111	13	0.91026
113	13	0.88571
116	13	0.90164
124	13	0.8747
126	13	0.8459
132	13	0.88169
139	13	0.91297
141	13	0.92615
142	13	0.94715
143	13	0.75788
144	13	0.70841
145	13	0.90329
146	13	0.87608
148	13	0.89505
150	13	0.8344
2	14	0.8257
4	14	0.89984
12	14	0.77345
13	14	0.79015
16	14	0.76971
20	14	0.76837
33	14	0.76198
37	14	0.76341
41	14	0.80471
42	14	0.77089
44	14	0.82634
45	14	0.81472
47	14	0.90081
48	14	0.81792
52	14	0.78383
53	14	0.88555
55	14	0.77631
62	14	0.92328
66	14	0.91616
69	14	0.78152
72	14	0.79998
77	14	0.82896
81	14	0.78719
83	14	0.84467
84	14	0.78678
85	14	0.77983
87	14	0.88061
88	14	0.80657
91	14	0.81452
92	14	0.7954
93	14	0.77246
94	14	0.7721
95	14	0.834
97	14	0.84263
98	14	0.80761
100	14	0.76175
108	14	0.7964
110	14	0.79034
111	14	0.77031
112	14	0.80711
114	14	0.76643
117	14	0.84005
120	14	0.8551
125	14	0.8106
138	14	0.8999
139	14	0.79896
145	14	0.76642
146	14	0.75976
147	14	0.65718
148	14	0.76021
150	14	0.7874
2	15	0.88681
3	15	0.68182
5	15	0.9684
8	15	0.66244
9	15	0.89339
10	15	0.8853
12	15	0.94957
13	15	0.91302
16	15	0.85292
17	15	0.94985
18	15	0.90997
19	15	0.88802
20	15	0.95934
21	15	0.93737
22	15	0.9224
24	15	0.93597
25	15	0.90267
28	15	0.92109
29	15	0.90316
33	15	0.92784
34	15	0.8924
36	15	0.92069
37	15	0.96582
38	15	0.93763
40	15	0.88773
41	15	0.89963
42	15	0.86431
45	15	0.92195
46	15	0.95621
48	15	0.92729
49	15	0.80867
50	15	0.87412
52	15	0.84903
55	15	0.90733
56	15	0.88792
57	15	0.56137
73	15	0.89519
74	15	0.94828
76	15	0.95254
80	15	0.9509
81	15	0.87746
84	15	0.8634
85	15	0.96035
87	15	0.9179
92	15	0.87756
93	15	0.77871
94	15	0.87439
95	15	0.93061
96	15	0.96891
97	15	0.866
100	15	0.972
101	15	0.89361
103	15	0.89818
111	15	0.88578
116	15	0.95223
132	15	0.8663
141	15	0.8625
143	15	0.84658
144	15	0.84401
2	16	0.76996
5	16	0.8764
9	16	0.7189
12	16	0.84524
13	16	0.8568
14	16	0.76971
15	16	0.85292
17	16	0.80913
19	16	0.78867
20	16	0.81778
21	16	0.78891
22	16	0.7621
24	16	0.81719
25	16	0.81752
28	16	0.83026
29	16	0.7729
33	16	0.86536
34	16	0.77413
36	16	0.78144
37	16	0.90002
38	16	0.79315
40	16	0.79324
42	16	0.8204
44	16	0.76863
45	16	0.87359
46	16	0.81198
48	16	0.80727
50	16	0.86064
52	16	0.83735
55	16	0.83818
56	16	0.83744
57	16	0.65321
72	16	0.76633
74	16	0.81371
76	16	0.80659
80	16	0.78064
84	16	0.84924
85	16	0.88275
87	16	0.81233
91	16	0.79773
93	16	0.74152
94	16	0.80387
95	16	0.76987
96	16	0.85192
98	16	0.78312
100	16	0.84133
101	16	0.82098
111	16	0.77922
116	16	0.8181
124	16	0.79455
132	16	0.77023
141	16	0.77917
142	16	0.78647
144	16	0.84191
150	16	0.84445
2	17	0.86048
3	17	0.67712
5	17	0.91824
8	17	0.69569
9	17	0.89519
10	17	0.87293
12	17	0.94184
13	17	0.86864
15	17	0.94985
16	17	0.80913
18	17	0.88053
20	17	0.92423
21	17	0.85946
22	17	0.89079
24	17	0.90746
25	17	0.83101
28	17	0.87363
29	17	0.88753
33	17	0.83786
34	17	0.89511
36	17	0.91995
37	17	0.91672
38	17	0.86027
41	17	0.89829
45	17	0.89753
46	17	0.89328
47	17	0.79535
48	17	0.92483
49	17	0.89135
50	17	0.80495
52	17	0.81494
55	17	0.86574
56	17	0.85618
57	17	0.55209
73	17	0.92372
74	17	0.92214
76	17	0.9326
80	17	0.93421
81	17	0.83665
85	17	0.93583
87	17	0.86811
92	17	0.83147
93	17	0.70641
94	17	0.86943
95	17	0.92662
96	17	0.95374
97	17	0.85033
100	17	0.95218
101	17	0.86173
103	17	0.92044
111	17	0.88956
113	17	0.81214
116	17	0.96925
126	17	0.82885
143	17	0.8998
144	17	0.77306
148	17	0.81824
5	18	0.91048
8	18	0.55042
9	18	0.79652
10	18	0.79844
12	18	0.90643
13	18	0.88488
15	18	0.90997
17	18	0.88053
19	18	0.87759
20	18	0.93933
21	18	0.85981
22	18	0.7765
23	18	0.88126
24	18	0.9116
25	18	0.86037
26	18	0.87176
28	18	0.88399
29	18	0.76782
34	18	0.82209
35	18	0.82737
36	18	0.82508
37	18	0.9024
38	18	0.89687
40	18	0.85236
41	18	0.91138
43	18	0.85986
46	18	0.93558
48	18	0.8722
49	18	0.78088
50	18	0.81651
56	18	0.87152
60	18	0.86716
73	18	0.88742
74	18	0.81097
76	18	0.87794
78	18	0.88051
80	18	0.93709
81	18	0.88485
85	18	0.86463
87	18	0.86109
92	18	0.86749
95	18	0.90225
96	18	0.88769
97	18	0.90028
99	18	0.89588
100	18	0.90227
101	18	0.90715
102	18	0.89187
103	18	0.91691
104	18	0.86394
107	18	0.86839
111	18	0.91431
113	18	0.91773
114	18	0.87351
116	18	0.85786
121	18	0.86652
123	18	0.87569
126	18	0.91891
128	18	0.87818
134	18	0.88229
141	18	0.8901
143	18	0.86648
144	18	0.73671
148	18	0.88042
2	19	0.89538
3	19	0.69972
5	19	0.89656
6	19	0.88502
8	19	0.50169
9	19	0.73717
10	19	0.75239
11	19	0.7395
12	19	0.89728
13	19	0.91702
15	19	0.88802
16	19	0.78867
18	19	0.87759
20	19	0.93997
21	19	0.91618
22	19	0.79835
23	19	0.89613
24	19	0.9116
25	19	0.96405
26	19	0.89556
28	19	0.91799
29	19	0.69502
30	19	0.90004
33	19	0.9073
34	19	0.8437
36	19	0.85432
37	19	0.9042
38	19	0.94722
40	19	0.93878
41	19	0.88229
42	19	0.89305
44	19	0.91651
45	19	0.88516
46	19	0.92604
48	19	0.87755
50	19	0.81562
52	19	0.82123
53	19	0.79238
54	19	0.88324
55	19	0.91742
56	19	0.8184
57	19	0.51409
58	19	0.87327
67	19	0.89378
70	19	0.89135
71	19	0.88521
73	19	0.78208
74	19	0.85092
76	19	0.88004
80	19	0.85996
81	19	0.88339
84	19	0.9211
85	19	0.889
87	19	0.9144
91	19	0.89554
92	19	0.91329
93	19	0.66401
94	19	0.88116
96	19	0.87892
97	19	0.89331
98	19	0.93133
100	19	0.89709
101	19	0.89125
107	19	0.91985
108	19	0.88007
110	19	0.88474
113	19	0.89913
114	19	0.90872
121	19	0.90332
132	19	0.91818
134	19	0.89583
141	19	0.93719
142	19	0.88724
144	19	0.74285
148	19	0.88804
2	20	0.92614
3	20	0.7357
4	20	0.86464
5	20	0.93731
8	20	0.64873
9	20	0.84746
10	20	0.85055
11	20	0.7504
12	20	0.96836
13	20	0.94835
14	20	0.76837
15	20	0.95934
16	20	0.81778
17	20	0.92423
18	20	0.93933
19	20	0.93997
21	20	0.93022
22	20	0.89289
24	20	0.9438
25	20	0.94479
26	20	0.86913
28	20	0.93484
29	20	0.81425
33	20	0.9099
34	20	0.92166
36	20	0.93974
37	20	0.9556
38	20	0.96605
40	20	0.87929
41	20	0.94587
42	20	0.87439
44	20	0.90575
45	20	0.93665
46	20	0.95005
47	20	0.78915
48	20	0.95134
49	20	0.76834
50	20	0.83634
52	20	0.8578
55	20	0.92089
56	20	0.85698
57	20	0.53229
58	20	0.90333
62	20	0.8465
73	20	0.90194
74	20	0.92735
76	20	0.95065
80	20	0.94879
81	20	0.9147
84	20	0.91272
85	20	0.95448
87	20	0.95112
92	20	0.93559
93	20	0.69494
94	20	0.93
95	20	0.95827
96	20	0.95122
97	20	0.95254
98	20	0.91414
100	20	0.9687
101	20	0.91993
103	20	0.92437
107	20	0.91625
110	20	0.89596
111	20	0.93918
113	20	0.91747
114	20	0.92515
116	20	0.92462
126	20	0.8929
132	20	0.91793
141	20	0.92941
143	20	0.86324
144	20	0.77152
148	20	0.90569
150	20	0.79316
2	21	0.87531
3	21	0.70591
5	21	0.90045
8	21	0.60472
9	21	0.81281
10	21	0.81705
12	21	0.90987
13	21	0.88329
15	21	0.93737
16	21	0.78891
17	21	0.85946
18	21	0.85981
19	21	0.91618
20	21	0.93022
22	21	0.89562
24	21	0.87358
25	21	0.88165
26	21	0.84733
28	21	0.86397
29	21	0.84233
33	21	0.91556
34	21	0.87045
36	21	0.88623
37	21	0.91646
38	21	0.94988
40	21	0.8879
41	21	0.84473
42	21	0.85406
44	21	0.85569
45	21	0.87667
46	21	0.89932
48	21	0.87732
49	21	0.68244
50	21	0.77806
52	21	0.84889
55	21	0.88568
56	21	0.81765
73	21	0.78543
74	21	0.9028
76	21	0.89971
80	21	0.87597
81	21	0.86575
84	21	0.84906
85	21	0.88593
87	21	0.91218
91	21	0.83249
92	21	0.84599
93	21	0.72498
95	21	0.87678
96	21	0.89589
97	21	0.83445
98	21	0.8332
100	21	0.92913
101	21	0.84571
107	21	0.85444
114	21	0.83251
116	21	0.87692
121	21	0.83592
132	21	0.84014
141	21	0.86224
143	21	0.73671
144	21	0.80717
2	22	0.78941
3	22	0.73629
5	22	0.86851
8	22	0.77564
9	22	0.88629
10	22	0.85689
12	22	0.87681
13	22	0.82714
15	22	0.9224
16	22	0.7621
17	22	0.89079
18	22	0.7765
19	22	0.79835
20	22	0.89289
21	22	0.89562
24	22	0.83283
25	22	0.82171
28	22	0.84659
29	22	0.89933
33	22	0.83763
34	22	0.85711
36	22	0.90982
37	22	0.88321
38	22	0.87409
40	22	0.80604
41	22	0.77707
42	22	0.76462
45	22	0.84661
46	22	0.86061
48	22	0.85162
49	22	0.77904
52	22	0.82056
55	22	0.78946
56	22	0.79878
73	22	0.83985
74	22	0.9451
76	22	0.87609
80	22	0.85112
81	22	0.75834
85	22	0.89484
87	22	0.81817
94	22	0.79491
95	22	0.83149
96	22	0.90661
100	22	0.89565
101	22	0.78803
103	22	0.79652
116	22	0.90029
132	22	0.78676
141	22	0.76349
143	22	0.77914
144	22	0.75003
2	23	0.88581
6	23	0.96332
7	23	0.92875
13	23	0.8972
18	23	0.88126
19	23	0.89613
25	23	0.91611
26	23	0.8537
27	23	0.95147
30	23	0.9443
31	23	0.89402
32	23	0.92504
33	23	0.8761
35	23	0.8166
37	23	0.87273
38	23	0.92003
39	23	0.96116
40	23	0.80715
41	23	0.92406
42	23	0.87696
43	23	0.96688
44	23	0.93437
51	23	0.93576
54	23	0.95938
55	23	0.8809
58	23	0.8666
59	23	0.94195
60	23	0.90793
61	23	0.96905
63	23	0.96421
64	23	0.92214
65	23	0.96063
67	23	0.9496
68	23	0.93838
69	23	0.89554
70	23	0.9486
71	23	0.95303
72	23	0.75886
75	23	0.96011
78	23	0.91628
79	23	0.88924
80	23	0.85859
81	23	0.92995
82	23	0.96298
83	23	0.92677
84	23	0.89081
86	23	0.95154
88	23	0.8879
89	23	0.93586
90	23	0.93134
91	23	0.91358
92	23	0.91405
95	23	0.87659
97	23	0.9003
98	23	0.93553
99	23	0.91728
101	23	0.88376
102	23	0.9531
103	23	0.85926
104	23	0.93928
105	23	0.74911
106	23	0.91246
107	23	0.96138
108	23	0.94257
109	23	0.96199
110	23	0.92152
111	23	0.9072
112	23	0.90178
113	23	0.92391
114	23	0.8922
115	23	0.94186
117	23	0.875
118	23	0.94078
119	23	0.95099
120	23	0.85193
121	23	0.95334
122	23	0.91962
123	23	0.96495
124	23	0.85208
125	23	0.89072
126	23	0.87814
127	23	0.94185
128	23	0.92062
129	23	0.86189
130	23	0.96957
131	23	0.91579
132	23	0.8918
133	23	0.88204
134	23	0.93618
135	23	0.8722
136	23	0.92774
137	23	0.91726
139	23	0.94831
141	23	0.96465
142	23	0.93447
145	23	0.94763
146	23	0.92745
148	23	0.93665
149	23	0.71963
5	24	0.93991
8	24	0.57577
9	24	0.87495
10	24	0.84202
12	24	0.94113
13	24	0.91019
15	24	0.93597
16	24	0.81719
17	24	0.90746
18	24	0.9116
19	24	0.9116
20	24	0.9438
21	24	0.87358
22	24	0.83283
25	24	0.92555
28	24	0.95225
29	24	0.81994
33	24	0.91245
34	24	0.82784
36	24	0.86437
37	24	0.93911
38	24	0.90495
40	24	0.89948
41	24	0.91009
42	24	0.87891
45	24	0.88365
46	24	0.94969
48	24	0.8825
49	24	0.75482
50	24	0.87542
55	24	0.93403
56	24	0.86937
57	24	0.64412
73	24	0.88165
74	24	0.87586
76	24	0.93062
80	24	0.9354
81	24	0.85996
84	24	0.90545
85	24	0.94847
87	24	0.90569
92	24	0.8875
93	24	0.72926
94	24	0.87636
95	24	0.90033
96	24	0.93154
97	24	0.89203
98	24	0.87349
100	24	0.95276
101	24	0.87682
103	24	0.86874
111	24	0.91543
113	24	0.90181
114	24	0.86375
116	24	0.89197
126	24	0.87068
132	24	0.87729
141	24	0.90571
143	24	0.83981
144	24	0.77808
148	24	0.86953
2	25	0.91355
3	25	0.75737
5	25	0.91673
6	25	0.89876
8	25	0.53482
9	25	0.74079
10	25	0.76571
11	25	0.77862
12	25	0.90558
13	25	0.95021
15	25	0.90267
16	25	0.81752
17	25	0.83101
18	25	0.86037
19	25	0.96405
20	25	0.94479
21	25	0.88165
22	25	0.82171
23	25	0.91611
24	25	0.92555
26	25	0.84743
28	25	0.927
29	25	0.69419
30	25	0.90849
33	25	0.93088
34	25	0.84815
36	25	0.8692
37	25	0.93225
38	25	0.95292
40	25	0.91998
41	25	0.90731
42	25	0.93555
44	25	0.93475
45	25	0.92712
46	25	0.91861
48	25	0.90784
50	25	0.82651
52	25	0.82314
54	25	0.89776
55	25	0.93874
56	25	0.81249
57	25	0.54888
58	25	0.87148
63	25	0.91846
67	25	0.90443
70	25	0.91175
71	25	0.90161
72	25	0.77713
73	25	0.81722
74	25	0.87929
76	25	0.92716
80	25	0.91
81	25	0.90045
84	25	0.94114
85	25	0.94098
87	25	0.92217
89	25	0.89734
91	25	0.92358
92	25	0.93669
93	25	0.70621
94	25	0.92705
95	25	0.89635
96	25	0.89859
97	25	0.89474
98	25	0.93227
100	25	0.93596
101	25	0.91278
102	25	0.89129
103	25	0.84166
106	25	0.8868
107	25	0.93228
111	25	0.90264
113	25	0.91321
114	25	0.88607
116	25	0.87237
124	25	0.87575
132	25	0.94578
139	25	0.90737
141	25	0.95079
142	25	0.93587
144	25	0.75226
146	25	0.90199
148	25	0.92366
150	25	0.83915
6	26	0.89803
7	26	0.90055
18	26	0.87176
19	26	0.89556
20	26	0.86913
21	26	0.84733
23	26	0.8537
25	26	0.84743
27	26	0.89888
30	26	0.88615
31	26	0.89156
32	26	0.85704
35	26	0.86008
38	26	0.88538
40	26	0.83418
43	26	0.85772
44	26	0.84521
51	26	0.86947
60	26	0.89058
64	26	0.88889
65	26	0.84503
67	26	0.84645
71	26	0.83589
75	26	0.86088
78	26	0.91572
79	26	0.87515
81	26	0.87373
82	26	0.86752
84	26	0.83841
86	26	0.86395
97	26	0.83908
98	26	0.87961
99	26	0.87277
101	26	0.83964
102	26	0.84536
104	26	0.88038
105	26	0.74901
107	26	0.90224
108	26	0.85605
109	26	0.842
113	26	0.86553
114	26	0.90309
115	26	0.8589
118	26	0.8487
121	26	0.90821
123	26	0.90114
129	26	0.83617
130	26	0.85778
132	26	0.86861
134	26	0.91566
140	26	0.49142
141	26	0.87056
148	26	0.85085
6	27	0.93582
7	27	0.95861
23	27	0.95147
26	27	0.89888
30	27	0.93984
31	27	0.96509
32	27	0.95943
35	27	0.89701
39	27	0.94629
43	27	0.96644
51	27	0.93634
54	27	0.95487
59	27	0.92205
60	27	0.96044
61	27	0.96496
63	27	0.90934
64	27	0.96556
65	27	0.97854
67	27	0.94857
70	27	0.9081
71	27	0.93662
75	27	0.9707
78	27	0.95994
79	27	0.96185
82	27	0.96864
86	27	0.95777
89	27	0.8918
90	27	0.915
99	27	0.95808
102	27	0.95152
104	27	0.96077
105	27	0.75058
107	27	0.95119
108	27	0.92282
109	27	0.96133
110	27	0.90074
113	27	0.90112
114	27	0.89035
115	27	0.96942
118	27	0.90009
119	27	0.92885
121	27	0.95618
122	27	0.96906
123	27	0.98101
126	27	0.87858
127	27	0.94246
128	27	0.89946
129	27	0.93027
130	27	0.95776
131	27	0.92364
132	27	0.88951
133	27	0.87357
134	27	0.96503
135	27	0.91095
136	27	0.95825
137	27	0.93556
140	27	0.45856
141	27	0.92731
149	27	0.78442
3	28	0.70084
5	28	0.92359
8	28	0.63455
9	28	0.87658
10	28	0.79465
11	28	0.74829
12	28	0.92582
13	28	0.92476
15	28	0.92109
16	28	0.83026
17	28	0.87363
18	28	0.88399
19	28	0.91799
20	28	0.93484
21	28	0.86397
22	28	0.84659
24	28	0.95225
25	28	0.927
29	28	0.81555
33	28	0.87193
34	28	0.86421
36	28	0.90319
37	28	0.9041
38	28	0.88665
40	28	0.90955
41	28	0.84525
42	28	0.84134
45	28	0.89772
46	28	0.9755
48	28	0.88783
49	28	0.70381
50	28	0.89059
52	28	0.80961
55	28	0.90418
56	28	0.87033
57	28	0.58506
73	28	0.90781
74	28	0.92278
76	28	0.8874
80	28	0.89542
84	28	0.87037
85	28	0.94837
87	28	0.8694
92	28	0.87848
94	28	0.90366
95	28	0.87044
96	28	0.94608
97	28	0.85341
100	28	0.92247
101	28	0.86424
102	28	0.83481
111	28	0.86353
113	28	0.86952
116	28	0.88014
126	28	0.85506
128	28	0.83626
132	28	0.87475
141	28	0.88424
142	28	0.84442
143	28	0.81457
144	28	0.74113
5	29	0.83925
8	29	0.73822
9	29	0.94432
10	29	0.83638
12	29	0.84662
13	29	0.76074
15	29	0.90316
16	29	0.7729
17	29	0.88753
18	29	0.76782
19	29	0.69502
20	29	0.81425
21	29	0.84233
22	29	0.89933
24	29	0.81994
25	29	0.69419
28	29	0.81555
33	29	0.78941
34	29	0.76879
36	29	0.83394
37	29	0.84132
38	29	0.76115
40	29	0.7425
41	29	0.70187
42	29	0.68669
45	29	0.76067
46	29	0.83806
48	29	0.77477
49	29	0.83287
50	29	0.78975
52	29	0.72309
55	29	0.73601
56	29	0.80122
57	29	0.52289
73	29	0.82608
74	29	0.87635
76	29	0.79023
80	29	0.81816
85	29	0.83932
87	29	0.76639
93	29	0.70028
94	29	0.68388
95	29	0.77346
96	29	0.88146
100	29	0.84126
101	29	0.68541
103	29	0.73149
111	29	0.68359
116	29	0.84758
143	29	0.82866
144	29	0.75836
4	30	0.88224
6	30	0.95569
7	30	0.95799
11	30	0.7226
19	30	0.90004
23	30	0.9443
25	30	0.90849
26	30	0.88615
27	30	0.93984
31	30	0.90591
32	30	0.95299
33	30	0.85135
35	30	0.87248
38	30	0.91287
39	30	0.91472
42	30	0.89576
43	30	0.92362
44	30	0.94156
51	30	0.90645
54	30	0.94551
55	30	0.87466
58	30	0.86458
59	30	0.92851
60	30	0.9315
61	30	0.92681
62	30	0.84815
63	30	0.93219
64	30	0.92531
65	30	0.92054
67	30	0.9536
68	30	0.88924
70	30	0.91359
71	30	0.94214
72	30	0.79354
75	30	0.93525
78	30	0.92827
79	30	0.90722
82	30	0.96183
83	30	0.92611
84	30	0.91432
86	30	0.93719
87	30	0.89542
88	30	0.86269
89	30	0.89327
90	30	0.9215
91	30	0.89849
92	30	0.92504
97	30	0.91911
98	30	0.95995
99	30	0.89864
102	30	0.90836
104	30	0.93646
105	30	0.83114
107	30	0.96197
108	30	0.96486
109	30	0.93729
110	30	0.94834
112	30	0.92695
113	30	0.90377
114	30	0.96375
115	30	0.92807
118	30	0.93506
119	30	0.9376
121	30	0.93731
122	30	0.90699
123	30	0.96196
124	30	0.8612
125	30	0.88841
127	30	0.93755
128	30	0.92992
129	30	0.83803
130	30	0.92641
131	30	0.92363
132	30	0.90021
133	30	0.9148
134	30	0.94687
135	30	0.91226
136	30	0.91938
137	30	0.90963
138	30	0.82224
139	30	0.92242
141	30	0.95565
142	30	0.90797
145	30	0.92988
146	30	0.89895
147	30	0.6522
150	30	0.81802
6	31	0.89785
7	31	0.9725
23	31	0.89402
26	31	0.89156
27	31	0.96509
30	31	0.90591
32	31	0.95835
35	31	0.94605
39	31	0.90023
43	31	0.93764
51	31	0.92079
54	31	0.9064
60	31	0.97909
61	31	0.90376
64	31	0.98222
65	31	0.94377
67	31	0.90993
71	31	0.86926
75	31	0.9148
78	31	0.96676
79	31	0.98439
82	31	0.93504
86	31	0.91618
99	31	0.95882
102	31	0.91183
104	31	0.9443
105	31	0.80119
107	31	0.88673
108	31	0.88449
109	31	0.92759
110	31	0.85962
112	31	0.86127
113	31	0.84934
114	31	0.87287
115	31	0.96565
118	31	0.85961
119	31	0.88298
121	31	0.90797
122	31	0.97682
123	31	0.9517
127	31	0.90147
128	31	0.85522
129	31	0.96283
130	31	0.91834
131	31	0.9143
133	31	0.87896
134	31	0.95209
135	31	0.95279
136	31	0.95985
137	31	0.88398
141	31	0.85581
149	31	0.8331
6	32	0.92895
7	32	0.96999
23	32	0.92504
26	32	0.85704
27	32	0.95943
30	32	0.95299
31	32	0.95835
35	32	0.92256
39	32	0.93824
43	32	0.9399
51	32	0.93164
54	32	0.95938
59	32	0.9185
60	32	0.95551
61	32	0.93227
63	32	0.91561
64	32	0.96503
65	32	0.95653
67	32	0.96199
71	32	0.90667
75	32	0.93024
78	32	0.96296
79	32	0.96548
82	32	0.97044
86	32	0.93709
90	32	0.89487
99	32	0.92609
102	32	0.90981
104	32	0.96959
105	32	0.78919
107	32	0.92845
108	32	0.924
109	32	0.96931
110	32	0.91984
112	32	0.89538
114	32	0.88626
115	32	0.96853
118	32	0.91031
119	32	0.92973
121	32	0.91911
122	32	0.96387
123	32	0.95621
124	32	0.84603
127	32	0.93924
128	32	0.90834
129	32	0.91749
130	32	0.95011
131	32	0.95066
133	32	0.91491
134	32	0.95251
135	32	0.93246
136	32	0.95807
137	32	0.92891
140	32	0.43154
145	32	0.90758
147	32	0.64374
149	32	0.79071
2	33	0.86584
5	33	0.92017
6	33	0.86478
8	33	0.50778
9	33	0.74758
10	33	0.78844
12	33	0.8719
13	33	0.92281
14	33	0.76198
15	33	0.92784
16	33	0.86536
17	33	0.83786
19	33	0.9073
20	33	0.9099
21	33	0.91556
22	33	0.83763
23	33	0.8761
24	33	0.91245
25	33	0.93088
28	33	0.87193
29	33	0.78941
30	33	0.85135
37	33	0.95863
38	33	0.95166
40	33	0.87844
41	33	0.88171
42	33	0.97203
44	33	0.89792
45	33	0.88549
46	33	0.88487
47	33	0.81926
48	33	0.84789
50	33	0.83695
52	33	0.79289
55	33	0.94248
56	33	0.79384
57	33	0.59289
70	33	0.85296
72	33	0.82541
74	33	0.84641
76	33	0.93038
80	33	0.89204
81	33	0.88264
84	33	0.92597
85	33	0.91794
87	33	0.91666
91	33	0.8697
92	33	0.87448
93	33	0.80287
95	33	0.86354
96	33	0.87248
98	33	0.88796
100	33	0.93932
101	33	0.84849
107	33	0.86601
116	33	0.85846
125	33	0.85107
132	33	0.86971
139	33	0.85729
141	33	0.9279
142	33	0.88194
144	33	0.86747
146	33	0.92296
148	33	0.86161
150	33	0.85387
2	34	0.91106
3	34	0.71692
5	34	0.8564
8	34	0.66521
9	34	0.80464
10	34	0.78617
12	34	0.93533
13	34	0.86555
15	34	0.8924
16	34	0.77413
17	34	0.89511
18	34	0.82209
19	34	0.8437
20	34	0.92166
21	34	0.87045
22	34	0.85711
24	34	0.82784
25	34	0.84815
28	34	0.86421
29	34	0.76879
36	34	0.97264
37	34	0.84275
38	34	0.87173
41	34	0.85987
44	34	0.8268
45	34	0.94075
46	34	0.87537
48	34	0.94968
49	34	0.7467
50	34	0.76873
52	34	0.92182
55	34	0.84073
56	34	0.79181
58	34	0.91536
73	34	0.88845
74	34	0.92991
76	34	0.8839
80	34	0.84865
85	34	0.89736
87	34	0.88251
90	34	0.85075
91	34	0.86203
92	34	0.88388
94	34	0.91916
95	34	0.89744
96	34	0.92622
97	34	0.86037
100	34	0.89952
101	34	0.86253
103	34	0.83652
106	34	0.81836
107	34	0.83221
110	34	0.81996
111	34	0.85599
114	34	0.80526
116	34	0.92007
132	34	0.83473
142	34	0.84042
143	34	0.80576
6	35	0.80303
7	35	0.95287
18	35	0.82737
23	35	0.8166
26	35	0.86008
27	35	0.89701
30	35	0.87248
31	35	0.94605
32	35	0.92256
39	35	0.80619
43	35	0.86141
51	35	0.82791
54	35	0.84183
60	35	0.96119
61	35	0.83273
64	35	0.91995
65	35	0.85796
67	35	0.87382
75	35	0.83713
78	35	0.9558
79	35	0.95783
82	35	0.87925
86	35	0.84885
97	35	0.82522
98	35	0.81482
99	35	0.92797
102	35	0.86063
104	35	0.9133
105	35	0.75534
107	35	0.8271
108	35	0.83778
109	35	0.86799
110	35	0.86587
112	35	0.83617
113	35	0.84226
114	35	0.88182
115	35	0.8929
121	35	0.84151
122	35	0.91546
123	35	0.8984
126	35	0.8194
127	35	0.83868
128	35	0.87067
129	35	0.87985
130	35	0.84405
131	35	0.85276
133	35	0.87013
134	35	0.93079
135	35	0.94159
136	35	0.88764
137	35	0.84574
140	35	0.44864
147	35	0.63487
149	35	0.73949
2	36	0.89415
3	36	0.75457
5	36	0.86226
8	36	0.7363
9	36	0.87037
10	36	0.80372
12	36	0.94643
13	36	0.89735
15	36	0.92069
16	36	0.78144
17	36	0.91995
18	36	0.82508
19	36	0.85432
20	36	0.93974
21	36	0.88623
22	36	0.90982
24	36	0.86437
25	36	0.8692
28	36	0.90319
29	36	0.83394
34	36	0.97264
37	36	0.86952
38	36	0.88174
40	36	0.79731
41	36	0.86518
44	36	0.81462
45	36	0.93497
46	36	0.90136
48	36	0.96397
49	36	0.80022
50	36	0.77779
52	36	0.91026
55	36	0.84361
56	36	0.79282
58	36	0.88886
73	36	0.91178
74	36	0.97181
76	36	0.893
80	36	0.87169
85	36	0.93368
87	36	0.89565
90	36	0.82232
91	36	0.84461
92	36	0.88876
94	36	0.9287
95	36	0.92645
96	36	0.95604
97	36	0.87131
100	36	0.91489
101	36	0.83078
103	36	0.84869
107	36	0.80588
111	36	0.85483
116	36	0.93638
126	36	0.8095
132	36	0.82252
142	36	0.83259
143	36	0.83151
2	37	0.88167
3	37	0.70955
5	37	0.96218
8	37	0.59011
9	37	0.81998
10	37	0.868
11	37	0.73704
12	37	0.93027
13	37	0.93136
14	37	0.76341
15	37	0.96582
16	37	0.90002
17	37	0.91672
18	37	0.9024
19	37	0.9042
20	37	0.9556
21	37	0.91646
22	37	0.88321
23	37	0.87273
24	37	0.93911
25	37	0.93225
28	37	0.9041
29	37	0.84132
33	37	0.95863
34	37	0.84275
36	37	0.86952
38	37	0.94899
40	37	0.89583
41	37	0.90498
42	37	0.9102
44	37	0.87582
45	37	0.91175
46	37	0.92275
47	37	0.8208
48	37	0.89996
49	37	0.71484
50	37	0.85451
52	37	0.81539
55	37	0.92465
56	37	0.88487
57	37	0.61191
72	37	0.78099
73	37	0.85306
74	37	0.89001
76	37	0.9442
80	37	0.94541
81	37	0.902
84	37	0.91215
85	37	0.9519
87	37	0.91919
92	37	0.87751
93	37	0.78667
94	37	0.87119
95	37	0.91034
96	37	0.92887
97	37	0.88756
98	37	0.883
100	37	0.96537
101	37	0.91876
103	37	0.89933
111	37	0.89916
116	37	0.91099
132	37	0.89129
141	37	0.91619
143	37	0.81323
144	37	0.86947
146	37	0.87279
148	37	0.89621
150	37	0.82871
2	38	0.91837
3	38	0.72088
5	38	0.91742
6	38	0.9224
8	38	0.5749
9	38	0.75049
10	38	0.81223
11	38	0.74373
12	38	0.90862
13	38	0.93014
15	38	0.93763
16	38	0.79315
17	38	0.86027
18	38	0.89687
19	38	0.94722
20	38	0.96605
21	38	0.94988
22	38	0.87409
23	38	0.92003
24	38	0.90495
25	38	0.95292
26	38	0.88538
28	38	0.88665
29	38	0.76115
30	38	0.91287
33	38	0.95166
34	38	0.87173
36	38	0.88174
37	38	0.94899
40	38	0.87708
41	38	0.91801
42	38	0.92819
44	38	0.93317
45	38	0.91785
46	38	0.90991
48	38	0.90906
49	38	0.65739
50	38	0.80102
52	38	0.84271
55	38	0.93009
56	38	0.80266
57	38	0.50851
58	38	0.89031
70	38	0.90824
71	38	0.90426
72	38	0.78895
73	38	0.81317
74	38	0.8911
75	38	0.90735
76	38	0.94998
80	38	0.9203
81	38	0.92334
84	38	0.91426
85	38	0.91621
87	38	0.94198
90	38	0.89919
91	38	0.91364
92	38	0.92986
93	38	0.71242
94	38	0.89225
95	38	0.91456
96	38	0.89102
97	38	0.9003
98	38	0.91421
100	38	0.95092
101	38	0.89869
103	38	0.88644
106	38	0.88884
107	38	0.94612
114	38	0.91207
116	38	0.88018
121	38	0.92423
123	38	0.90315
132	38	0.93257
139	38	0.89845
141	38	0.95611
142	38	0.90157
143	38	0.74476
144	38	0.81035
146	38	0.90275
148	38	0.89669
150	38	0.83548
6	39	0.95019
7	39	0.91029
23	39	0.96116
27	39	0.94629
30	39	0.91472
31	39	0.90023
32	39	0.93824
35	39	0.80619
43	39	0.96569
44	39	0.9158
51	39	0.9372
53	39	0.78727
54	39	0.96549
59	39	0.93663
60	39	0.88306
61	39	0.94642
63	39	0.95701
64	39	0.93626
65	39	0.96241
67	39	0.95319
68	39	0.94105
69	39	0.90547
70	39	0.94394
71	39	0.94922
75	39	0.93079
77	39	0.85426
78	39	0.8948
79	39	0.88543
82	39	0.96545
83	39	0.92496
86	39	0.95778
88	39	0.89762
89	39	0.92258
90	39	0.92235
98	39	0.9094
99	39	0.88568
102	39	0.9246
104	39	0.935
106	39	0.89042
107	39	0.9439
108	39	0.93681
109	39	0.97647
112	39	0.91832
113	39	0.90022
115	39	0.95925
117	39	0.90904
118	39	0.9344
119	39	0.95596
120	39	0.88733
121	39	0.92981
122	39	0.9295
123	39	0.94084
124	39	0.84054
125	39	0.8717
127	39	0.95288
128	39	0.90466
129	39	0.88245
130	39	0.97536
131	39	0.93064
133	39	0.89081
134	39	0.92484
135	39	0.87061
136	39	0.94281
137	39	0.93221
138	39	0.78576
139	39	0.93074
140	39	0.45684
142	39	0.89733
145	39	0.94017
146	39	0.87524
147	39	0.64402
148	39	0.90379
149	39	0.81323
2	40	0.80841
3	40	0.67968
5	40	0.92923
8	40	0.51852
9	40	0.78817
10	40	0.78113
12	40	0.87143
13	40	0.85817
15	40	0.88773
16	40	0.79324
18	40	0.85236
19	40	0.93878
20	40	0.87929
21	40	0.8879
22	40	0.80604
23	40	0.80715
24	40	0.89948
25	40	0.91998
26	40	0.83418
28	40	0.90955
29	40	0.7425
33	40	0.87844
36	40	0.79731
37	40	0.89583
38	40	0.87708
42	40	0.81839
44	40	0.80183
45	40	0.82504
46	40	0.93235
48	40	0.80882
50	40	0.81743
55	40	0.86243
56	40	0.89902
57	40	0.5376
74	40	0.83655
76	40	0.83269
80	40	0.84934
81	40	0.81744
84	40	0.86557
85	40	0.87444
87	40	0.81124
93	40	0.66352
94	40	0.79926
96	40	0.88062
98	40	0.82748
100	40	0.8795
101	40	0.90165
102	40	0.80664
106	40	0.79389
107	40	0.81633
111	40	0.82896
113	40	0.83875
116	40	0.82832
132	40	0.86357
134	40	0.79882
140	40	0.42784
141	40	0.85796
144	40	0.76549
148	40	0.84005
2	41	0.94708
4	41	0.8886
5	41	0.8747
8	41	0.53074
9	41	0.73974
10	41	0.76738
12	41	0.91421
13	41	0.92297
14	41	0.80471
15	41	0.89963
17	41	0.89829
18	41	0.91138
19	41	0.88229
20	41	0.94587
21	41	0.84473
22	41	0.77707
23	41	0.92406
24	41	0.91009
25	41	0.90731
28	41	0.84525
29	41	0.70187
33	41	0.88171
34	41	0.85987
36	41	0.86518
37	41	0.90498
38	41	0.91801
42	41	0.86396
44	41	0.94011
45	41	0.90395
46	41	0.87313
47	41	0.88055
48	41	0.93898
49	41	0.7624
50	41	0.77325
52	41	0.78305
53	41	0.80459
55	41	0.91358
56	41	0.77543
58	41	0.9117
61	41	0.90177
62	41	0.88587
63	41	0.91458
66	41	0.87647
68	41	0.898
70	41	0.92484
71	41	0.91703
73	41	0.84349
74	41	0.8297
76	41	0.94107
80	41	0.92115
81	41	0.95275
82	41	0.90253
83	41	0.9191
84	41	0.88215
85	41	0.90768
87	41	0.93329
89	41	0.90218
90	41	0.91887
91	41	0.92993
92	41	0.94672
93	41	0.6954
94	41	0.92384
95	41	0.96771
96	41	0.89319
97	41	0.95677
98	41	0.91679
100	41	0.93084
101	41	0.88335
102	41	0.88179
103	41	0.93264
106	41	0.88754
107	41	0.91604
108	41	0.91276
110	41	0.9155
111	41	0.96943
112	41	0.88369
113	41	0.93245
114	41	0.90019
116	41	0.9064
117	41	0.91243
120	41	0.88177
126	41	0.91125
128	41	0.90497
132	41	0.87837
138	41	0.79259
139	41	0.92435
141	41	0.91333
142	41	0.92836
143	41	0.81412
144	41	0.70368
145	41	0.89915
146	41	0.90774
148	41	0.94581
150	41	0.7965
2	42	0.84895
5	42	0.85976
6	42	0.8803
13	42	0.90818
14	42	0.77089
15	42	0.86431
16	42	0.8204
19	42	0.89305
20	42	0.87439
21	42	0.85406
22	42	0.76462
23	42	0.87696
24	42	0.87891
25	42	0.93555
28	42	0.84134
29	42	0.68669
30	42	0.89576
33	42	0.97203
37	42	0.9102
38	42	0.92819
40	42	0.81839
41	42	0.86396
44	42	0.92013
45	42	0.86898
47	42	0.79799
50	42	0.82158
54	42	0.85018
55	42	0.93943
57	42	0.56111
63	42	0.8696
70	42	0.86262
71	42	0.85685
72	42	0.86775
76	42	0.91024
80	42	0.86556
81	42	0.86607
83	42	0.86825
84	42	0.92858
85	42	0.8842
87	42	0.91798
89	42	0.85122
91	42	0.88121
92	42	0.89775
93	42	0.8051
98	42	0.90202
100	42	0.89932
105	42	0.76884
107	42	0.8761
108	42	0.84621
114	42	0.86807
118	42	0.86786
124	42	0.82685
125	42	0.90017
132	42	0.87247
138	42	0.79062
139	42	0.87503
141	42	0.92701
142	42	0.90146
144	42	0.8177
145	42	0.88855
146	42	0.93312
148	42	0.85527
150	42	0.88694
6	43	0.94695
7	43	0.93433
18	43	0.85986
23	43	0.96688
26	43	0.85772
27	43	0.96644
30	43	0.92362
31	43	0.93764
32	43	0.9399
35	43	0.86141
39	43	0.96569
51	43	0.96677
54	43	0.95766
58	43	0.87451
59	43	0.93143
60	43	0.9196
61	43	0.97286
63	43	0.93749
64	43	0.94065
65	43	0.9724
67	43	0.94249
68	43	0.92113
69	43	0.88815
70	43	0.93342
71	43	0.95123
75	43	0.95412
77	43	0.85201
78	43	0.91915
79	43	0.91773
81	43	0.90839
82	43	0.97556
83	43	0.91418
86	43	0.97311
88	43	0.87596
89	43	0.91793
90	43	0.93652
97	43	0.88957
99	43	0.93441
102	43	0.92929
104	43	0.93173
106	43	0.87634
107	43	0.9453
108	43	0.9505
109	43	0.97259
110	43	0.91757
112	43	0.92022
113	43	0.89663
115	43	0.97603
117	43	0.87626
118	43	0.92163
119	43	0.95932
121	43	0.95457
122	43	0.96063
123	43	0.96664
126	43	0.8756
127	43	0.96077
128	43	0.90023
129	43	0.92349
130	43	0.96885
131	43	0.94802
133	43	0.87645
134	43	0.92959
135	43	0.91169
136	43	0.94908
137	43	0.93002
139	43	0.91123
140	43	0.45519
141	43	0.90587
145	43	0.92741
146	43	0.86482
147	43	0.64761
148	43	0.90871
149	43	0.83497
2	44	0.94465
3	44	0.69874
4	44	0.89738
6	44	0.94791
11	44	0.73787
13	44	0.91577
14	44	0.82634
16	44	0.76863
19	44	0.91651
20	44	0.90575
21	44	0.85569
23	44	0.93437
25	44	0.93475
26	44	0.84521
30	44	0.94156
33	44	0.89792
34	44	0.8268
36	44	0.81462
37	44	0.87582
38	44	0.93317
39	44	0.9158
40	44	0.80183
41	44	0.94011
42	44	0.92013
45	44	0.90844
47	44	0.86248
48	44	0.89859
52	44	0.81742
53	44	0.88496
54	44	0.93538
55	44	0.92064
58	44	0.90469
59	44	0.92669
62	44	0.91742
63	44	0.95242
66	44	0.90533
67	44	0.92327
68	44	0.93563
69	44	0.91208
70	44	0.97124
71	44	0.96485
72	44	0.8196
75	44	0.90281
76	44	0.90024
77	44	0.88107
80	44	0.8623
81	44	0.93917
82	44	0.93861
83	44	0.95769
84	44	0.91999
86	44	0.9315
87	44	0.94304
88	44	0.92501
89	44	0.93255
90	44	0.94825
91	44	0.97134
92	44	0.95707
93	44	0.73311
94	44	0.90681
95	44	0.89898
97	44	0.91903
98	44	0.95789
100	44	0.88631
101	44	0.86468
105	44	0.71123
106	44	0.8926
107	44	0.96486
108	44	0.956
110	44	0.93436
111	44	0.89845
112	44	0.92519
113	44	0.907
114	44	0.91479
117	44	0.91758
118	44	0.94844
119	44	0.9385
120	44	0.90544
121	44	0.9341
124	44	0.85905
125	44	0.94072
127	44	0.92062
128	44	0.9021
130	44	0.91811
132	44	0.90648
137	44	0.89558
138	44	0.88735
139	44	0.93494
140	44	0.48785
141	44	0.93148
142	44	0.9515
144	44	0.72233
145	44	0.94296
146	44	0.93733
147	44	0.67661
148	44	0.94166
150	44	0.85887
2	45	0.92673
3	45	0.76733
5	45	0.91385
8	45	0.59791
9	45	0.7755
10	45	0.79747
11	45	0.76679
12	45	0.94371
13	45	0.92566
14	45	0.81472
15	45	0.92195
16	45	0.87359
17	45	0.89753
19	45	0.88516
20	45	0.93665
21	45	0.87667
22	45	0.84661
24	45	0.88365
25	45	0.92712
28	45	0.89772
29	45	0.76067
33	45	0.88549
34	45	0.94075
36	45	0.93497
37	45	0.91175
38	45	0.91785
40	45	0.82504
41	45	0.90395
42	45	0.86898
44	45	0.90844
46	45	0.90014
47	45	0.79638
48	45	0.96958
49	45	0.68211
50	45	0.83306
52	45	0.9283
53	45	0.79152
55	45	0.9234
56	45	0.8224
57	45	0.54704
58	45	0.91675
62	45	0.84326
70	45	0.88261
72	45	0.78516
73	45	0.8676
74	45	0.92633
76	45	0.93957
80	45	0.89142
84	45	0.90149
85	45	0.96047
87	45	0.93899
90	45	0.89291
91	45	0.94028
92	45	0.93923
93	45	0.69938
94	45	0.95828
95	45	0.92004
96	45	0.94085
97	45	0.88942
100	45	0.94089
101	45	0.89994
103	45	0.85628
106	45	0.88074
107	45	0.8814
110	45	0.87349
111	45	0.89455
116	45	0.93452
124	45	0.85677
132	45	0.88813
141	45	0.87308
142	45	0.91673
143	45	0.75606
144	45	0.77927
150	45	0.87523
5	46	0.95493
