4	2	0.87066
7	2	0.96144
10	2	0.88409
11	2	0.87329
12	2	0.93306
14	2	0.86722
15	2	0.78647
17	2	0.88655
19	2	0.86717
20	2	0.92
22	2	0.88166
23	2	0.46397
25	2	0.62781
29	2	0.9037
30	2	0.87888
31	2	0.85811
33	2	0.42634
34	2	0.86663
35	2	0.88637
36	2	0.87986
37	2	0.46772
41	2	0.87528
42	2	0.29152
45	2	0.93476
47	2	0.29296
48	2	0.89042
49	2	0.89366
52	2	0.88516
55	2	0.91077
56	2	0.24572
57	2	0.8979
61	2	0.88286
62	2	0.92471
66	2	0.89812
71	2	0.88951
72	2	0.45559
73	2	0.85981
74	2	0.91743
76	2	0.96585
77	2	0.88045
78	2	0.7687
79	2	0.96113
80	2	0.38877
83	2	0.6233
85	2	0.96819
87	2	0.90667
88	2	0.89106
89	2	0.90573
92	2	0.94443
94	2	0.87807
95	2	0.79175
96	2	0.90963
97	2	0.90881
100	2	0.89881
105	2	0.14967
106	2	0.87533
111	2	0.86827
116	2	0.74896
117	2	0.90817
120	2	0.26472
125	2	0.94626
126	2	0.87371
127	2	0.90067
128	2	0.88059
131	2	0.9078
136	2	0.89021
142	2	0.89556
144	2	0.64783
148	2	0.86983
4	3	0.99495
5	3	0.96663
8	3	0.99663
9	3	0.97523
11	3	0.98183
12	3	0.87836
14	3	0.9962
16	3	0.95706
17	3	0.98448
20	3	0.97326
22	3	0.99249
29	3	0.94431
30	3	0.98343
32	3	0.09741
34	3	0.9797
35	3	0.96265
39	3	0.93932
41	3	0.99493
45	3	0.97661
48	3	0.99194
49	3	0.98782
50	3	0.01125
52	3	0.93257
55	3	0.95459
57	3	0.97535
61	3	0.99211
68	3	0.95319
71	3	0.99142
74	3	0.98224
76	3	0.91415
77	3	0.97952
79	3	0.94759
87	3	0.96206
88	3	0.99039
89	3	0.95184
90	3	0.99646
91	3	0.98492
92	3	0.96658
94	3	0.99452
96	3	0.97517
97	3	0.98912
100	3	0.98508
101	3	0.97357
106	3	0.99401
111	3	0.97177
116	3	0.50235
117	3	0.97598
125	3	0.89802
126	3	0.99345
127	3	0.97327
128	3	0.95318
131	3	0.96928
136	3	0.99247
137	3	0.94515
139	3	0.98903
148	3	0.97865
2	4	0.87066
3	4	0.99495
5	4	0.98123
7	4	0.91322
8	4	0.99928
9	4	0.98376
10	4	0.8254
11	4	0.99115
12	4	0.88525
14	4	0.99957
16	4	0.96954
17	4	0.99415
20	4	0.98439
22	4	0.99843
29	4	0.96041
30	4	0.99305
32	4	0.10713
34	4	0.99051
35	4	0.97506
36	4	0.84095
39	4	0.95303
41	4	0.99989
45	4	0.9842
46	4	0.90614
48	4	0.99889
49	4	0.9957
50	4	0.02083
51	4	0.58939
52	4	0.94771
55	4	0.97248
57	4	0.98872
61	4	0.99902
66	4	0.91649
67	4	0.80914
68	4	0.96892
71	4	0.99854
74	4	0.99201
76	4	0.92421
77	4	0.99132
79	4	0.9634
82	4	0.86433
85	4	0.82611
87	4	0.97854
88	4	0.99841
89	4	0.96586
90	4	0.99933
91	4	0.99357
92	4	0.97717
94	4	0.99927
96	4	0.98749
97	4	0.99492
100	4	0.99513
101	4	0.98403
103	4	0.77709
106	4	0.99959
110	4	0.80715
111	4	0.9827
114	4	0.88397
116	4	0.51208
117	4	0.9897
121	4	0.84435
125	4	0.91361
126	4	0.9991
127	4	0.98742
128	4	0.97023
131	4	0.98407
132	4	0.77924
136	4	0.99879
137	4	0.96048
139	4	0.99556
148	4	0.99
3	5	0.96663
4	5	0.98123
7	5	0.91866
8	5	0.97519
9	5	0.95524
11	5	0.97181
13	5	0.92176
14	5	0.97593
16	5	0.98558
17	5	0.98435
19	5	0.85105
20	5	0.96664
22	5	0.97646
28	5	0.91402
29	5	0.95276
30	5	0.9872
31	5	0.80666
34	5	0.98388
35	5	0.97961
36	5	0.88418
39	5	0.93681
41	5	0.97964
45	5	0.95905
46	5	0.94916
48	5	0.98191
49	5	0.97537
51	5	0.70895
52	5	0.92325
55	5	0.97345
57	5	0.97469
61	5	0.981
62	5	0.86867
66	5	0.9509
67	5	0.88235
68	5	0.98206
71	5	0.97873
74	5	0.96887
77	5	0.99302
78	5	0.75692
79	5	0.95668
82	5	0.90081
84	5	0.73222
87	5	0.98346
88	5	0.98303
89	5	0.94232
90	5	0.97565
91	5	0.99223
92	5	0.96202
94	5	0.97895
95	5	0.59972
96	5	0.9751
97	5	0.97317
99	5	0.54728
100	5	0.98206
101	5	0.99664
103	5	0.86967
104	5	0.77745
106	5	0.9815
107	5	0.46242
110	5	0.89878
111	5	0.9817
112	5	0.83101
114	5	0.92492
117	5	0.98831
121	5	0.89363
125	5	0.90197
126	5	0.98334
127	5	0.9844
128	5	0.99765
131	5	0.97757
132	5	0.84511
135	5	0.85821
136	5	0.97983
137	5	0.97473
139	5	0.9855
148	5	0.9839
150	5	0.61194
18	6	0.51277
21	6	0.89098
24	6	0.89448
26	6	0.47275
27	6	0.65023
38	6	0.76058
40	6	0.68896
43	6	0.7591
44	6	0.93096
53	6	0.89311
54	6	0.84596
59	6	0.70197
60	6	0.63063
63	6	0.74466
64	6	0.92442
65	6	0.97497
67	6	0.51994
69	6	0.96404
70	6	0.9644
75	6	0.92981
78	6	0.51435
81	6	0.55816
84	6	0.70371
86	6	0.97881
93	6	0.53069
98	6	0.97064
99	6	0.70832
102	6	0.93332
104	6	0.50161
107	6	0.51414
108	6	0.92009
109	6	0.84799
112	6	0.5967
113	6	0.97565
115	6	0.9573
118	6	0.99943
119	6	0.87278
122	6	0.79535
123	6	0.91155
124	6	0.98587
129	6	0.47456
130	6	0.49856
132	6	0.54591
133	6	0.35209
134	6	0.83303
138	6	0.91921
140	6	0.97546
143	6	0.57171
145	6	0.96446
146	6	0.97003
147	6	0.98772
149	6	0.91765
150	6	0.53436
2	7	0.96144
4	7	0.91322
5	7	0.91866
11	7	0.91218
12	7	0.94879
14	7	0.90799
17	7	0.90955
19	7	0.87473
20	7	0.92565
22	7	0.91109
23	7	0.30043
25	7	0.49973
28	7	0.88906
30	7	0.93976
31	7	0.85775
36	7	0.85551
37	7	0.30353
41	7	0.91451
45	7	0.95425
48	7	0.92646
49	7	0.91696
55	7	0.91681
57	7	0.93494
61	7	0.92726
62	7	0.98529
66	7	0.90644
67	7	0.85471
68	7	0.94315
71	7	0.92749
73	7	0.7734
74	7	0.94041
76	7	0.96653
77	7	0.93812
78	7	0.83325
79	7	0.97641
82	7	0.95638
83	7	0.49427
85	7	0.93749
87	7	0.9452
88	7	0.92882
89	7	0.93574
90	7	0.90825
91	7	0.92604
92	7	0.97059
94	7	0.9232
95	7	0.84557
96	7	0.92878
97	7	0.93735
100	7	0.92327
101	7	0.90614
106	7	0.92189
112	7	0.807
114	7	0.91689
116	7	0.73774
117	7	0.94354
121	7	0.87987
125	7	0.9829
126	7	0.90892
127	7	0.94521
128	7	0.92834
131	7	0.92369
132	7	0.84157
136	7	0.92997
137	7	0.94659
139	7	0.92247
142	7	0.82218
144	7	0.51951
148	7	0.90841
3	8	0.99663
4	8	0.99928
5	8	0.97519
9	8	0.98318
11	8	0.98823
12	8	0.88803
14	8	0.99988
16	8	0.96512
17	8	0.99085
20	8	0.97961
22	8	0.99721
29	8	0.95288
30	8	0.98952
32	8	0.11038
34	8	0.98751
35	8	0.97027
36	8	0.83486
39	8	0.94902
41	8	0.9993
45	8	0.98345
48	8	0.9975
49	8	0.99328
50	8	0.02265
52	8	0.94132
55	8	0.96412
57	8	0.98429
61	8	0.99748
68	8	0.96148
71	8	0.99712
74	8	0.98972
76	8	0.92394
77	8	0.9866
79	8	0.95871
85	8	0.82359
87	8	0.97037
88	8	0.99599
89	8	0.96226
90	8	0.99998
91	8	0.99062
92	8	0.9751
94	8	0.99901
96	8	0.98202
97	8	0.99445
100	8	0.99152
101	8	0.98055
103	8	0.76721
106	8	0.99878
111	8	0.97955
116	8	0.51637
117	8	0.98389
121	8	0.83357
125	8	0.91106
126	8	0.99818
127	8	0.98149
128	8	0.96261
131	8	0.97759
136	8	0.99768
137	8	0.95363
139	8	0.99381
148	8	0.98649
3	9	0.97523
4	9	0.98376
5	9	0.95524
8	9	0.98318
10	9	0.83123
11	9	0.99232
12	9	0.86194
13	9	0.90719
14	9	0.98446
15	9	0.75876
16	9	0.95037
17	9	0.98329
20	9	0.97244
22	9	0.98451
29	9	0.96129
30	9	0.97211
31	9	0.80891
32	9	0.25828
34	9	0.98629
35	9	0.95823
39	9	0.97946
41	9	0.98434
45	9	0.96715
48	9	0.98371
49	9	0.98569
50	9	0.17835
52	9	0.96841
55	9	0.9626
57	9	0.98594
61	9	0.98333
68	9	0.94452
71	9	0.98701
73	9	0.75179
74	9	0.98175
76	9	0.90647
77	9	0.97102
79	9	0.94969
85	9	0.81516
87	9	0.95876
88	9	0.98347
89	9	0.97921
90	9	0.98305
91	9	0.97014
92	9	0.9562
94	9	0.98169
96	9	0.97491
97	9	0.97661
100	9	0.9816
101	9	0.95775
106	9	0.98353
111	9	0.97158
117	9	0.97315
125	9	0.90006
126	9	0.98283
127	9	0.97421
128	9	0.93989
131	9	0.97569
136	9	0.98316
137	9	0.93436
139	9	0.97499
148	9	0.97768
2	10	0.88409
4	10	0.8254
9	10	0.83123
11	10	0.85634
13	10	0.92262
15	10	0.93713
17	10	0.86409
19	10	0.93899
20	10	0.90875
22	10	0.84984
23	10	0.68641
25	10	0.40458
28	10	0.92365
29	10	0.93597
30	10	0.82655
31	10	0.90811
33	10	0.65216
34	10	0.84953
35	10	0.86797
37	10	0.68528
41	10	0.82836
42	10	0.55101
45	10	0.83837
46	10	0.90755
47	10	0.53353
48	10	0.83646
49	10	0.86818
50	10	0.02962
52	10	0.92052
55	10	0.92704
56	10	0.48787
57	10	0.87259
58	10	0.58772
61	10	0.83402
66	10	0.93555
71	10	0.8397
72	10	0.68987
73	10	0.98068
74	10	0.86571
77	10	0.83427
78	10	0.7598
79	10	0.85439
80	10	0.53526
83	10	0.81476
87	10	0.89188
88	10	0.84912
89	10	0.85524
92	10	0.83003
93	10	0.64743
96	10	0.90239
97	10	0.83122
100	10	0.87495
105	10	0.10745
111	10	0.84741
114	10	0.84515
117	10	0.87492
120	10	0.50264
126	10	0.82908
127	10	0.86937
128	10	0.82912
130	10	0.65627
131	10	0.90868
135	10	0.86247
136	10	0.83162
141	10	0.68817
142	10	0.99176
143	10	0.69064
144	10	0.84399
148	10	0.84739
2	11	0.87329
3	11	0.98183
4	11	0.99115
5	11	0.97181
7	11	0.91218
8	11	0.98823
9	11	0.99232
10	11	0.85634
12	11	0.86663
13	11	0.93183
14	11	0.98999
15	11	0.77458
16	11	0.95913
17	11	0.99239
19	11	0.84439
20	11	0.98641
22	11	0.99105
28	11	0.89517
29	11	0.97353
30	11	0.9874
31	11	0.82899
32	11	0.20924
34	11	0.98719
35	11	0.96842
39	11	0.98199
41	11	0.99122
45	11	0.97628
46	11	0.92674
48	11	0.99224
49	11	0.99519
50	11	0.12893
52	11	0.97775
55	11	0.97795
57	11	0.9917
61	11	0.99302
62	11	0.84652
66	11	0.93163
67	11	0.8085
68	11	0.96916
71	11	0.99444
72	11	0.37194
73	11	0.78742
74	11	0.99136
76	11	0.91563
77	11	0.98751
79	11	0.96436
82	11	0.86086
85	11	0.81948
87	11	0.98218
88	11	0.99419
89	11	0.98647
90	11	0.98834
91	11	0.98386
92	11	0.96828
94	11	0.98915
96	11	0.98975
97	11	0.98498
100	11	0.99148
101	11	0.96987
106	11	0.99136
111	11	0.97608
114	11	0.89719
117	11	0.99047
121	11	0.8399
125	11	0.91377
126	11	0.9894
127	11	0.99229
128	11	0.96159
131	11	0.98941
132	11	0.77812
136	11	0.99198
137	11	0.95778
139	11	0.98644
142	11	0.83553
148	11	0.97981
2	12	0.93306
3	12	0.87836
4	12	0.88525
7	12	0.94879
8	12	0.88803
9	12	0.86194
11	12	0.86663
14	12	0.88827
17	12	0.87063
20	12	0.87807
22	12	0.88261
25	12	0.54061
30	12	0.88588
34	12	0.85838
36	12	0.8626
41	12	0.88927
45	12	0.94712
48	12	0.89946
49	12	0.8816
57	12	0.88442
61	12	0.89338
62	12	0.92232
71	12	0.89859
74	12	0.91215
76	12	0.98912
77	12	0.87805
79	12	0.95096
82	12	0.87222
85	12	0.96955
87	12	0.8618
88	12	0.89081
89	12	0.89935
90	12	0.89076
91	12	0.87631
92	12	0.95698
94	12	0.90036
95	12	0.81788
96	12	0.87032
97	12	0.92414
100	12	0.88043
101	12	0.86541
106	12	0.89371
116	12	0.8508
117	12	0.88309
125	12	0.98009
126	12	0.88413
127	12	0.87867
128	12	0.85851
131	12	0.86087
136	12	0.90347
137	12	0.86042
139	12	0.87888
148	12	0.86489
5	13	0.92176
9	13	0.90719
10	13	0.92262
11	13	0.93183
15	13	0.89515
16	13	0.90086
17	13	0.92268
19	13	0.95231
20	13	0.92967
22	13	0.89811
23	13	0.4702
25	13	0.27365
28	13	0.97799
29	13	0.95101
30	13	0.9141
31	13	0.95707
32	13	0.24693
33	13	0.49782
34	13	0.91566
35	13	0.91331
37	13	0.4697
39	13	0.9404
42	13	0.52214
46	13	0.98611
47	13	0.31176
48	13	0.9025
49	13	0.91704
50	13	0.18742
51	13	0.62659
52	13	0.95553
55	13	0.95466
56	13	0.25399
57	13	0.93198
58	13	0.53363
61	13	0.90328
62	13	0.84782
66	13	0.97753
67	13	0.85084
68	13	0.93259
71	13	0.90588
72	13	0.58864
73	13	0.8839
74	13	0.91259
77	13	0.92642
78	13	0.84868
79	13	0.91396
80	13	0.4001
81	13	0.60852
83	13	0.64617
84	13	0.70386
87	13	0.95367
88	13	0.91331
89	13	0.9357
91	13	0.9043
93	13	0.61262
95	13	0.59165
96	13	0.93774
100	13	0.92126
101	13	0.89737
104	13	0.7389
106	13	0.89483
110	13	0.80017
111	13	0.90652
112	13	0.82623
114	13	0.94332
117	13	0.94175
120	13	0.27486
121	13	0.83787
127	13	0.94636
128	13	0.92735
130	13	0.63232
131	13	0.94913
132	13	0.80823
135	13	0.89733
136	13	0.89931
137	13	0.91539
139	13	0.89621
141	13	0.64691
142	13	0.9019
143	13	0.76209
144	13	0.68632
148	13	0.9053
150	13	0.68721
2	14	0.86722
3	14	0.9962
4	14	0.99957
5	14	0.97593
7	14	0.90799
8	14	0.99988
9	14	0.98446
11	14	0.98999
12	14	0.88827
16	14	0.96635
17	14	0.99255
20	14	0.98247
22	14	0.99809
29	14	0.95733
30	14	0.98997
32	14	0.11437
34	14	0.98884
35	14	0.97251
36	14	0.83711
39	14	0.95142
41	14	0.99969
45	14	0.98471
48	14	0.99827
49	14	0.99497
50	14	0.02724
52	14	0.94613
55	14	0.96767
57	14	0.98608
61	14	0.99807
68	14	0.96234
71	14	0.99799
74	14	0.99148
76	14	0.92578
77	14	0.98743
79	14	0.9613
82	14	0.85523
85	14	0.82689
87	14	0.97289
88	14	0.99704
89	14	0.96516
90	14	0.99988
91	14	0.99056
92	14	0.97635
94	14	0.99911
96	14	0.98457
97	14	0.99518
100	14	0.9932
101	14	0.98066
103	14	0.76703
106	14	0.99901
111	14	0.9811
116	14	0.51692
117	14	0.9859
125	14	0.91263
126	14	0.99865
127	14	0.98348
128	14	0.96386
131	14	0.98054
136	14	0.9983
137	14	0.95385
139	14	0.99356
148	14	0.98721
2	15	0.78647
9	15	0.75876
10	15	0.93713
11	15	0.77458
13	15	0.89515
16	15	0.72665
17	15	0.76576
19	15	0.85942
20	15	0.80243
22	15	0.73077
23	15	0.72156
25	15	0.39871
28	15	0.83977
29	15	0.86499
31	15	0.90678
32	15	0.35942
33	15	0.7772
34	15	0.75294
35	15	0.77215
37	15	0.72623
39	15	0.7936
42	15	0.74228
45	15	0.72305
46	15	0.83087
47	15	0.59822
48	15	0.72382
49	15	0.76549
50	15	0.33414
52	15	0.88493
55	15	0.82621
56	15	0.5492
57	15	0.76514
58	15	0.58554
61	15	0.71653
66	15	0.85118
71	15	0.72961
72	15	0.85686
73	15	0.95505
74	15	0.76023
77	15	0.71822
79	15	0.76174
80	15	0.61445
81	15	0.62814
83	15	0.81424
87	15	0.7792
88	15	0.73574
89	15	0.80486
96	15	0.79238
100	15	0.76071
105	15	0.20135
111	15	0.75395
114	15	0.72819
117	15	0.76794
120	15	0.56666
127	15	0.76801
130	15	0.63195
131	15	0.81
135	15	0.78258
141	15	0.66845
142	15	0.92508
144	15	0.84707
148	15	0.71739
3	16	0.95706
4	16	0.96954
5	16	0.98558
8	16	0.96512
9	16	0.95037
11	16	0.95913
13	16	0.90086
14	16	0.96635
15	16	0.72665
17	16	0.98311
20	16	0.95893
22	16	0.96791
29	16	0.96038
30	16	0.95903
32	16	0.0987
34	16	0.98625
35	16	0.99428
36	16	0.91851
41	16	0.96916
45	16	0.94767
46	16	0.91936
48	16	0.9717
49	16	0.96855
50	16	0.01368
51	16	0.76241
52	16	0.9213
55	16	0.96557
57	16	0.95343
61	16	0.96424
66	16	0.93433
67	16	0.80559
68	16	0.93892
71	16	0.96575
74	16	0.95654
77	16	0.96874
79	16	0.94345
87	16	0.95687
88	16	0.96888
89	16	0.92713
90	16	0.96523
91	16	0.96888
92	16	0.94526
94	16	0.96445
96	16	0.96087
97	16	0.96387
100	16	0.97236
101	16	0.99161
103	16	0.89123
104	16	0.77877
105	16	0.16962
106	16	0.96671
107	16	0.49544
110	16	0.89515
111	16	0.99492
117	16	0.97056
126	16	0.97793
127	16	0.96056
128	16	0.98373
131	16	0.96754
135	16	0.85751
136	16	0.96638
137	16	0.92491
139	16	0.9606
148	16	0.97024
150	16	0.62429
2	17	0.88655
3	17	0.98448
4	17	0.99415
5	17	0.98435
7	17	0.90955
8	17	0.99085
9	17	0.98329
10	17	0.86409
11	17	0.99239
12	17	0.87063
13	17	0.92268
14	17	0.99255
15	17	0.76576
16	17	0.98311
19	17	0.84099
20	17	0.9917
22	17	0.99559
28	17	0.89416
29	17	0.98249
30	17	0.98555
31	17	0.80997
32	17	0.13164
34	17	0.99652
35	17	0.9909
36	17	0.86738
39	17	0.95771
41	17	0.99449
45	17	0.98005
46	17	0.92906
48	17	0.99578
49	17	0.99759
50	17	0.04954
51	17	0.63778
52	17	0.96574
55	17	0.98715
57	17	0.98786
61	17	0.99305
66	17	0.94336
68	17	0.96297
71	17	0.99456
73	17	0.78689
74	17	0.99128
76	17	0.92009
77	17	0.98836
79	17	0.96822
85	17	0.82628
87	17	0.98344
88	17	0.99592
89	17	0.97
90	17	0.99094
91	17	0.98616
92	17	0.97299
94	17	0.99106
96	17	0.99274
97	17	0.99027
100	17	0.9974
101	17	0.9856
103	17	0.80108
104	17	0.68222
106	17	0.99257
110	17	0.82238
111	17	0.99403
114	17	0.88792
116	17	0.49542
117	17	0.99343
125	17	0.90673
126	17	0.99653
127	17	0.98912
128	17	0.97731
131	17	0.99374
135	17	0.81728
136	17	0.99356
137	17	0.94944
139	17	0.98509
142	17	0.84467
148	17	0.98805
6	18	0.51277
24	18	0.42961
26	18	0.50267
36	18	0.41166
40	18	0.25218
44	18	0.32643
51	18	0.80094
53	18	0.29919
54	18	0.28872
59	18	0.95918
60	18	0.85555
63	18	0.3919
65	18	0.32358
67	18	0.27158
69	18	0.28406
70	18	0.27898
75	18	0.5646
80	18	0.41094
81	18	0.32446
84	18	0.63942
86	18	0.38503
98	18	0.30812
99	18	0.8641
102	18	0.25957
103	18	0.64509
104	18	0.72401
105	18	0.77587
107	18	0.89895
108	18	0.75116
109	18	0.45999
110	18	0.58045
112	18	0.28595
113	18	0.32051
115	18	0.35337
118	18	0.526
122	18	0.49354
123	18	0.60542
124	18	0.47565
129	18	0.98068
133	18	0.89852
134	18	0.33549
135	18	0.43965
138	18	0.31824
140	18	0.32361
143	18	0.52567
145	18	0.27786
146	18	0.5412
147	18	0.5885
149	18	0.30354
150	18	0.74951
2	19	0.86717
5	19	0.85105
7	19	0.87473
10	19	0.93899
11	19	0.84439
13	19	0.95231
15	19	0.85942
17	19	0.84099
20	19	0.87718
23	19	0.62617
25	19	0.37809
28	19	0.9803
29	19	0.88741
30	19	0.85083
31	19	0.94085
33	19	0.57754
35	19	0.83253
37	19	0.62269
39	19	0.82479
40	19	0.74803
42	19	0.52088
43	19	0.68335
46	19	0.96125
47	19	0.48393
49	19	0.8424
52	19	0.8779
55	19	0.90598
56	19	0.43261
57	19	0.86371
58	19	0.7057
61	19	0.82897
62	19	0.84576
66	19	0.96195
67	19	0.84526
68	19	0.88629
71	19	0.82677
72	19	0.60965
73	19	0.9223
74	19	0.84462
77	19	0.86044
78	19	0.93082
79	19	0.85526
80	19	0.45499
81	19	0.71959
82	19	0.82586
83	19	0.78652
84	19	0.69923
87	19	0.91369
88	19	0.84109
89	19	0.84688
91	19	0.83196
92	19	0.82832
93	19	0.78016
95	19	0.63667
96	19	0.88559
100	19	0.85453
104	19	0.70868
112	19	0.83876
114	19	0.95467
117	19	0.88266
120	19	0.45268
127	19	0.88671
128	19	0.86539
130	19	0.7963
131	19	0.89057
132	19	0.80816
135	19	0.89983
137	19	0.86929
141	19	0.80874
142	19	0.94034
143	19	0.83613
144	19	0.80941
148	19	0.83196
150	19	0.67263
2	20	0.92
3	20	0.97326
4	20	0.98439
5	20	0.96664
7	20	0.92565
8	20	0.97961
9	20	0.97244
10	20	0.90875
11	20	0.98641
12	20	0.87807
13	20	0.92967
14	20	0.98247
15	20	0.80243
16	20	0.95893
17	20	0.9917
19	20	0.87718
22	20	0.99098
23	20	0.33682
25	20	0.28748
28	20	0.91026
29	20	0.98902
30	20	0.97823
31	20	0.83916
32	20	0.096
33	20	0.30627
34	20	0.98245
35	20	0.97928
36	20	0.84601
37	20	0.33716
39	20	0.94532
41	20	0.98569
45	20	0.98294
46	20	0.93271
47	20	0.1466
48	20	0.98814
49	20	0.99522
50	20	0.01819
52	20	0.97545
55	20	0.99327
57	20	0.98871
61	20	0.98655
62	20	0.85251
66	20	0.95299
68	20	0.95605
71	20	0.98856
72	20	0.4054
73	20	0.84545
74	20	0.99357
76	20	0.93276
77	20	0.97875
79	20	0.97292
83	20	0.52024
85	20	0.85765
87	20	0.98695
88	20	0.9908
89	20	0.97123
90	20	0.9799
91	20	0.97204
92	20	0.97523
94	20	0.98217
96	20	0.99842
97	20	0.98621
100	20	0.99571
101	20	0.96236
106	20	0.983
111	20	0.9776
114	20	0.89743
116	20	0.51652
117	20	0.99142
125	20	0.91204
126	20	0.9851
127	20	0.98755
128	20	0.96122
131	20	0.99699
135	20	0.81696
136	20	0.98679
137	20	0.94075
139	20	0.9727
142	20	0.89611
144	20	0.56346
148	20	0.98004
6	21	0.89098
24	21	0.97478
27	21	0.67261
38	21	0.74541
40	21	0.83583
43	21	0.82349
44	21	0.99297
53	21	0.86508
54	21	0.98674
59	21	0.51165
63	21	0.53802
64	21	0.97259
65	21	0.94241
67	21	0.78638
69	21	0.91586
70	21	0.92836
75	21	0.89308
78	21	0.74606
81	21	0.58862
82	21	0.64709
84	21	0.78745
86	21	0.95733
93	21	0.63064
98	21	0.93253
99	21	0.64386
102	21	0.92154
104	21	0.56122
107	21	0.4055
108	21	0.81307
109	21	0.94982
110	21	0.54292
112	21	0.84099
113	21	0.93443
114	21	0.64455
115	21	0.98003
118	21	0.87985
119	21	0.97443
121	21	0.75526
122	21	0.91174
123	21	0.88062
124	21	0.94673
130	21	0.61115
132	21	0.8234
134	21	0.77654
137	21	0.5432
138	21	0.99513
140	21	0.93711
141	21	0.5658
143	21	0.64953
145	21	0.94262
146	21	0.93377
147	21	0.89968
149	21	0.99298
2	22	0.88166
3	22	0.99249
4	22	0.99843
5	22	0.97646
7	22	0.91109
8	22	0.99721
9	22	0.98451
10	22	0.84984
11	22	0.99105
12	22	0.88261
13	22	0.89811
14	22	0.99809
15	22	0.73077
16	22	0.96791
17	22	0.99559
20	22	0.99098
28	22	0.87632
29	22	0.97033
30	22	0.9889
32	22	0.09923
34	22	0.99167
35	22	0.9785
36	22	0.83948
39	22	0.94948
41	22	0.99885
45	22	0.98547
46	22	0.90831
48	22	0.99796
49	22	0.99802
50	22	0.0165
52	22	0.95618
55	22	0.97967
57	22	0.99075
61	22	0.9975
66	22	0.92254
68	22	0.96208
71	22	0.9979
73	22	0.76827
74	22	0.99439
76	22	0.92622
77	22	0.98717
79	22	0.96428
85	22	0.83474
87	22	0.97959
88	22	0.99801
89	22	0.96631
90	22	0.99719
91	22	0.98788
92	22	0.9767
94	22	0.99698
96	22	0.99222
97	22	0.9947
100	22	0.99783
101	22	0.9783
106	22	0.99719
111	22	0.98435
116	22	0.50668
117	22	0.98989
125	22	0.90881
126	22	0.99816
127	22	0.98642
128	22	0.96545
131	22	0.98904
136	22	0.99738
137	22	0.95128
139	22	0.99025
142	22	0.83038
148	22	0.9912
2	23	0.46397
7	23	0.30043
10	23	0.68641
13	23	0.4702
15	23	0.72156
19	23	0.62617
20	23	0.33682
25	23	0.53609
26	23	0.62555
28	23	0.50136
29	23	0.4051
31	23	0.58659
33	23	0.93335
37	23	0.99941
38	23	0.52955
40	23	0.40745
42	23	0.73429
43	23	0.55357
46	23	0.43104
47	23	0.98018
52	23	0.39793
53	23	0.35703
55	23	0.37465
56	23	0.96761
58	23	0.82929
60	23	0.35445
66	23	0.47566
72	23	0.861
73	23	0.78046
78	23	0.51097
79	23	0.28228
80	23	0.7675
81	23	0.74489
83	23	0.97329
85	23	0.31986
87	23	0.32055
93	23	0.72923
96	23	0.32019
105	23	0.2528
114	23	0.37101
120	23	0.97304
130	23	0.79715
131	23	0.33132
133	23	0.29402
134	23	0.4732
135	23	0.50903
141	23	0.83091
142	23	0.71894
143	23	0.56092
144	23	0.96069
150	23	0.38105
6	24	0.89448
18	24	0.42961
21	24	0.97478
27	24	0.67381
38	24	0.74562
40	24	0.86024
43	24	0.8257
44	24	0.98013
53	24	0.84749
54	24	0.98405
58	24	0.55275
59	24	0.6648
60	24	0.60657
63	24	0.53739
64	24	0.94381
65	24	0.90605
67	24	0.84453
69	24	0.87219
70	24	0.87854
75	24	0.9445
78	24	0.79627
81	24	0.63691
82	24	0.70209
84	24	0.89764
86	24	0.94004
93	24	0.66828
98	24	0.88928
99	24	0.7883
102	24	0.88488
104	24	0.72144
107	24	0.56239
108	24	0.89916
109	24	0.99008
110	24	0.68231
112	24	0.88999
113	24	0.89538
114	24	0.69634
115	24	0.96201
118	24	0.88433
119	24	0.95542
121	24	0.79662
122	24	0.97236
123	24	0.94408
124	24	0.94992
129	24	0.31739
130	24	0.62788
132	24	0.86021
133	24	0.2781
134	24	0.77866
138	24	0.98211
140	24	0.89878
141	24	0.58287
143	24	0.75897
145	24	0.89686
146	24	0.96336
147	24	0.92753
149	24	0.97316
150	24	0.67573
2	25	0.62781
7	25	0.49973
10	25	0.40458
12	25	0.54061
13	25	0.27365
15	25	0.39871
19	25	0.37809
20	25	0.28748
23	25	0.53609
26	25	0.55436
27	25	0.5846
28	25	0.27253
29	25	0.26962
31	25	0.44426
33	25	0.52453
36	25	0.39798
37	25	0.55042
38	25	0.36095
42	25	0.28397
45	25	0.34923
47	25	0.49377
52	25	0.27918
55	25	0.26259
56	25	0.48097
58	25	0.42707
62	25	0.53277
66	25	0.28696
72	25	0.42539
73	25	0.49208
74	25	0.29185
76	25	0.52342
78	25	0.38973
79	25	0.41961
80	25	0.41897
81	25	0.26333
82	25	0.33903
83	25	0.54005
85	25	0.68119
89	25	0.31989
92	25	0.37522
93	25	0.38821
95	25	0.7251
97	25	0.27421
105	25	0.24341
116	25	0.7941
120	25	0.49234
125	25	0.50075
130	25	0.36999
141	25	0.38807
142	25	0.46075
144	25	0.511
6	26	0.47275
18	26	0.50267
23	26	0.62555
25	26	0.55436
27	26	0.70393
31	26	0.43725
33	26	0.58633
37	26	0.61627
38	26	0.80459
40	26	0.50743
42	26	0.44653
43	26	0.69229
47	26	0.64712
51	26	0.47442
53	26	0.64432
56	26	0.65706
58	26	0.81481
59	26	0.53124
60	26	0.79774
63	26	0.29101
64	26	0.4783
69	26	0.45465
72	26	0.43913
75	26	0.67177
78	26	0.57159
80	26	0.77326
81	26	0.80151
83	26	0.63585
84	26	0.48183
93	26	0.73968
95	26	0.446
99	26	0.48167
102	26	0.53017
104	26	0.53506
105	26	0.66864
107	26	0.37843
108	26	0.61636
118	26	0.46948
120	26	0.65158
122	26	0.4414
123	26	0.67453
129	26	0.53939
130	26	0.72852
133	26	0.72083
134	26	0.72749
135	26	0.50006
141	26	0.71622
143	26	0.72313
144	26	0.62244
146	26	0.53546
147	26	0.45053
150	26	0.7212
6	27	0.65023
21	27	0.67261
24	27	0.67381
25	27	0.5846
26	27	0.70393
33	27	0.2897
38	27	0.8343
40	27	0.59445
42	27	0.30426
43	27	0.70349
44	27	0.71498
47	27	0.23501
53	27	0.71317
54	27	0.653
56	27	0.2186
58	27	0.61671
62	27	0.58343
63	27	0.42315
64	27	0.773
65	27	0.68879
67	27	0.49434
69	27	0.69739
70	27	0.65231
75	27	0.76576
78	27	0.66018
81	27	0.5745
82	27	0.5439
84	27	0.5053
86	27	0.68518
93	27	0.63213
95	27	0.79381
98	27	0.6773
102	27	0.72231
105	27	0.12293
108	27	0.62384
109	27	0.62329
112	27	0.53271
113	27	0.66181
115	27	0.67483
116	27	0.55385
118	27	0.63918
119	27	0.80804
120	27	0.23001
122	27	0.60187
123	27	0.74724
124	27	0.65424
129	27	0.16655
130	27	0.5905
132	27	0.52909
134	27	0.67864
138	27	0.69609
140	27	0.65985
141	27	0.55668
143	27	0.52429
145	27	0.68583
146	27	0.66978
147	27	0.62195
149	27	0.65443
5	28	0.91402
7	28	0.88906
10	28	0.92365
11	28	0.89517
13	28	0.97799
15	28	0.83977
17	28	0.89416
19	28	0.9803
20	28	0.91026
22	28	0.87632
23	28	0.50136
25	28	0.27253
29	28	0.92039
30	28	0.9034
31	28	0.94609
33	28	0.48349
34	28	0.88701
35	28	0.88695
37	28	0.49619
39	28	0.88081
40	28	0.77131
42	28	0.47668
46	28	0.99262
47	28	0.34732
48	28	0.87708
49	28	0.88879
50	28	0.01518
51	28	0.63045
52	28	0.90488
54	28	0.64888
55	28	0.94393
56	28	0.29627
57	28	0.91562
58	28	0.61917
61	28	0.88196
62	28	0.85758
66	28	0.98071
67	28	0.89452
68	28	0.93426
71	28	0.87974
72	28	0.52625
73	28	0.87337
74	28	0.88622
77	28	0.91412
78	28	0.91075
79	28	0.88744
80	28	0.40476
81	28	0.66501
82	28	0.86641
83	28	0.68249
84	28	0.76
87	28	0.94959
88	28	0.89157
89	28	0.88511
91	28	0.89269
93	28	0.72517
95	28	0.61709
96	28	0.92322
100	28	0.90337
101	28	0.88008
104	28	0.76887
110	28	0.80437
111	28	0.875
112	28	0.87953
114	28	0.9751
117	28	0.92633
120	28	0.31327
121	28	0.87357
122	28	0.73995
127	28	0.92911
128	28	0.92176
130	28	0.71402
131	28	0.93125
132	28	0.85542
135	28	0.93067
136	28	0.87482
137	28	0.92096
139	28	0.88206
141	28	0.72271
142	28	0.90398
143	28	0.82716
144	28	0.7145
148	28	0.89897
150	28	0.70263
2	29	0.9037
3	29	0.94431
4	29	0.96041
5	29	0.95276
8	29	0.95288
9	29	0.96129
10	29	0.93597
11	29	0.97353
13	29	0.95101
14	29	0.95733
15	29	0.86499
16	29	0.96038
17	29	0.98249
19	29	0.88741
20	29	0.98902
22	29	0.97033
23	29	0.4051
25	29	0.26962
28	29	0.92039
30	29	0.95016
31	29	0.86455
32	29	0.15348
33	29	0.39025
34	29	0.97608
35	29	0.98157
36	29	0.85078
37	29	0.4046
39	29	0.9418
41	29	0.96198
42	29	0.34993
45	29	0.95381
46	29	0.94305
47	29	0.22171
48	29	0.96601
49	29	0.98014
50	29	0.08615
51	29	0.63065
52	29	0.98406
55	29	0.99288
56	29	0.16829
57	29	0.97025
61	29	0.96115
66	29	0.9651
71	29	0.96585
72	29	0.49293
73	29	0.87943
74	29	0.97206
77	29	0.95664
79	29	0.95247
80	29	0.35685
83	29	0.57731
85	29	0.8213
87	29	0.9724
88	29	0.96956
89	29	0.95866
90	29	0.95293
91	29	0.94537
92	29	0.94411
94	29	0.954
96	29	0.98578
97	29	0.9595
100	29	0.98033
101	29	0.94719
106	29	0.95696
111	29	0.97672
117	29	0.97612
120	29	0.18633
126	29	0.96522
127	29	0.97058
128	29	0.94991
131	29	0.99081
135	29	0.85607
136	29	0.96175
139	29	0.94285
142	29	0.91899
144	29	0.62485
148	29	0.96169
2	30	0.87888
3	30	0.98343
4	30	0.99305
5	30	0.9872
7	30	0.93976
8	30	0.98952
9	30	0.97211
10	30	0.82655
11	30	0.9874
12	30	0.88588
13	30	0.9141
14	30	0.98997
16	30	0.95903
17	30	0.98555
19	30	0.85083
20	30	0.97823
22	30	0.9889
28	30	0.9034
29	30	0.95016
31	30	0.80919
34	30	0.97972
35	30	0.9618
39	30	0.95556
41	30	0.99204
45	30	0.97884
46	30	0.93262
48	30	0.9929
49	30	0.98738
51	30	0.59001
52	30	0.94065
55	30	0.9717
57	30	0.99034
61	30	0.99595
62	30	0.88767
66	30	0.93332
67	30	0.86804
68	30	0.99071
71	30	0.99344
74	30	0.98708
76	30	0.92272
77	30	0.99875
78	30	0.74569
79	30	0.96781
82	30	0.91223
85	30	0.82956
87	30	0.98958
88	30	0.99511
89	30	0.96689
90	30	0.99002
91	30	0.99819
92	30	0.97844
94	30	0.99379
95	30	0.63002
96	30	0.98594
97	30	0.98767
100	30	0.98981
101	30	0.98262
103	30	0.78573
106	30	0.99501
110	30	0.8289
111	30	0.96783
112	30	0.8139
114	30	0.92816
116	30	0.52642
117	30	0.99388
121	30	0.89843
125	30	0.92812
126	30	0.98963
127	30	0.99499
128	30	0.97981
131	30	0.98238
132	30	0.84446
135	30	0.79296
136	30	0.99404
137	30	0.98619
139	30	0.99828
142	30	0.8093
148	30	0.9865
2	31	0.85811
5	31	0.80666
7	31	0.85775
9	31	0.80891
10	31	0.90811
11	31	0.82899
13	31	0.95707
15	31	0.90678
17	31	0.80997
19	31	0.94085
20	31	0.83916
23	31	0.58659
25	31	0.44426
26	31	0.43725
28	31	0.94609
29	31	0.86455
30	31	0.80919
32	31	0.27431
33	31	0.65641
34	31	0.80389
35	31	0.79654
37	31	0.5895
39	31	0.8552
40	31	0.72565
42	31	0.6716
45	31	0.79668
46	31	0.92801
47	31	0.45461
49	31	0.80973
50	31	0.21963
52	31	0.88304
55	31	0.87146
56	31	0.40188
57	31	0.8511
58	31	0.66658
61	31	0.79315
62	31	0.84346
66	31	0.90991
68	31	0.83954
71	31	0.79953
72	31	0.69056
73	31	0.8939
74	31	0.82089
77	31	0.82076
78	31	0.87004
79	31	0.85135
80	31	0.48155
81	31	0.6984
82	31	0.80999
83	31	0.73438
87	31	0.86707
88	31	0.8057
89	31	0.86623
92	31	0.8094
93	31	0.72218
95	31	0.6689
96	31	0.84621
100	31	0.8191
112	31	0.77159
114	31	0.8906
117	31	0.84668
120	31	0.42049
125	31	0.81444
127	31	0.85428
128	31	0.81899
130	31	0.72561
131	31	0.85947
135	31	0.84452
137	31	0.82709
141	31	0.73989
142	31	0.88541
143	31	0.75682
144	31	0.7574
148	31	0.80476
150	31	0.65634
3	32	0.09741
4	32	0.10713
8	32	0.11038
9	32	0.25828
11	32	0.20924
13	32	0.24693
14	32	0.11437
15	32	0.35942
16	32	0.0987
17	32	0.13164
20	32	0.096
22	32	0.09923
29	32	0.15348
31	32	0.27431
33	32	0.25395
34	32	0.1452
39	32	0.3743
41	32	0.10886
42	32	0.53693
45	32	0.09994
46	32	0.10391
48	32	0.1169
49	32	0.13308
50	32	0.98795
52	32	0.28737
57	32	0.13834
61	32	0.11287
71	32	0.13192
72	32	0.44902
73	32	0.11239
74	32	0.13077
76	32	0.09531
77	32	0.10028
79	32	0.13007
88	32	0.11343
89	32	0.29071
90	32	0.1103
94	32	0.10377
96	32	0.09495
97	32	0.09825
100	32	0.09547
106	32	0.11305
111	32	0.12193
117	32	0.10591
125	32	0.15888
126	32	0.1055
127	32	0.13234
131	32	0.11704
136	32	0.11605
139	32	0.09677
2	33	0.42634
10	33	0.65216
13	33	0.49782
15	33	0.7772
19	33	0.57754
20	33	0.30627
23	33	0.93335
25	33	0.52453
26	33	0.58633
27	33	0.2897
28	33	0.48349
29	33	0.39025
31	33	0.65641
32	33	0.25395
37	33	0.93973
38	33	0.50383
39	33	0.2791
40	33	0.40966
42	33	0.9129
43	33	0.51376
46	33	0.41598
47	33	0.92411
50	33	0.28899
52	33	0.42401
53	33	0.31485
55	33	0.34811
56	33	0.90492
58	33	0.77994
66	33	0.43211
72	33	0.95387
73	33	0.7476
78	33	0.45822
80	33	0.73928
81	33	0.73208
83	33	0.89986
85	33	0.3205
87	33	0.2886
89	33	0.30863
93	33	0.66032
96	33	0.29241
105	33	0.22134
114	33	0.33156
120	33	0.91161
130	33	0.73156
131	33	0.31195
134	33	0.42517
135	33	0.44959
141	33	0.76603
142	33	0.65632
143	33	0.48054
144	33	0.88985
150	33	0.35922
2	34	0.86663
3	34	0.9797
4	34	0.99051
5	34	0.98388
8	34	0.98751
9	34	0.98629
10	34	0.84953
11	34	0.98719
12	34	0.85838
13	34	0.91566
14	34	0.98884
15	34	0.75294
16	34	0.98625
17	34	0.99652
20	34	0.98245
22	34	0.99167
28	34	0.88701
29	34	0.97608
30	34	0.97972
31	34	0.80389
32	34	0.1452
35	34	0.98981
36	34	0.86756
39	34	0.95503
41	34	0.99062
45	34	0.97065
46	34	0.92314
48	34	0.99091
49	34	0.99113
50	34	0.06455
51	34	0.65752
52	34	0.95588
55	34	0.9821
57	34	0.9859
61	34	0.98766
66	34	0.93222
68	34	0.95568
71	34	0.98974
73	34	0.76068
74	34	0.98318
76	34	0.90617
77	34	0.98334
79	34	0.95768
85	34	0.81342
87	34	0.97415
88	34	0.99022
89	34	0.96091
90	34	0.98744
91	34	0.98296
92	34	0.96364
94	34	0.98663
96	34	0.98489
97	34	0.98353
100	34	0.99301
101	34	0.98633
103	34	0.81446
104	34	0.69071
106	34	0.98852
110	34	0.83392
111	34	0.99586
117	34	0.98626
126	34	0.99396
127	34	0.9809
128	34	0.97464
131	34	0.98785
135	34	0.81969
136	34	0.98801
137	34	0.94325
139	34	0.98139
142	34	0.82022
148	34	0.99223
2	35	0.88637
3	35	0.96265
4	35	0.97506
5	35	0.97961
8	35	0.97027
9	35	0.95823
10	35	0.86797
11	35	0.96842
13	35	0.91331
14	35	0.97251
15	35	0.77215
16	35	0.99428
17	35	0.9909
19	35	0.83253
20	35	0.97928
22	35	0.9785
28	35	0.88695
29	35	0.98157
30	35	0.9618
31	35	0.79654
34	35	0.98981
36	35	0.90966
39	35	0.92458
41	35	0.97575
45	35	0.96211
46	35	0.9253
48	35	0.97865
49	35	0.98123
51	35	0.72161
52	35	0.94593
55	35	0.98232
57	35	0.96511
61	35	0.97125
66	35	0.94799
68	35	0.93715
71	35	0.97398
73	35	0.78795
74	35	0.97148
76	35	0.90408
77	35	0.96964
79	35	0.95621
80	35	0.30305
83	35	0.45777
85	35	0.81477
87	35	0.9675
88	35	0.97718
89	35	0.94114
90	35	0.97037
91	35	0.96665
92	35	0.95646
94	35	0.96995
96	35	0.97762
97	35	0.97357
100	35	0.98399
101	35	0.98338
103	35	0.8496
104	35	0.73767
105	35	0.15068
106	35	0.97157
107	35	0.42489
110	35	0.8507
111	35	0.99758
117	35	0.97899
126	35	0.98281
127	35	0.96868
128	35	0.97757
131	35	0.9826
135	35	0.85804
136	35	0.9736
139	35	0.9606
142	35	0.84911
144	35	0.51123
148	35	0.97519
2	36	0.87986
4	36	0.84095
5	36	0.88418
7	36	0.85551
8	36	0.83486
12	36	0.8626
14	36	0.83711
16	36	0.91851
17	36	0.86738
18	36	0.41166
20	36	0.84601
22	36	0.83948
25	36	0.39798
29	36	0.85078
34	36	0.86756
35	36	0.90966
41	36	0.84333
45	36	0.87191
48	36	0.85767
49	36	0.84474
51	36	0.8517
55	36	0.85413
61	36	0.83857
66	36	0.84745
71	36	0.84514
74	36	0.84995
76	36	0.88162
77	36	0.85015
79	36	0.90173
80	36	0.41551
85	36	0.83847
87	36	0.8408
88	36	0.84733
90	36	0.83699
91	36	0.84473
92	36	0.88675
94	36	0.84316
95	36	0.65938
96	36	0.83825
97	36	0.868
99	36	0.59361
100	36	0.85324
101	36	0.89757
103	36	0.91478
104	36	0.81734
105	36	0.44943
106	36	0.84187
107	36	0.57514
110	36	0.86352
111	36	0.8955
116	36	0.66172
117	36	0.86169
125	36	0.867
126	36	0.85817
127	36	0.84167
128	36	0.90376
129	36	0.28894
131	36	0.84919
133	36	0.41554
135	36	0.81997
136	36	0.85026
148	36	0.8439
150	36	0.70012
2	37	0.46772
7	37	0.30353
10	37	0.68528
13	37	0.4697
15	37	0.72623
19	37	0.62269
20	37	0.33716
23	37	0.99941
25	37	0.55042
26	37	0.61627
28	37	0.49619
29	37	0.4046
31	37	0.5895
33	37	0.93973
38	37	0.52114
40	37	0.39401
42	37	0.7433
43	37	0.54298
46	37	0.42597
47	37	0.97968
52	37	0.40254
53	37	0.34439
55	37	0.3724
56	37	0.96582
58	37	0.82096
60	37	0.33065
66	37	0.47062
72	37	0.87148
73	37	0.78291
78	37	0.5047
79	37	0.28538
80	37	0.7584
81	37	0.73466
83	37	0.971
85	37	0.32797
87	37	0.31884
89	37	0.27684
93	37	0.71753
96	37	0.31983
105	37	0.23968
114	37	0.36644
120	37	0.97221
130	37	0.78927
131	37	0.33053
133	37	0.27157
134	37	0.45841
135	37	0.49476
141	37	0.82389
142	37	0.71859
143	37	0.54447
144	37	0.95779
150	37	0.36465
6	38	0.76058
21	38	0.74541
23	38	0.52955
24	38	0.74562
25	38	0.36095
26	38	0.80459
27	38	0.8343
33	38	0.50383
37	38	0.52114
40	38	0.80844
42	38	0.48728
43	38	0.9488
44	38	0.77872
47	38	0.55497
53	38	0.94371
54	38	0.72551
56	38	0.54764
58	38	0.89919
60	38	0.63436
63	38	0.52838
64	38	0.86205
65	38	0.76137
69	38	0.83449
70	38	0.73229
72	38	0.3616
75	38	0.85869
78	38	0.74275
80	38	0.42408
81	38	0.86546
83	38	0.57967
84	38	0.58383
86	38	0.75163
93	38	0.89161
98	38	0.7469
102	38	0.89647
105	38	0.13851
108	38	0.72044
109	38	0.6588
112	38	0.57797
113	38	0.75404
115	38	0.73764
118	38	0.74878
119	38	0.78645
120	38	0.55183
122	38	0.67593
123	38	0.83277
124	38	0.73739
129	38	0.22705
130	38	0.87634
133	38	0.35451
134	38	0.95984
138	38	0.76936
140	38	0.74505
141	38	0.84786
143	38	0.74098
144	38	0.54895
145	38	0.76156
146	38	0.80151
147	38	0.71093
149	38	0.7068
150	38	0.58412
3	39	0.93932
4	39	0.95303
5	39	0.93681
8	39	0.94902
9	39	0.97946
11	39	0.98199
13	39	0.9404
14	39	0.95142
15	39	0.7936
17	39	0.95771
19	39	0.82479
20	39	0.94532
22	39	0.94948
28	39	0.88081
29	39	0.9418
30	39	0.95556
31	39	0.8552
32	39	0.3743
33	39	0.2791
34	39	0.95503
35	39	0.92458
41	39	0.95265
42	39	0.35903
45	39	0.93612
46	39	0.91379
48	39	0.956
49	39	0.95997
50	39	0.29586
52	39	0.9717
55	39	0.94036
57	39	0.96442
61	39	0.95795
68	39	0.9469
71	39	0.96132
72	39	0.4324
73	39	0.76293
74	39	0.95724
77	39	0.95783
79	39	0.93631
87	39	0.94999
88	39	0.95891
89	39	0.98556
90	39	0.94934
91	39	0.95018
92	39	0.92996
94	39	0.95111
96	39	0.95186
97	39	0.94399
100	39	0.9518
101	39	0.93232
106	39	0.95569
111	39	0.93753
114	39	0.88076
117	39	0.95875
121	39	0.83394
125	39	0.89887
126	39	0.94962
127	39	0.96743
128	39	0.92646
131	39	0.95595
132	39	0.77932
136	39	0.95622
137	39	0.93725
139	39	0.95333
148	39	0.93838
6	40	0.68896
18	40	0.25218
19	40	0.74803
21	40	0.83583
23	40	0.40745
24	40	0.86024
26	40	0.50743
27	40	0.59445
28	40	0.77131
31	40	0.72565
33	40	0.40966
37	40	0.39401
38	40	0.80844
42	40	0.48483
43	40	0.89806
44	40	0.81956
46	40	0.71898
47	40	0.35034
53	40	0.82386
54	40	0.87844
56	40	0.3267
58	40	0.78311
59	40	0.45999
60	40	0.5917
63	40	0.50627
64	40	0.82973
65	40	0.70719
67	40	0.7961
69	40	0.72888
70	40	0.67585
75	40	0.80805
78	40	0.86032
80	40	0.32321
81	40	0.81165
83	40	0.54437
84	40	0.79318
86	40	0.73264
93	40	0.88947
98	40	0.68574
99	40	0.60858
102	40	0.80215
108	40	0.71349
109	40	0.82721
112	40	0.84191
113	40	0.70478
114	40	0.76706
115	40	0.76523
118	40	0.6725
119	40	0.7917
120	40	0.32968
121	40	0.73656
122	40	0.85724
123	40	0.80893
124	40	0.73925
130	40	0.82381
132	40	0.78731
133	40	0.27394
134	40	0.83284
135	40	0.73498
138	40	0.8335
140	40	0.69656
141	40	0.80161
143	40	0.83476
144	40	0.54489
145	40	0.70375
146	40	0.80957
147	40	0.70636
149	40	0.78931
150	40	0.66967
2	41	0.87528
3	41	0.99493
4	41	0.99989
5	41	0.97964
7	41	0.91451
8	41	0.9993
9	41	0.98434
10	41	0.82836
11	41	0.99122
12	41	0.88927
14	41	0.99969
16	41	0.96916
17	41	0.99449
20	41	0.98569
22	41	0.99885
29	41	0.96198
30	41	0.99204
32	41	0.10886
34	41	0.99062
35	41	0.97575
36	41	0.84333
39	41	0.95265
45	41	0.98612
48	41	0.99921
49	41	0.99638
50	41	0.02204
52	41	0.94944
55	41	0.97304
57	41	0.98895
61	41	0.99895
66	41	0.91589
68	41	0.96658
71	41	0.99888
74	41	0.99321
76	41	0.92817
77	41	0.99019
79	41	0.96544
82	41	0.86178
85	41	0.83208
87	41	0.97793
88	41	0.99851
89	41	0.96723
90	41	0.99938
91	41	0.99218
92	41	0.97882
94	41	0.99932
96	41	0.98804
97	41	0.99598
100	41	0.99556
101	41	0.98284
103	41	0.77381
106	41	0.99945
110	41	0.802
111	41	0.9831
114	41	0.88057
116	41	0.51919
117	41	0.98956
121	41	0.83853
125	41	0.91597
126	41	0.99919
127	41	0.98699
128	41	0.96879
131	41	0.98457
136	41	0.99907
137	41	0.95787
139	41	0.99435
142	41	0.80949
148	41	0.98962
2	42	0.29152
10	42	0.55101
13	42	0.52214
15	42	0.74228
19	42	0.52088
23	42	0.73429
25	42	0.28397
26	42	0.44653
27	42	0.30426
28	42	0.47668
29	42	0.34993
31	42	0.6716
32	42	0.53693
33	42	0.9129
37	42	0.7433
38	42	0.48728
39	42	0.35903
40	42	0.48483
43	42	0.53728
46	42	0.42012
47	42	0.73672
50	42	0.57927
52	42	0.42471
53	42	0.37477
55	42	0.31122
56	42	0.70725
58	42	0.69004
66	42	0.38878
72	42	0.92319
73	42	0.6264
78	42	0.42988
80	42	0.56545
81	42	0.71817
83	42	0.71832
87	42	0.26946
89	42	0.32712
93	42	0.57693
96	42	0.26122
102	42	0.28638
114	42	0.34133
120	42	0.71722
130	42	0.66109
131	42	0.2874
134	42	0.44599
135	42	0.39631
141	42	0.68546
142	42	0.52197
143	42	0.43494
144	42	0.71634
150	42	0.36245
6	43	0.7591
19	43	0.68335
21	43	0.82349
23	43	0.55357
24	43	0.8257
26	43	0.69229
27	43	0.70349
33	43	0.51376
37	43	0.54298
38	43	0.9488
40	43	0.89806
42	43	0.53728
44	43	0.83203
47	43	0.54429
53	43	0.95552
54	43	0.82888
56	43	0.52198
58	43	0.91046
60	43	0.6533
63	43	0.43172
64	43	0.8833
65	43	0.76836
67	43	0.66148
69	43	0.83165
70	43	0.73835
72	43	0.43681
75	43	0.86885
78	43	0.84375
80	43	0.40107
81	43	0.92272
83	43	0.64099
84	43	0.70826
86	43	0.7722
93	43	0.92306
98	43	0.75344
102	43	0.90982
108	43	0.74424
109	43	0.75604
112	43	0.73483
113	43	0.7612
114	43	0.6401
115	43	0.78243
118	43	0.74641
119	43	0.81293
120	43	0.532
122	43	0.79556
123	43	0.85762
124	43	0.77
129	43	0.17733
130	43	0.93849
132	43	0.65746
133	43	0.34009
134	43	0.95737
138	43	0.83766
140	43	0.75572
141	43	0.91488
143	43	0.84546
144	43	0.6271
145	43	0.76804
146	43	0.84498
147	43	0.73281
149	43	0.77543
150	43	0.66803
6	44	0.93096
18	44	0.32643
21	44	0.99297
24	44	0.98013
27	44	0.71498
38	44	0.77872
40	44	0.81956
43	44	0.83203
53	44	0.88932
54	44	0.97503
58	44	0.5403
59	44	0.5751
60	44	0.51741
63	44	0.58572
64	44	0.98393
65	44	0.96468
67	44	0.75421
69	44	0.9406
70	44	0.94792
75	44	0.9319
78	44	0.72967
81	44	0.6044
82	44	0.61324
84	44	0.79616
86	44	0.97936
93	44	0.6347
98	44	0.95457
99	44	0.68207
102	44	0.94071
104	44	0.57829
107	44	0.44254
108	44	0.86252
109	44	0.9509
112	44	0.81265
113	44	0.95609
114	44	0.59625
115	44	0.99229
118	44	0.92159
119	44	0.98064
121	44	0.71268
122	44	0.91151
123	44	0.91861
124	44	0.97256
129	44	0.23631
130	44	0.60943
132	44	0.78842
134	44	0.80645
138	44	0.99803
140	44	0.95861
141	44	0.56068
143	44	0.6615
145	44	0.96167
146	44	0.96236
147	44	0.93668
149	44	0.9934
2	45	0.93476
3	45	0.97661
4	45	0.9842
5	45	0.95905
7	45	0.95425
8	45	0.98345
9	45	0.96715
10	45	0.83837
11	45	0.97628
12	45	0.94712
14	45	0.98471
15	45	0.72305
16	45	0.94767
17	45	0.98005
20	45	0.98294
22	45	0.98547
25	45	0.34923
29	45	0.95381
30	45	0.97884
31	45	0.79668
32	45	0.09994
34	45	0.97065
35	45	0.96211
36	45	0.87191
39	45	0.93612
41	45	0.98612
48	45	0.99008
49	45	0.98614
52	45	0.94436
55	45	0.96362
57	45	0.98106
61	45	0.98741
62	45	0.89503
68	45	0.95055
71	45	0.98988
73	45	0.77165
74	45	0.99472
76	45	0.97651
77	45	0.97557
79	45	0.99001
82	45	0.87917
85	45	0.90982
87	45	0.96906
88	45	0.98783
89	45	0.9742
90	45	0.98446
91	45	0.97324
92	45	0.99743
94	45	0.98824
95	45	0.67113
96	45	0.98016
97	45	0.99668
100	45	0.98491
101	45	0.96249
106	45	0.98629
111	45	0.96441
116	45	0.64317
117	45	0.98197
125	45	0.96129
126	45	0.98375
127	45	0.97838
128	45	0.95446
131	45	0.97511
136	45	0.99092
137	45	0.94422
139	45	0.97545
142	45	0.8299
148	45	0.97081
4	46	0.90614
5	46	0.94916
10	46	0.90755
11	46	0.92674
13	46	0.98611
15	46	0.83087
16	46	0.91936
17	46	0.92906
19	46	0.96125
20	46	0.93271
22	46	0.90831
23	46	0.43104
28	46	0.99262
29	46	0.94305
30	46	0.93262
31	46	0.92801
32	46	0.10391
33	46	0.41598
34	46	0.92314
35	46	0.9253
37	46	0.42597
39	46	0.91379
40	46	0.71898
42	46	0.42012
47	46	0.26828
48	46	0.91223
49	46	0.92019
50	46	0.04211
51	46	0.68195
52	46	0.92556
54	46	0.6319
55	46	0.96214
56	46	0.21531
57	46	0.93702
58	46	0.54408
61	46	0.91457
62	46	0.86649
