7	2	0.85949
8	2	0.7506
10	2	0.58751
11	2	0.81195
12	2	0.90049
13	2	0.87751
14	2	0.88431
15	2	0.86144
17	2	0.73022
18	2	0.85316
19	2	0.79576
20	2	0.91219
22	2	0.80914
23	2	0.88682
25	2	0.86625
26	2	0.86943
27	2	0.86652
28	2	0.81926
31	2	0.94016
33	2	0.84641
34	2	0.87014
36	2	0.90044
37	2	0.80992
38	2	0.87474
39	2	0.89727
40	2	0.84443
42	2	0.86757
45	2	0.90881
46	2	0.84605
48	2	0.9017
50	2	0.71648
51	2	0.87902
52	2	0.92896
53	2	0.87836
54	2	0.87559
55	2	0.90991
57	2	0.85963
58	2	0.91579
60	2	0.89455
61	2	0.89643
62	2	0.88995
64	2	0.89872
65	2	0.8936
69	2	0.92578
70	2	0.88443
72	2	0.87242
73	2	0.73895
74	2	0.86967
75	2	0.94255
76	2	0.93265
78	2	0.92211
79	2	0.93673
80	2	0.87099
81	2	0.83006
82	2	0.92557
84	2	0.88978
87	2	0.88565
88	2	0.89852
91	2	0.88443
92	2	0.88789
96	2	0.86271
97	2	0.88778
99	2	0.87988
100	2	0.86516
101	2	0.85609
102	2	0.85333
106	2	0.90071
107	2	0.92019
108	2	0.91015
114	2	0.90927
116	2	0.92776
120	2	0.88845
121	2	0.90258
123	2	0.9061
132	2	0.87953
133	2	0.8974
138	2	0.91196
141	2	0.89669
143	2	0.77479
144	2	0.76694
10	3	0.72284
11	3	0.79232
14	3	0.75134
30	3	0.78549
32	3	0.76542
44	3	0.74869
45	3	0.77819
48	3	0.75155
51	3	0.74858
52	3	0.73471
58	3	0.78595
59	3	0.72926
65	3	0.72348
66	3	0.72751
70	3	0.74639
71	3	0.76615
72	3	0.72243
73	3	0.71852
79	3	0.74219
83	3	0.7277
86	3	0.71988
87	3	0.7706
89	3	0.76018
90	3	0.71887
91	3	0.79829
92	3	0.77895
94	3	0.75825
98	3	0.77144
106	3	0.74633
108	3	0.74788
110	3	0.81459
114	3	0.78924
115	3	0.74373
116	3	0.75213
118	3	0.73905
121	3	0.75832
122	3	0.73692
123	3	0.73832
124	3	0.77795
125	3	0.7377
129	3	0.75341
130	3	0.72069
131	3	0.73168
132	3	0.79681
136	3	0.72036
137	3	0.73162
138	3	0.75386
140	3	0.71929
142	3	0.73475
145	3	0.76154
5	4	0.86116
6	4	0.85922
7	4	0.88421
8	4	0.71446
9	4	0.75838
12	4	0.80743
13	4	0.87429
16	4	0.84353
18	4	0.81181
21	4	0.82927
24	4	0.88051
28	4	0.81531
29	4	0.70529
31	4	0.80517
32	4	0.84275
33	4	0.80757
35	4	0.80445
38	4	0.81808
39	4	0.84779
41	4	0.86602
46	4	0.82385
47	4	0.87974
48	4	0.85977
49	4	0.89467
50	4	0.76058
54	4	0.83366
56	4	0.81206
62	4	0.86352
63	4	0.82003
66	4	0.82841
67	4	0.82956
77	4	0.85086
80	4	0.83903
84	4	0.81187
85	4	0.83458
88	4	0.81639
93	4	0.76477
95	4	0.87217
96	4	0.83059
97	4	0.89022
99	4	0.8258
103	4	0.84078
104	4	0.88972
105	4	0.55622
107	4	0.85346
112	4	0.87
113	4	0.8415
127	4	0.84118
128	4	0.93745
130	4	0.84515
133	4	0.84256
134	4	0.82849
141	4	0.85464
146	4	0.8721
147	4	0.80842
148	4	0.85869
150	4	0.84775
4	5	0.86116
6	5	0.83257
7	5	0.83059
8	5	0.73329
9	5	0.76362
12	5	0.82509
13	5	0.90051
15	5	0.89706
16	5	0.84423
18	5	0.91418
19	5	0.91917
20	5	0.90153
21	5	0.92012
22	5	0.77384
23	5	0.84568
24	5	0.91125
25	5	0.86411
26	5	0.90527
27	5	0.87753
28	5	0.89318
29	5	0.84068
31	5	0.88312
33	5	0.92368
35	5	0.84565
36	5	0.91928
37	5	0.83461
38	5	0.92985
39	5	0.8595
40	5	0.87301
41	5	0.82766
42	5	0.84646
46	5	0.89726
47	5	0.93358
48	5	0.88611
50	5	0.72393
51	5	0.82223
52	5	0.83418
53	5	0.8281
54	5	0.83857
56	5	0.92189
62	5	0.86558
74	5	0.89284
78	5	0.82185
80	5	0.87204
85	5	0.90607
93	5	0.86573
95	5	0.89262
96	5	0.91997
97	5	0.86886
103	5	0.85046
104	5	0.91454
105	5	0.30259
141	5	0.82191
143	5	0.8276
144	5	0.73817
148	5	0.89275
4	6	0.85922
5	6	0.83257
7	6	0.85518
8	6	0.72764
11	6	0.807
13	6	0.91908
19	6	0.7988
21	6	0.83865
27	6	0.85455
28	6	0.81871
30	6	0.90546
31	6	0.89404
32	6	0.94281
34	6	0.79516
36	6	0.88205
38	6	0.89913
39	6	0.94844
41	6	0.89325
42	6	0.9152
43	6	0.90912
44	6	0.95355
45	6	0.91047
47	6	0.8515
48	6	0.93065
49	6	0.88324
51	6	0.94561
52	6	0.86285
53	6	0.89223
54	6	0.9285
58	6	0.90791
59	6	0.91992
61	6	0.94087
62	6	0.92119
63	6	0.94672
64	6	0.90275
65	6	0.9254
66	6	0.91321
67	6	0.91924
69	6	0.91613
70	6	0.94522
72	6	0.9419
75	6	0.90881
76	6	0.90915
77	6	0.90399
83	6	0.90244
85	6	0.89778
86	6	0.91557
87	6	0.88653
88	6	0.95323
91	6	0.92863
92	6	0.95317
94	6	0.90422
95	6	0.92995
97	6	0.92308
98	6	0.89854
103	6	0.83247
104	6	0.95445
105	6	0.32868
107	6	0.93902
109	6	0.93163
110	6	0.91204
112	6	0.92803
113	6	0.92717
115	6	0.93476
120	6	0.90126
123	6	0.93652
125	6	0.90455
127	6	0.96029
128	6	0.86996
130	6	0.96104
131	6	0.90898
133	6	0.9449
137	6	0.87068
140	6	0.85106
146	6	0.93957
147	6	0.91947
148	6	0.89621
150	6	0.94539
2	7	0.85949
4	7	0.88421
5	7	0.83059
6	7	0.85518
8	7	0.85023
9	7	0.73185
12	7	0.87203
13	7	0.90231
16	7	0.86194
17	7	0.76029
18	7	0.87654
20	7	0.84167
21	7	0.80719
26	7	0.8434
29	7	0.74398
31	7	0.85132
32	7	0.90531
33	7	0.8557
34	7	0.85156
35	7	0.87866
36	7	0.87864
37	7	0.86336
39	7	0.84189
41	7	0.91346
45	7	0.85172
47	7	0.84895
48	7	0.85612
49	7	0.86173
50	7	0.72394
52	7	0.85406
53	7	0.90083
54	7	0.83974
56	7	0.82164
62	7	0.88879
63	7	0.8553
75	7	0.85732
76	7	0.87639
77	7	0.83744
78	7	0.84007
79	7	0.90172
80	7	0.89221
81	7	0.83119
82	7	0.87249
84	7	0.88649
93	7	0.7818
95	7	0.87586
96	7	0.85915
97	7	0.9462
99	7	0.87155
103	7	0.89237
104	7	0.87588
105	7	0.42505
107	7	0.93036
120	7	0.87141
123	7	0.84612
128	7	0.84212
133	7	0.85369
141	7	0.84681
143	7	0.8423
144	7	0.74974
148	7	0.85214
2	8	0.7506
4	8	0.71446
5	8	0.73329
6	8	0.72764
7	8	0.85023
10	8	0.64859
11	8	0.73097
12	8	0.76445
13	8	0.81013
17	8	0.65616
18	8	0.78104
20	8	0.77623
26	8	0.73527
27	8	0.71467
31	8	0.72944
32	8	0.78879
33	8	0.75822
34	8	0.81106
36	8	0.81408
37	8	0.76929
38	8	0.71712
39	8	0.74253
41	8	0.77344
45	8	0.74434
47	8	0.7464
48	8	0.77597
49	8	0.736
52	8	0.78635
53	8	0.82703
54	8	0.74867
62	8	0.78014
63	8	0.7414
73	8	0.76825
74	8	0.71436
75	8	0.75412
76	8	0.78654
78	8	0.75299
79	8	0.84053
80	8	0.7824
82	8	0.74805
84	8	0.73078
95	8	0.7822
96	8	0.7592
97	8	0.8
103	8	0.80555
104	8	0.76099
107	8	0.81101
114	8	0.73923
116	8	0.75657
127	8	0.72235
133	8	0.76297
143	8	0.88884
4	9	0.75838
5	9	0.76362
7	9	0.73185
10	9	0.54965
12	9	0.74317
13	9	0.7044
14	9	0.69677
15	9	0.7692
16	9	0.87885
18	9	0.7302
19	9	0.80186
20	9	0.7639
21	9	0.66463
22	9	0.85951
24	9	0.82966
25	9	0.75386
26	9	0.79075
27	9	0.73745
28	9	0.92139
29	9	0.75346
31	9	0.77692
33	9	0.79703
34	9	0.66791
35	9	0.75741
36	9	0.72966
37	9	0.83085
38	9	0.71028
39	9	0.66672
40	9	0.84677
46	9	0.86107
48	9	0.74437
51	9	0.69906
52	9	0.72787
55	9	0.73302
56	9	0.83767
60	9	0.69762
74	9	0.76452
80	9	0.70983
84	9	0.74882
85	9	0.80776
87	9	0.72116
93	9	0.81921
96	9	0.8233
97	9	0.75811
101	9	0.7309
104	9	0.68157
105	9	0.62954
107	9	0.67018
134	9	0.74174
141	9	0.71251
144	9	0.7571
148	9	0.71037
2	10	0.58751
3	10	0.72284
8	10	0.64859
9	10	0.54965
11	10	0.6039
12	10	0.606
14	10	0.55437
17	10	0.52683
20	10	0.60567
22	10	0.65156
25	10	0.55106
26	10	0.53237
28	10	0.5752
31	10	0.54915
32	10	0.53261
34	10	0.67116
36	10	0.56005
37	10	0.59049
40	10	0.53595
45	10	0.61486
46	10	0.53013
48	10	0.5628
51	10	0.54184
52	10	0.65261
53	10	0.56101
55	10	0.59147
57	10	0.57126
58	10	0.58461
60	10	0.53473
73	10	0.72364
74	10	0.57647
78	10	0.53161
79	10	0.5971
84	10	0.56591
87	10	0.5756
92	10	0.52546
94	10	0.5226
96	10	0.53934
97	10	0.53572
98	10	0.52776
100	10	0.57676
107	10	0.54895
114	10	0.58301
116	10	0.60645
121	10	0.5251
132	10	0.54747
138	10	0.53518
141	10	0.52995
143	10	0.61264
144	10	0.54204
2	11	0.81195
3	11	0.79232
6	11	0.807
8	11	0.73097
10	11	0.6039
14	11	0.78956
17	11	0.67686
32	11	0.79477
34	11	0.80399
44	11	0.81437
45	11	0.84184
48	11	0.82389
51	11	0.79959
52	11	0.82359
58	11	0.80508
59	11	0.78862
63	11	0.79961
66	11	0.81969
67	11	0.79317
70	11	0.81228
71	11	0.83678
72	11	0.81635
83	11	0.7903
84	11	0.79205
89	11	0.79235
91	11	0.82313
92	11	0.79997
94	11	0.79719
98	11	0.80911
102	11	0.82388
106	11	0.78853
107	11	0.78826
108	11	0.79487
110	11	0.85457
112	11	0.82219
114	11	0.85795
115	11	0.80752
116	11	0.85907
118	11	0.80414
123	11	0.80642
124	11	0.83926
127	11	0.78862
129	11	0.81537
130	11	0.82912
132	11	0.86904
133	11	0.80103
140	11	0.79246
141	11	0.79231
142	11	0.79954
145	11	0.83675
146	11	0.7928
147	11	0.78863
149	11	0.71111
150	11	0.80537
2	12	0.90049
4	12	0.80743
5	12	0.82509
7	12	0.87203
8	12	0.76445
9	12	0.74317
10	12	0.606
13	12	0.88052
14	12	0.89198
16	12	0.75352
17	12	0.8105
18	12	0.87402
20	12	0.93643
22	12	0.79277
24	12	0.90679
25	12	0.85114
26	12	0.87908
27	12	0.84367
28	12	0.85714
29	12	0.71681
31	12	0.90442
33	12	0.852
34	12	0.82629
35	12	0.79324
36	12	0.92401
37	12	0.86592
40	12	0.8513
41	12	0.89738
45	12	0.91538
46	12	0.90411
48	12	0.91537
50	12	0.72388
52	12	0.88747
53	12	0.855
55	12	0.87035
56	12	0.74772
57	12	0.88483
58	12	0.88605
60	12	0.91985
62	12	0.87814
64	12	0.88321
69	12	0.87222
73	12	0.79758
74	12	0.89188
76	12	0.87023
78	12	0.93437
79	12	0.93726
80	12	0.95625
81	12	0.87109
84	12	0.95009
85	12	0.87488
87	12	0.88768
96	12	0.92966
97	12	0.90946
99	12	0.91912
100	12	0.91925
101	12	0.93909
102	12	0.88143
103	12	0.81761
105	12	0.35409
106	12	0.8871
107	12	0.89019
108	12	0.90356
111	12	0.91631
113	12	0.8911
114	12	0.8993
116	12	0.93863
132	12	0.89011
134	12	0.93133
138	12	0.88859
141	12	0.9487
143	12	0.77087
144	12	0.83296
146	12	0.88941
148	12	0.90221
2	13	0.87751
4	13	0.87429
5	13	0.90051
6	13	0.91908
7	13	0.90231
8	13	0.81013
9	13	0.7044
12	13	0.88052
15	13	0.89178
16	13	0.77315
18	13	0.88126
19	13	0.88325
20	13	0.93083
21	13	0.92425
23	13	0.92943
24	13	0.89759
25	13	0.87501
26	13	0.8798
27	13	0.90484
28	13	0.84984
29	13	0.75439
31	13	0.9348
32	13	0.8863
33	13	0.92596
34	13	0.82168
35	13	0.78651
36	13	0.94786
37	13	0.83436
38	13	0.946
39	13	0.94928
40	13	0.87925
41	13	0.90499
42	13	0.89879
46	13	0.8707
47	13	0.91579
48	13	0.91981
49	13	0.85275
50	13	0.71482
51	13	0.88603
53	13	0.90039
54	13	0.96876
56	13	0.8217
57	13	0.79726
61	13	0.89993
62	13	0.92927
63	13	0.89295
64	13	0.91615
69	13	0.89089
73	13	0.68152
74	13	0.88554
76	13	0.89291
78	13	0.89031
79	13	0.89556
80	13	0.91939
81	13	0.83597
82	13	0.89356
84	13	0.86105
85	13	0.90049
88	13	0.88923
92	13	0.89774
93	13	0.79118
95	13	0.97425
96	13	0.91621
97	13	0.94819
103	13	0.88545
104	13	0.94034
107	13	0.93207
120	13	0.88263
127	13	0.89452
133	13	0.8853
141	13	0.8837
143	13	0.83645
148	13	0.89054
2	14	0.88431
3	14	0.75134
9	14	0.69677
10	14	0.55437
11	14	0.78956
12	14	0.89198
15	14	0.86702
19	14	0.85087
20	14	0.90882
22	14	0.81551
23	14	0.89397
24	14	0.91018
25	14	0.92432
27	14	0.9091
28	14	0.87942
31	14	0.91858
36	14	0.88974
38	14	0.89961
39	14	0.93365
40	14	0.85146
42	14	0.88717
43	14	0.89382
46	14	0.92152
48	14	0.96953
50	14	0.70925
51	14	0.9076
52	14	0.87787
54	14	0.89659
55	14	0.94426
57	14	0.82684
58	14	0.97241
59	14	0.92788
61	14	0.93671
62	14	0.89946
64	14	0.94236
65	14	0.93386
67	14	0.89906
68	14	0.89759
69	14	0.90271
70	14	0.93771
73	14	0.6922
74	14	0.9332
78	14	0.90682
81	14	0.83258
85	14	0.90396
87	14	0.96599
88	14	0.91823
90	14	0.90169
91	14	0.91669
92	14	0.9556
96	14	0.90484
104	14	0.91559
108	14	0.90721
109	14	0.91214
111	14	0.8827
116	14	0.89423
121	14	0.93176
125	14	0.91621
128	14	0.84617
130	14	0.92666
131	14	0.92563
132	14	0.89544
133	14	0.91981
134	14	0.92122
138	14	0.92918
141	14	0.94248
146	14	0.90567
147	14	0.91241
148	14	0.91231
150	14	0.93235
2	15	0.86144
5	15	0.89706
9	15	0.7692
13	15	0.89178
14	15	0.86702
16	15	0.72431
18	15	0.83739
19	15	0.97011
20	15	0.94018
21	15	0.8741
22	15	0.81775
23	15	0.92691
24	15	0.89471
25	15	0.95055
26	15	0.8712
27	15	0.94016
28	15	0.91688
29	15	0.76924
31	15	0.94987
33	15	0.95765
36	15	0.92061
37	15	0.87596
38	15	0.9318
39	15	0.89283
40	15	0.95704
42	15	0.88795
46	15	0.92696
47	15	0.82242
48	15	0.8849
51	15	0.81912
52	15	0.82893
54	15	0.86282
55	15	0.92099
56	15	0.82672
58	15	0.8352
62	15	0.84758
64	15	0.86059
69	15	0.81814
74	15	0.94213
78	15	0.86115
80	15	0.837
81	15	0.82768
85	15	0.9002
87	15	0.88181
92	15	0.82825
93	15	0.8199
95	15	0.88674
96	15	0.92858
97	15	0.85135
104	15	0.86035
107	15	0.8224
141	15	0.83162
143	15	0.81172
144	15	0.70923
148	15	0.8531
4	16	0.84353
5	16	0.84423
7	16	0.86194
9	16	0.87885
12	16	0.75352
13	16	0.77315
15	16	0.72431
18	16	0.83558
19	16	0.75726
20	16	0.73908
21	16	0.78297
22	16	0.78113
24	16	0.81144
26	16	0.83831
28	16	0.83262
29	16	0.84632
31	16	0.74157
32	16	0.74723
33	16	0.82433
35	16	0.93834
36	16	0.77343
37	16	0.8567
38	16	0.72446
40	16	0.79808
41	16	0.76882
46	16	0.80564
47	16	0.8207
48	16	0.74565
51	16	0.71879
52	16	0.73087
53	16	0.76192
56	16	0.934
62	16	0.74223
80	16	0.80026
81	16	0.74568
84	16	0.79426
85	16	0.76943
93	16	0.88821
95	16	0.73269
96	16	0.83633
97	16	0.83789
101	16	0.76079
103	16	0.80105
104	16	0.77471
105	16	0.56611
107	16	0.7379
128	16	0.72615
134	16	0.74539
143	16	0.72439
144	16	0.75541
148	16	0.76985
2	17	0.73022
7	17	0.76029
8	17	0.65616
10	17	0.52683
11	17	0.67686
12	17	0.8105
18	17	0.73863
20	17	0.67987
26	17	0.6661
34	17	0.72461
35	17	0.68689
36	17	0.66858
37	17	0.69625
41	17	0.74976
45	17	0.78608
50	17	0.69645
52	17	0.7208
53	17	0.75421
57	17	0.69707
60	17	0.71577
63	17	0.65985
75	17	0.6849
76	17	0.70613
78	17	0.69528
79	17	0.7639
80	17	0.70921
82	17	0.69517
84	17	0.83593
94	17	0.65833
97	17	0.71633
98	17	0.69677
99	17	0.70701
100	17	0.79527
101	17	0.84514
102	17	0.77522
106	17	0.68709
107	17	0.69038
108	17	0.68777
110	17	0.65959
111	17	0.6917
113	17	0.68827
114	17	0.76971
116	17	0.79614
132	17	0.70799
133	17	0.66814
134	17	0.66733
138	17	0.66495
141	17	0.73629
144	17	0.83457
146	17	0.69819
148	17	0.65752
2	18	0.85316
4	18	0.81181
5	18	0.91418
7	18	0.87654
8	18	0.78104
9	18	0.7302
12	18	0.87402
13	18	0.88126
15	18	0.83739
16	18	0.83558
17	18	0.73863
19	18	0.81082
20	18	0.88666
21	18	0.85206
22	18	0.79698
23	18	0.8436
24	18	0.86632
26	18	0.94096
28	18	0.84725
29	18	0.82856
31	18	0.86975
33	18	0.88754
34	18	0.83959
35	18	0.85707
36	18	0.90103
37	18	0.85942
38	18	0.8801
40	18	0.84408
41	18	0.86187
46	18	0.86469
47	18	0.87267
48	18	0.87547
50	18	0.76661
52	18	0.88315
53	18	0.89557
56	18	0.88884
57	18	0.81019
62	18	0.87363
69	18	0.84066
74	18	0.84186
76	18	0.85476
78	18	0.87407
79	18	0.8709
80	18	0.88237
82	18	0.8368
84	18	0.88942
93	18	0.81174
95	18	0.85152
96	18	0.9023
97	18	0.88159
101	18	0.86194
103	18	0.83429
104	18	0.89488
105	18	0.30898
107	18	0.84214
116	18	0.86055
133	18	0.84607
141	18	0.84097
143	18	0.85948
144	18	0.85546
148	18	0.84066
2	19	0.79576
5	19	0.91917
6	19	0.7988
9	19	0.80186
13	19	0.88325
14	19	0.85087
15	19	0.97011
16	19	0.75726
18	19	0.81082
20	19	0.925
21	19	0.88619
22	19	0.82253
23	19	0.88236
24	19	0.9029
25	19	0.9533
26	19	0.86681
27	19	0.9444
28	19	0.93507
29	19	0.76158
31	19	0.93255
33	19	0.94252
36	19	0.91166
37	19	0.85612
38	19	0.93139
39	19	0.8787
40	19	0.95624
42	19	0.89623
46	19	0.93979
47	19	0.8398
48	19	0.87563
51	19	0.81824
54	19	0.84218
55	19	0.90368
56	19	0.83734
58	19	0.79539
62	19	0.81635
64	19	0.82814
74	19	0.93743
78	19	0.81875
80	19	0.82671
81	19	0.79544
85	19	0.92665
87	19	0.88469
92	19	0.81256
93	19	0.84051
95	19	0.86929
96	19	0.93016
97	19	0.83069
104	19	0.8602
105	19	0.29764
134	19	0.81121
141	19	0.80906
143	19	0.77234
148	19	0.85055
2	20	0.91219
5	20	0.90153
7	20	0.84167
8	20	0.77623
9	20	0.7639
10	20	0.60567
12	20	0.93643
13	20	0.93083
14	20	0.90882
15	20	0.94018
16	20	0.73908
17	20	0.67987
18	20	0.88666
19	20	0.925
21	20	0.85205
22	20	0.83037
23	20	0.90215
24	20	0.92611
25	20	0.95931
26	20	0.90161
27	20	0.95471
28	20	0.9221
29	20	0.74995
31	20	0.97273
33	20	0.93139
34	20	0.80977
35	20	0.75448
36	20	0.96528
37	20	0.8895
38	20	0.94229
39	20	0.92166
40	20	0.93425
42	20	0.92442
45	20	0.88015
46	20	0.94583
47	20	0.80653
48	20	0.93835
50	20	0.71395
52	20	0.89603
53	20	0.86773
54	20	0.90836
55	20	0.93703
56	20	0.79837
57	20	0.8242
58	20	0.88999
62	20	0.87501
64	20	0.89314
69	20	0.87226
73	20	0.72506
74	20	0.95739
78	20	0.91615
79	20	0.89836
80	20	0.91951
81	20	0.85277
84	20	0.88629
85	20	0.93529
87	20	0.93289
92	20	0.88322
93	20	0.75624
95	20	0.89708
96	20	0.95911
97	20	0.90188
100	20	0.86625
101	20	0.86367
104	20	0.89769
107	20	0.8701
116	20	0.90542
134	20	0.88834
141	20	0.91758
143	20	0.81524
144	20	0.79901
148	20	0.89158
4	21	0.82927
5	21	0.92012
6	21	0.83865
7	21	0.80719
9	21	0.66463
13	21	0.92425
15	21	0.8741
16	21	0.78297
18	21	0.85206
19	21	0.88619
20	21	0.85205
23	21	0.91165
24	21	0.87434
25	21	0.8166
26	21	0.86715
27	21	0.84342
28	21	0.8134
29	21	0.84054
31	21	0.85611
33	21	0.92908
35	21	0.76677
36	21	0.90588
37	21	0.81213
38	21	0.92098
39	21	0.86923
40	21	0.86977
41	21	0.83718
42	21	0.82529
46	21	0.83612
47	21	0.94764
48	21	0.85207
51	21	0.81322
54	21	0.89339
56	21	0.85538
61	21	0.80946
62	21	0.88736
64	21	0.86183
74	21	0.877
78	21	0.82678
80	21	0.88127
81	21	0.81658
85	21	0.83524
88	21	0.82631
93	21	0.82994
95	21	0.93337
96	21	0.89155
97	21	0.86483
103	21	0.90681
104	21	0.89076
107	21	0.83072
127	21	0.81273
143	21	0.78991
146	21	0.81339
148	21	0.87041
2	22	0.80914
5	22	0.77384
9	22	0.85951
10	22	0.65156
12	22	0.79277
14	22	0.81551
15	22	0.81775
16	22	0.78113
18	22	0.79698
19	22	0.82253
20	22	0.83037
24	22	0.80647
25	22	0.82085
26	22	0.89562
27	22	0.80088
28	22	0.91781
29	22	0.77088
31	22	0.84786
32	22	0.77248
33	22	0.82893
34	22	0.80147
36	22	0.82765
37	22	0.84987
38	22	0.79454
40	22	0.88507
42	22	0.77628
46	22	0.87231
48	22	0.84341
51	22	0.86674
52	22	0.88788
53	22	0.78964
55	22	0.85014
56	22	0.77785
58	22	0.79212
74	22	0.86486
78	22	0.78794
79	22	0.79066
80	22	0.78772
84	22	0.80168
85	22	0.82155
87	22	0.82755
92	22	0.77863
93	22	0.8166
96	22	0.85727
97	22	0.79235
98	22	0.77976
101	22	0.78138
104	22	0.77363
105	22	0.33236
107	22	0.7894
116	22	0.77929
141	22	0.78343
143	22	0.75479
144	22	0.74434
148	22	0.77233
2	23	0.88682
5	23	0.84568
13	23	0.92943
14	23	0.89397
15	23	0.92691
18	23	0.8436
19	23	0.88236
20	23	0.90215
21	23	0.91165
24	23	0.88831
25	23	0.89348
26	23	0.8605
27	23	0.88836
28	23	0.82408
29	23	0.72213
31	23	0.92625
33	23	0.93646
36	23	0.91488
37	23	0.84008
38	23	0.92634
39	23	0.92852
40	23	0.90276
42	23	0.85745
46	23	0.88013
47	23	0.86495
48	23	0.90594
50	23	0.72506
54	23	0.94053
55	23	0.91614
56	23	0.77117
58	23	0.88451
61	23	0.90693
62	23	0.93124
64	23	0.96072
65	23	0.88967
69	23	0.88868
70	23	0.87725
73	23	0.66378
74	23	0.90878
75	23	0.88269
76	23	0.87897
78	23	0.92273
79	23	0.88595
80	23	0.89585
81	23	0.89755
82	23	0.92075
87	23	0.87704
88	23	0.90996
92	23	0.89068
93	23	0.76842
95	23	0.95216
96	23	0.91791
97	23	0.90105
103	23	0.84091
104	23	0.9099
106	23	0.88082
107	23	0.90048
120	23	0.89842
121	23	0.88941
133	23	0.87853
134	23	0.85805
141	23	0.8856
143	23	0.77338
148	23	0.89849
150	23	0.87181
4	24	0.88051
5	24	0.91125
9	24	0.82966
12	24	0.90679
13	24	0.89759
14	24	0.91018
15	24	0.89471
16	24	0.81144
18	24	0.86632
19	24	0.9029
20	24	0.92611
21	24	0.87434
22	24	0.80647
23	24	0.88831
25	24	0.91052
26	24	0.90069
27	24	0.90668
28	24	0.93107
29	24	0.7615
31	24	0.9152
33	24	0.91678
35	24	0.77535
36	24	0.89723
37	24	0.85433
38	24	0.91796
39	24	0.89577
40	24	0.91257
41	24	0.85345
46	24	0.9606
47	24	0.85355
48	24	0.9292
50	24	0.76264
54	24	0.87775
55	24	0.88526
56	24	0.85463
57	24	0.79899
62	24	0.8758
64	24	0.89109
74	24	0.9309
78	24	0.86092
80	24	0.90777
81	24	0.86591
85	24	0.89831
87	24	0.88639
92	24	0.84953
93	24	0.81488
95	24	0.89175
96	24	0.95879
97	24	0.87963
99	24	0.85398
101	24	0.86336
104	24	0.90509
105	24	0.42661
111	24	0.8692
128	24	0.84681
134	24	0.93334
141	24	0.92042
144	24	0.74119
146	24	0.86038
148	24	0.92021
150	24	0.8514
2	25	0.86625
5	25	0.86411
9	25	0.75386
10	25	0.55106
12	25	0.85114
13	25	0.87501
14	25	0.92432
15	25	0.95055
19	25	0.9533
20	25	0.95931
21	25	0.8166
22	25	0.82085
23	25	0.89348
24	25	0.91052
26	25	0.85678
27	25	0.97644
28	25	0.92789
31	25	0.96509
33	25	0.9129
36	25	0.9128
37	25	0.83899
38	25	0.94223
39	25	0.92816
40	25	0.92722
42	25	0.9435
46	25	0.94008
48	25	0.92756
51	25	0.85957
52	25	0.84716
54	25	0.88349
55	25	0.9597
56	25	0.74557
58	25	0.89053
61	25	0.85231
62	25	0.84161
64	25	0.88341
65	25	0.8323
69	25	0.83866
74	25	0.96073
78	25	0.86218
80	25	0.84055
81	25	0.83102
85	25	0.92668
87	25	0.95869
88	25	0.84753
92	25	0.89301
93	25	0.74495
95	25	0.87188
96	25	0.93067
97	25	0.84401
104	25	0.87377
116	25	0.83694
121	25	0.84121
130	25	0.83769
134	25	0.87294
141	25	0.88365
148	25	0.88205
2	26	0.86943
5	26	0.90527
7	26	0.8434
8	26	0.73527
9	26	0.79075
10	26	0.53237
12	26	0.87908
13	26	0.8798
15	26	0.8712
16	26	0.83831
17	26	0.6661
18	26	0.94096
19	26	0.86681
20	26	0.90161
21	26	0.86715
22	26	0.89562
23	26	0.8605
24	26	0.90069
25	26	0.85678
27	26	0.853
28	26	0.91069
29	26	0.85423
31	26	0.90097
33	26	0.92095
34	26	0.85731
35	26	0.80747
36	26	0.91391
37	26	0.89953
38	26	0.90055
39	26	0.85073
40	26	0.91051
46	26	0.90817
47	26	0.85586
48	26	0.91058
50	26	0.71452
51	26	0.90642
52	26	0.929
53	26	0.88113
55	26	0.88274
56	26	0.89572
62	26	0.89985
69	26	0.856
74	26	0.91553
76	26	0.84807
78	26	0.88575
79	26	0.87315
80	26	0.90211
81	26	0.84805
84	26	0.87456
85	26	0.84648
93	26	0.87345
95	26	0.86709
96	26	0.9373
97	26	0.89024
100	26	0.81274
101	26	0.88315
103	26	0.83584
104	26	0.90058
107	26	0.85913
116	26	0.86854
141	26	0.86174
143	26	0.83009
144	26	0.80927
148	26	0.88238
2	27	0.86652
5	27	0.87753
6	27	0.85455
8	27	0.71467
9	27	0.73745
12	27	0.84367
13	27	0.90484
14	27	0.9091
15	27	0.94016
19	27	0.9444
20	27	0.95471
21	27	0.84342
22	27	0.80088
23	27	0.88836
24	27	0.90668
25	27	0.97644
26	27	0.853
28	27	0.91548
31	27	0.96068
33	27	0.90626
36	27	0.92302
37	27	0.81553
38	27	0.96251
39	27	0.94912
40	27	0.90099
42	27	0.94928
44	27	0.83927
46	27	0.91376
47	27	0.80238
48	27	0.92749
50	27	0.69568
51	27	0.85575
52	27	0.84528
54	27	0.90473
55	27	0.92036
56	27	0.74906
58	27	0.87644
61	27	0.85928
62	27	0.85264
64	27	0.88312
69	27	0.84964
70	27	0.83861
74	27	0.94194
78	27	0.84146
80	27	0.83931
85	27	0.92542
87	27	0.93683
88	27	0.8473
92	27	0.89306
93	27	0.73943
95	27	0.89516
96	27	0.90995
97	27	0.84483
104	27	0.8851
116	27	0.8465
130	27	0.84691
141	27	0.87314
143	27	0.74787
148	27	0.87258
2	28	0.81926
4	28	0.81531
5	28	0.89318
6	28	0.81871
9	28	0.92139
10	28	0.5752
12	28	0.85714
13	28	0.84984
14	28	0.87942
15	28	0.91688
16	28	0.83262
18	28	0.84725
19	28	0.93507
20	28	0.9221
21	28	0.8134
22	28	0.91781
23	28	0.82408
24	28	0.93107
25	28	0.92789
26	28	0.91069
27	28	0.91548
29	28	0.80557
31	28	0.93003
33	28	0.91261
34	28	0.7621
35	28	0.74686
36	28	0.88925
37	28	0.8843
38	28	0.89399
39	28	0.86308
40	28	0.94587
42	28	0.86535
46	28	0.9636
48	28	0.91502
50	28	0.69955
51	28	0.86575
52	28	0.87266
55	28	0.90966
56	28	0.85595
58	28	0.83253
62	28	0.81967
74	28	0.93247
80	28	0.83556
84	28	0.83796
85	28	0.93088
87	28	0.90234
92	28	0.83451
93	28	0.85098
95	28	0.82506
96	28	0.93764
97	28	0.86778
101	28	0.82615
104	28	0.86065
105	28	0.43444
130	28	0.82369
134	28	0.85774
141	28	0.86635
143	28	0.75193
144	28	0.78504
148	28	0.86408
4	29	0.70529
5	29	0.84068
7	29	0.74398
9	29	0.75346
12	29	0.71681
13	29	0.75439
15	29	0.76924
16	29	0.84632
18	29	0.82856
19	29	0.76158
20	29	0.74995
21	29	0.84054
22	29	0.77088
23	29	0.72213
24	29	0.7615
26	29	0.85423
28	29	0.80557
31	29	0.73069
32	29	0.69959
33	29	0.86877
35	29	0.77933
36	29	0.77763
37	29	0.8651
38	29	0.74713
40	29	0.81097
41	29	0.71423
46	29	0.75036
47	29	0.79406
48	29	0.73773
51	29	0.71162
52	29	0.74637
53	29	0.75441
56	29	0.9136
62	29	0.74908
74	29	0.78179
78	29	0.70178
79	29	0.72957
80	29	0.77638
81	29	0.73279
84	29	0.6993
85	29	0.70887
93	29	0.87475
95	29	0.74812
96	29	0.82446
97	29	0.79592
103	29	0.80193
104	29	0.7376
107	29	0.71551
143	29	0.79141
148	29	0.73947
3	30	0.78549
6	30	0.90546
32	30	0.93717
45	30	0.90279
59	30	0.94561
61	30	0.91335
63	30	0.90106
65	30	0.94205
66	30	0.9282
67	30	0.93844
68	30	0.94184
70	30	0.93694
71	30	0.95069
72	30	0.97178
75	30	0.93429
76	30	0.89924
77	30	0.92323
82	30	0.8964
83	30	0.94705
86	30	0.97091
88	30	0.92497
89	30	0.96391
90	30	0.94087
91	30	0.96199
92	30	0.90826
94	30	0.91745
98	30	0.92178
107	30	0.92067
108	30	0.92808
109	30	0.94311
110	30	0.95887
112	30	0.9104
114	30	0.93043
115	30	0.96362
117	30	0.90824
118	30	0.94927
119	30	0.9566
120	30	0.93208
121	30	0.93352
122	30	0.93403
123	30	0.9705
124	30	0.9545
125	30	0.92613
127	30	0.91195
129	30	0.97122
130	30	0.91156
131	30	0.93018
135	30	0.90411
136	30	0.91736
137	30	0.92999
138	30	0.92498
139	30	0.92579
140	30	0.8785
142	30	0.94433
145	30	0.94233
147	30	0.91426
149	30	0.74397
150	30	0.91508
2	31	0.94016
4	31	0.80517
5	31	0.88312
6	31	0.89404
7	31	0.85132
8	31	0.72944
9	31	0.77692
10	31	0.54915
12	31	0.90442
13	31	0.9348
14	31	0.91858
15	31	0.94987
16	31	0.74157
18	31	0.86975
19	31	0.93255
20	31	0.97273
21	31	0.85611
22	31	0.84786
23	31	0.92625
24	31	0.9152
25	31	0.96509
26	31	0.90097
27	31	0.96068
28	31	0.93003
29	31	0.73069
33	31	0.9301
34	31	0.7985
35	31	0.72236
36	31	0.94493
37	31	0.87162
38	31	0.95285
39	31	0.95278
40	31	0.94226
42	31	0.9498
45	31	0.89051
46	31	0.93963
47	31	0.80964
48	31	0.94611
50	31	0.72094
51	31	0.90042
52	31	0.8933
53	31	0.87092
54	31	0.92384
55	31	0.96135
56	31	0.78754
57	31	0.80354
58	31	0.91413
60	31	0.87755
61	31	0.89706
62	31	0.89764
64	31	0.91977
69	31	0.90538
73	31	0.6689
74	31	0.93987
78	31	0.9112
79	31	0.89701
80	31	0.8963
81	31	0.85112
82	31	0.88839
84	31	0.88224
85	31	0.94135
87	31	0.95094
88	31	0.91223
92	31	0.91582
93	31	0.75964
95	31	0.91576
96	31	0.94366
97	31	0.92342
100	31	0.84718
101	31	0.86316
104	31	0.91448
105	31	0.33793
107	31	0.90677
116	31	0.88657
121	31	0.88979
130	31	0.89287
134	31	0.88136
141	31	0.92515
143	31	0.77695
144	31	0.77408
148	31	0.91417
3	32	0.76542
4	32	0.84275
6	32	0.94281
7	32	0.90531
8	32	0.78879
10	32	0.53261
11	32	0.79477
13	32	0.8863
16	32	0.74723
22	32	0.77248
29	32	0.69959
30	32	0.93717
34	32	0.81757
35	32	0.73432
41	32	0.91219
45	32	0.92159
47	32	0.80171
48	32	0.91222
49	32	0.87509
51	32	0.91735
52	32	0.87551
53	32	0.87858
59	32	0.9189
60	32	0.89343
61	32	0.89869
62	32	0.92217
63	32	0.93362
65	32	0.91821
66	32	0.92112
67	32	0.93093
70	32	0.9104
72	32	0.93633
75	32	0.91998
76	32	0.91668
77	32	0.94506
79	32	0.9315
80	32	0.87877
82	32	0.90797
84	32	0.8789
85	32	0.84737
86	32	0.92339
88	32	0.9265
90	32	0.89959
91	32	0.92603
92	32	0.91913
93	32	0.7085
94	32	0.92031
95	32	0.89799
97	32	0.9532
98	32	0.92736
99	32	0.91357
103	32	0.87999
104	32	0.91475
105	32	0.33154
107	32	0.97151
108	32	0.91331
109	32	0.91391
110	32	0.92879
112	32	0.92263
113	32	0.90051
114	32	0.92003
115	32	0.92278
118	32	0.91749
120	32	0.92535
121	32	0.91213
123	32	0.95405
124	32	0.88281
127	32	0.91647
128	32	0.8624
129	32	0.90406
130	32	0.91666
133	32	0.91753
137	32	0.87842
143	32	0.75234
146	32	0.90815
150	32	0.92581
2	33	0.84641
4	33	0.80757
5	33	0.92368
7	33	0.8557
8	33	0.75822
9	33	0.79703
12	33	0.852
13	33	0.92596
15	33	0.95765
16	33	0.82433
18	33	0.88754
19	33	0.94252
20	33	0.93139
21	33	0.92908
22	33	0.82893
23	33	0.93646
24	33	0.91678
25	33	0.9129
26	33	0.92095
27	33	0.90626
28	33	0.91261
29	33	0.86877
31	33	0.9301
35	33	0.78998
36	33	0.93142
37	33	0.94177
38	33	0.93375
39	33	0.89075
40	33	0.95445
42	33	0.85402
46	33	0.91534
47	33	0.88734
48	33	0.90108
50	33	0.7176
52	33	0.85161
54	33	0.88812
55	33	0.89438
56	33	0.90878
62	33	0.89921
64	33	0.86514
74	33	0.94032
78	33	0.87482
79	33	0.85859
80	33	0.89761
81	33	0.90008
85	33	0.87699
87	33	0.84862
93	33	0.8969
95	33	0.92232
96	33	0.96306
97	33	0.90946
103	33	0.85608
104	33	0.89275
107	33	0.8613
141	33	0.8576
143	33	0.85296
144	33	0.73396
148	33	0.89113
2	34	0.87014
6	34	0.79516
7	34	0.85156
8	34	0.81106
9	34	0.66791
10	34	0.67116
11	34	0.80399
12	34	0.82629
13	34	0.82168
17	34	0.72461
18	34	0.83959
20	34	0.80977
22	34	0.80147
26	34	0.85731
28	34	0.7621
31	34	0.7985
32	34	0.81757
35	34	0.71676
36	34	0.83411
37	34	0.76514
38	34	0.76329
39	34	0.76899
41	34	0.79454
45	34	0.83118
48	34	0.79993
51	34	0.81805
52	34	0.91463
53	34	0.90719
57	34	0.77441
60	34	0.79621
62	34	0.79196
63	34	0.82683
69	34	0.80166
72	34	0.78514
73	34	0.70721
75	34	0.82367
76	34	0.8425
78	34	0.77614
79	34	0.85222
80	34	0.78707
82	34	0.80198
84	34	0.86153
97	34	0.82468
98	34	0.76268
101	34	0.80316
102	34	0.77416
104	34	0.77236
107	34	0.84465
108	34	0.79487
114	34	0.85095
116	34	0.87399
123	34	0.81146
132	34	0.77402
133	34	0.76726
143	34	0.80989
144	34	0.73375
4	35	0.80445
5	35	0.84565
7	35	0.87866
9	35	0.75741
12	35	0.79324
13	35	0.78651
16	35	0.93834
17	35	0.68689
18	35	0.85707
20	35	0.75448
21	35	0.76677
24	35	0.77535
26	35	0.80747
28	35	0.74686
29	35	0.77933
31	35	0.72236
32	35	0.73432
33	35	0.78998
34	35	0.71676
36	35	0.80545
37	35	0.82974
40	35	0.73517
41	35	0.80903
46	35	0.77009
47	35	0.83427
48	35	0.71967
49	35	0.73005
52	35	0.71963
53	35	0.77181
56	35	0.89318
62	35	0.7438
78	35	0.72863
79	35	0.74001
80	35	0.83535
81	35	0.75615
84	35	0.81162
85	35	0.75732
93	35	0.79063
95	35	0.73781
96	35	0.82058
97	35	0.82597
99	35	0.72793
101	35	0.77548
103	35	0.83741
104	35	0.76699
105	35	0.4824
107	35	0.73591
128	35	0.73001
134	35	0.74302
143	35	0.76259
144	35	0.77318
148	35	0.75566
2	36	0.90044
5	36	0.91928
6	36	0.88205
7	36	0.87864
8	36	0.81408
9	36	0.72966
10	36	0.56005
12	36	0.92401
13	36	0.94786
14	36	0.88974
15	36	0.92061
16	36	0.77343
17	36	0.66858
18	36	0.90103
19	36	0.91166
20	36	0.96528
21	36	0.90588
22	36	0.82765
23	36	0.91488
24	36	0.89723
25	36	0.9128
26	36	0.91391
27	36	0.92302
28	36	0.88925
29	36	0.77763
31	36	0.94493
33	36	0.93142
34	36	0.83411
35	36	0.80545
37	36	0.88027
38	36	0.94224
39	36	0.91644
40	36	0.9074
41	36	0.87135
42	36	0.90831
46	36	0.91544
47	36	0.87379
48	36	0.93237
50	36	0.69642
52	36	0.90031
53	36	0.88628
54	36	0.91165
55	36	0.8954
56	36	0.81994
57	36	0.81948
62	36	0.90626
64	36	0.89051
69	36	0.88709
73	36	0.7217
74	36	0.93928
76	36	0.88974
78	36	0.92834
79	36	0.91708
80	36	0.93478
81	36	0.85253
84	36	0.87272
85	36	0.93062
87	36	0.89933
92	36	0.88571
93	36	0.78483
95	36	0.92621
96	36	0.95132
97	36	0.91505
100	36	0.84111
101	36	0.84358
103	36	0.87814
104	36	0.91613
107	36	0.89776
116	36	0.89611
133	36	0.8835
141	36	0.88469
143	36	0.86147
144	36	0.75593
148	36	0.89824
2	37	0.80992
5	37	0.83461
7	37	0.86336
8	37	0.76929
9	37	0.83085
10	37	0.59049
12	37	0.86592
13	37	0.83436
15	37	0.87596
16	37	0.8567
17	37	0.69625
18	37	0.85942
19	37	0.85612
20	37	0.8895
21	37	0.81213
22	37	0.84987
23	37	0.84008
24	37	0.85433
25	37	0.83899
26	37	0.89953
27	37	0.81553
28	37	0.8843
29	37	0.8651
31	37	0.87162
33	37	0.94177
34	37	0.76514
35	37	0.82974
36	37	0.88027
38	37	0.81015
40	37	0.92155
46	37	0.88481
48	37	0.83492
52	37	0.82679
55	37	0.8388
56	37	0.88479
62	37	0.82332
74	37	0.87672
78	37	0.85197
79	37	0.85033
80	37	0.88491
81	37	0.88399
84	37	0.82338
85	37	0.80834
93	37	0.8506
96	37	0.93768
97	37	0.87763
100	37	0.82776
103	37	0.81576
107	37	0.82181
134	37	0.82061
141	37	0.82857
143	37	0.82766
144	37	0.80844
148	37	0.82803
2	38	0.87474
4	38	0.81808
5	38	0.92985
6	38	0.89913
8	38	0.71712
9	38	0.71028
13	38	0.946
14	38	0.89961
15	38	0.9318
16	38	0.72446
18	38	0.8801
19	38	0.93139
20	38	0.94229
21	38	0.92098
22	38	0.79454
23	38	0.92634
24	38	0.91796
25	38	0.94223
26	38	0.90055
27	38	0.96251
28	38	0.89399
29	38	0.74713
31	38	0.95285
33	38	0.93375
34	38	0.76329
36	38	0.94224
37	38	0.81015
39	38	0.95941
40	38	0.89633
42	38	0.94884
43	38	0.88011
44	38	0.87319
46	38	0.89781
47	38	0.88963
48	38	0.94069
50	38	0.75058
51	38	0.90543
52	38	0.87292
53	38	0.8437
54	38	0.93868
55	38	0.90667
56	38	0.81163
58	38	0.87908
61	38	0.89814
62	38	0.90985
64	38	0.91292
69	38	0.89131
74	38	0.93678
80	38	0.87014
81	38	0.82193
85	38	0.91874
87	38	0.90734
88	38	0.88442
92	38	0.90995
93	38	0.78969
95	38	0.94527
96	38	0.91798
97	38	0.88934
103	38	0.80377
104	38	0.94214
133	38	0.8727
141	38	0.88125
143	38	0.78578
148	38	0.90982
150	38	0.87668
2	39	0.89727
4	39	0.84779
5	39	0.8595
6	39	0.94844
7	39	0.84189
8	39	0.74253
9	39	0.66672
13	39	0.94928
14	39	0.93365
15	39	0.89283
19	39	0.8787
20	39	0.92166
21	39	0.86923
23	39	0.92852
24	39	0.89577
25	39	0.92816
26	39	0.85073
27	39	0.94912
28	39	0.86308
31	39	0.95278
33	39	0.89075
34	39	0.76899
36	39	0.91644
38	39	0.95941
40	39	0.85189
41	39	0.8974
42	39	0.95
43	39	0.93333
44	39	0.91643
45	39	0.90329
46	39	0.87142
47	39	0.85574
48	39	0.96063
49	39	0.84178
50	39	0.71336
51	39	0.92358
52	39	0.87071
53	39	0.84508
54	39	0.97702
55	39	0.92095
58	39	0.93837
61	39	0.95954
62	39	0.94301
63	39	0.88618
64	39	0.95379
65	39	0.92563
69	39	0.91738
70	39	0.94196
74	39	0.90486
80	39	0.87373
81	39	0.83389
82	39	0.90821
85	39	0.90784
87	39	0.9374
88	39	0.94175
90	39	0.90449
91	39	0.90532
92	39	0.96616
93	39	0.72347
95	39	0.96731
96	39	0.89326
97	39	0.92091
103	39	0.81168
104	39	0.95448
106	39	0.92464
107	39	0.92659
113	39	0.91304
116	39	0.88316
120	39	0.91305
121	39	0.91782
123	39	0.90506
127	39	0.93664
130	39	0.93802
131	39	0.90509
133	39	0.92453
134	39	0.86616
141	39	0.92547
143	39	0.75035
146	39	0.91363
148	39	0.9229
150	39	0.93258
2	40	0.84443
5	40	0.87301
9	40	0.84677
10	40	0.53595
12	40	0.8513
13	40	0.87925
14	40	0.85146
15	40	0.95704
16	40	0.79808
18	40	0.84408
19	40	0.95624
20	40	0.93425
21	40	0.86977
22	40	0.88507
23	40	0.90276
24	40	0.91257
25	40	0.92722
26	40	0.91051
27	40	0.90099
28	40	0.94587
29	40	0.81097
31	40	0.94226
33	40	0.95445
35	40	0.73517
36	40	0.9074
37	40	0.92155
38	40	0.89633
39	40	0.85189
42	40	0.85281
46	40	0.95679
48	40	0.87258
51	40	0.8357
52	40	0.83124
54	40	0.83716
55	40	0.93032
56	40	0.84895
60	40	0.82146
62	40	0.83125
64	40	0.85509
74	40	0.94266
78	40	0.87313
80	40	0.8755
81	40	0.84238
85	40	0.89069
87	40	0.8852
93	40	0.84615
95	40	0.85146
96	40	0.95532
97	40	0.86451
100	40	0.79985
104	40	0.83931
105	40	0.35024
107	40	0.82428
134	40	0.8487
141	40	0.85188
143	40	0.76748
144	40	0.77441
148	40	0.85353
4	41	0.86602
5	41	0.82766
6	41	0.89325
7	41	0.91346
8	41	0.77344
12	41	0.89738
13	41	0.90499
16	41	0.76882
17	41	0.74976
18	41	0.86187
21	41	0.83718
24	41	0.85345
29	41	0.71423
32	41	0.91219
34	41	0.79454
35	41	0.80903
36	41	0.87135
39	41	0.8974
45	41	0.90456
47	41	0.86573
48	41	0.89588
49	41	0.92233
50	41	0.70531
53	41	0.87859
54	41	0.9132
56	41	0.76128
61	41	0.87038
62	41	0.93748
63	41	0.91373
64	41	0.88615
67	41	0.86925
70	41	0.87047
75	41	0.88231
76	41	0.89173
77	41	0.89369
79	41	0.91152
80	41	0.91453
81	41	0.86857
82	41	0.90732
84	41	0.89085
88	41	0.88216
95	41	0.92084
97	41	0.9386
99	41	0.90807
100	41	0.82024
101	41	0.87201
102	41	0.86342
103	41	0.89564
104	41	0.92745
106	41	0.91782
107	41	0.91541
108	41	0.89781
111	41	0.85918
112	41	0.90139
113	41	0.9266
114	41	0.89666
116	41	0.88284
118	41	0.87674
120	41	0.89969
123	41	0.88498
127	41	0.88329
128	41	0.88712
133	41	0.88739
134	41	0.86893
139	41	0.90384
141	41	0.90975
146	41	0.91948
148	41	0.91399
150	41	0.90305
2	42	0.86757
5	42	0.84646
6	42	0.9152
13	42	0.89879
14	42	0.88717
15	42	0.88795
19	42	0.89623
20	42	0.92442
21	42	0.82529
22	42	0.77628
23	42	0.85745
25	42	0.9435
27	42	0.94928
28	42	0.86535
31	42	0.9498
33	42	0.85402
36	42	0.90831
38	42	0.94884
39	42	0.95
40	42	0.85281
43	42	0.8876
44	42	0.92082
45	42	0.87499
46	42	0.85182
48	42	0.91543
51	42	0.89971
53	42	0.83588
54	42	0.91737
55	42	0.91293
58	42	0.9029
61	42	0.90025
64	42	0.87858
65	42	0.86303
69	42	0.87744
70	42	0.87681
74	42	0.8977
85	42	0.93667
87	42	0.94632
88	42	0.89908
91	42	0.86781
92	42	0.93308
95	42	0.89303
96	42	0.85936
97	42	0.86041
104	42	0.89533
106	42	0.87679
116	42	0.86268
121	42	0.8617
127	42	0.85247
130	42	0.89403
133	42	0.86795
141	42	0.86627
146	42	0.86188
148	42	0.87436
6	43	0.90912
14	43	0.89382
38	43	0.88011
39	43	0.93333
42	43	0.8876
44	43	0.94224
54	43	0.91633
58	43	0.9155
59	43	0.91506
61	43	0.96131
64	43	0.92137
65	43	0.91437
67	43	0.88652
68	43	0.93675
69	43	0.90098
70	43	0.95316
71	43	0.91074
72	43	0.89673
83	43	0.90995
88	43	0.9242
89	43	0.89303
90	43	0.92484
91	43	0.90987
92	43	0.93373
102	43	0.85202
106	43	0.91815
108	43	0.89833
109	43	0.91441
110	43	0.89678
112	43	0.88808
113	43	0.90588
117	43	0.95308
118	43	0.88956
119	43	0.911
121	43	0.90281
125	43	0.94551
126	43	0.90637
127	43	0.94103
130	43	0.94143
131	43	0.93383
132	43	0.89629
133	43	0.9087
135	43	0.8987
136	43	0.92486
138	43	0.89678
139	43	0.91415
140	43	0.85276
141	43	0.88841
142	43	0.90633
145	43	0.92237
146	43	0.91637
147	43	0.932
149	43	0.74902
150	43	0.92274
3	44	0.74869
6	44	0.95355
11	44	0.81437
27	44	0.83927
38	44	0.87319
39	44	0.91643
42	44	0.92082
43	44	0.94224
45	44	0.90523
48	44	0.90177
51	44	0.92618
58	44	0.93179
59	44	0.92083
61	44	0.9452
63	44	0.89108
65	44	0.92305
68	44	0.91627
69	44	0.92341
70	44	0.95574
71	44	0.9324
72	44	0.92782
83	44	0.91696
85	44	0.85389
86	44	0.90572
87	44	0.90296
88	44	0.93659
89	44	0.90411
91	44	0.94968
92	44	0.95782
94	44	0.9002
98	44	0.89883
102	44	0.85509
104	44	0.89978
106	44	0.91086
108	44	0.90691
109	44	0.94821
110	44	0.93277
113	44	0.91371
115	44	0.92876
116	44	0.90264
117	44	0.90975
119	44	0.90604
121	44	0.90219
122	44	0.88777
123	44	0.91502
124	44	0.89671
125	44	0.93462
126	44	0.86054
127	44	0.92698
129	44	0.90826
130	44	0.95196
131	44	0.92142
132	44	0.91989
133	44	0.92491
136	44	0.91091
137	44	0.87917
138	44	0.90856
140	44	0.9103
142	44	0.92007
145	44	0.93713
146	44	0.92344
147	44	0.93773
149	44	0.77194
150	44	0.92951
2	45	0.90881
3	45	0.77819
6	45	0.91047
7	45	0.85172
8	45	0.74434
10	45	0.61486
11	45	0.84184
12	45	0.91538
17	45	0.78608
20	45	0.88015
30	45	0.90279
31	45	0.89051
32	45	0.92159
34	45	0.83118
39	45	0.90329
41	45	0.90456
42	45	0.87499
44	45	0.90523
48	45	0.92192
51	45	0.89229
52	45	0.90092
53	45	0.894
57	45	0.7888
58	45	0.93133
59	45	0.91118
60	45	0.91452
61	45	0.91366
63	45	0.91707
65	45	0.91679
66	45	0.92034
67	45	0.92025
69	45	0.90057
70	45	0.91098
71	45	0.9175
72	45	0.92068
73	45	0.69631
75	45	0.92402
76	45	0.91646
79	45	0.93227
82	45	0.91287
84	45	0.93179
85	45	0.85048
87	45	0.89872
88	45	0.91598
91	45	0.94776
92	45	0.92653
94	45	0.93065
97	45	0.92338
98	45	0.93833
99	45	0.89869
100	45	0.87184
101	45	0.89524
102	45	0.89506
106	45	0.92869
107	45	0.9263
108	45	0.93107
109	45	0.91947
110	45	0.94475
111	45	0.85325
112	45	0.91049
113	45	0.93712
114	45	0.97083
116	45	0.95373
121	45	0.91735
123	45	0.93416
124	45	0.89449
130	45	0.93032
132	45	0.94196
133	45	0.91833
134	45	0.85983
137	45	0.87483
138	45	0.94441
140	45	0.87416
141	45	0.93883
142	45	0.90853
144	45	0.75113
146	45	0.92172
150	45	0.90715
2	46	0.84605
4	46	0.82385
5	46	0.89726
9	46	0.86107
10	46	0.53013
12	46	0.90411
13	46	0.8707
14	46	0.92152
15	46	0.92696
16	46	0.80564
18	46	0.86469
19	46	0.93979
20	46	0.94583
21	46	0.83612
22	46	0.87231
23	46	0.88013
24	46	0.9606
25	46	0.94008
26	46	0.90817
27	46	0.91376
28	46	0.9636
29	46	0.75036
31	46	0.93963
33	46	0.91534
35	46	0.77009
36	46	0.91544
37	46	0.88481
38	46	0.89781
39	46	0.87142
40	46	0.95679
42	46	0.85182
47	46	0.79902
48	46	0.92652
50	46	0.71968
51	46	0.84751
52	46	0.85699
54	46	0.83809
55	46	0.93623
56	46	0.8343
57	46	0.81789
58	46	0.86255
62	46	0.84763
64	46	0.87036
74	46	0.95326
78	46	0.89323
80	46	0.89721
81	46	0.8446
84	46	0.85657
85	46	0.93362
87	46	0.9222
92	46	0.84774
93	46	0.81445
95	46	0.85039
96	46	0.9718
97	46	0.86929
99	46	0.84782
101	46	0.8547
104	46	0.88192
105	46	0.42881
134	46	0.92581
141	46	0.90162
143	46	0.75769
144	46	0.80881
148	46	0.89
4	47	0.87974
5	47	0.93358
6	47	0.8515
7	47	0.84895
8	47	0.7464
13	47	0.91579
15	47	0.82242
16	47	0.8207
18	47	0.87267
19	47	0.8398
20	47	0.80653
21	47	0.94764
23	47	0.86495
24	47	0.85355
26	47	0.85586
27	47	0.80238
29	47	0.79406
31	47	0.80964
32	47	0.80171
33	47	0.88734
35	47	0.83427
36	47	0.87379
38	47	0.88963
39	47	0.85574
41	47	0.86573
46	47	0.79902
48	47	0.84497
49	47	0.89245
51	47	0.81263
53	47	0.80627
54	47	0.867
56	47	0.88446
62	47	0.89846
64	47	0.81818
74	47	0.80617
80	47	0.85695
81	47	0.79936
85	47	0.81651
93	47	0.85687
95	47	0.93451
96	47	0.8604
97	47	0.8669
103	47	0.92297
104	47	0.92298
107	47	0.82994
127	47	0.83173
128	47	0.81321
133	47	0.8153
143	47	0.8275
146	47	0.814
148	47	0.85826
150	47	0.82704
2	48	0.9017
3	48	0.75155
4	48	0.85977
5	48	0.88611
6	48	0.93065
7	48	0.85612
8	48	0.77597
9	48	0.74437
10	48	0.5628
11	48	0.82389
12	48	0.91537
13	48	0.91981
14	48	0.96953
15	48	0.8849
16	48	0.74565
18	48	0.87547
19	48	0.87563
20	48	0.93835
21	48	0.85207
22	48	0.84341
23	48	0.90594
24	48	0.9292
25	48	0.92756
26	48	0.91058
27	48	0.92749
28	48	0.91502
29	48	0.73773
31	48	0.94611
32	48	0.91222
33	48	0.90108
34	48	0.79993
35	48	0.71967
36	48	0.93237
37	48	0.83492
38	48	0.94069
39	48	0.96063
40	48	0.87258
41	48	0.89588
42	48	0.91543
44	48	0.90177
45	48	0.92192
46	48	0.92652
47	48	0.84497
49	48	0.83006
50	48	0.75085
51	48	0.94507
52	48	0.9296
53	48	0.86055
54	48	0.92816
55	48	0.94257
56	48	0.78178
57	48	0.80784
58	48	0.95315
61	48	0.93434
62	48	0.94559
64	48	0.93159
65	48	0.92433
69	48	0.90968
70	48	0.93039
