7	2	0.92283
14	2	0.93524
15	2	0.93714
17	2	0.83543
19	2	0.91272
20	2	0.95459
22	2	0.8827
23	2	0.94292
25	2	0.97112
27	2	0.95864
31	2	0.97493
32	2	0.93835
33	2	0.91213
34	2	0.9171
36	2	0.94342
37	2	0.89806
39	2	0.95303
40	2	0.92475
42	2	0.95751
45	2	0.93882
48	2	0.94261
52	2	0.9534
54	2	0.9486
55	2	0.97784
58	2	0.95542
60	2	0.94159
61	2	0.94187
62	2	0.93643
64	2	0.95267
65	2	0.95095
68	2	0.94881
69	2	0.95451
70	2	0.94849
72	2	0.94066
74	2	0.94484
75	2	0.98341
76	2	0.94996
78	2	0.95475
79	2	0.96612
82	2	0.9673
87	2	0.95603
88	2	0.95407
90	2	0.94345
91	2	0.9477
92	2	0.95378
99	2	0.94239
100	2	0.91134
106	2	0.9634
107	2	0.95524
109	2	0.93683
110	2	0.93796
113	2	0.93457
116	2	0.92691
120	2	0.97254
121	2	0.95676
123	2	0.9566
130	2	0.93407
133	2	0.93898
138	2	0.95304
141	2	0.93939
8	3	0.88674
10	3	0.91046
12	3	0.90608
30	3	0.94165
32	3	0.91048
42	3	0.89044
45	3	0.92826
48	3	0.90046
57	3	0.88633
58	3	0.89651
65	3	0.89002
70	3	0.89132
71	3	0.90661
73	3	0.91372
75	3	0.88851
76	3	0.90534
77	3	0.92401
79	3	0.90785
80	3	0.89778
84	3	0.88785
86	3	0.89734
87	3	0.92343
88	3	0.89469
89	3	0.8902
91	3	0.91912
92	3	0.88833
94	3	0.90425
98	3	0.90785
100	3	0.89068
101	3	0.89886
102	3	0.89038
106	3	0.89737
107	3	0.89163
108	3	0.94045
110	3	0.92732
112	3	0.89732
114	3	0.94528
116	3	0.89885
118	3	0.89385
123	3	0.9023
124	3	0.89658
126	3	0.90306
132	3	0.9357
133	3	0.89622
135	3	0.89708
137	3	0.93507
138	3	0.89829
139	3	0.89174
142	3	0.88609
145	3	0.89254
5	4	0.91116
6	4	0.91396
7	4	0.94174
8	4	0.89737
9	4	0.87556
12	4	0.91388
13	4	0.94052
16	4	0.84382
18	4	0.89162
20	4	0.9022
24	4	0.94778
27	4	0.90508
28	4	0.90956
31	4	0.9089
32	4	0.92426
35	4	0.86156
38	4	0.891
39	4	0.89915
41	4	0.93282
46	4	0.92421
47	4	0.91393
48	4	0.93066
49	4	0.95771
50	4	0.91469
53	4	0.91173
56	4	0.84705
57	4	0.91134
62	4	0.92698
63	4	0.8981
77	4	0.94031
80	4	0.93331
84	4	0.91413
85	4	0.92273
87	4	0.89401
88	4	0.8959
93	4	0.81348
95	4	0.93099
96	4	0.93133
97	4	0.94492
101	4	0.92156
103	4	0.89445
104	4	0.91042
105	4	0.59578
107	4	0.92582
108	4	0.90124
111	4	0.89704
112	4	0.94335
113	4	0.9012
128	4	0.92787
130	4	0.90332
133	4	0.92759
134	4	0.89668
139	4	0.90186
141	4	0.90642
143	4	0.87454
144	4	0.88919
146	4	0.91865
148	4	0.91687
4	5	0.91116
6	5	0.9042
7	5	0.92403
9	5	0.84418
13	5	0.92046
15	5	0.91858
16	5	0.91493
18	5	0.97156
19	5	0.95831
20	5	0.91734
21	5	0.95846
23	5	0.88951
24	5	0.92373
25	5	0.90498
26	5	0.95123
27	5	0.92362
28	5	0.93652
29	5	0.87749
31	5	0.90154
32	5	0.88473
33	5	0.9526
35	5	0.92525
36	5	0.94053
37	5	0.90828
38	5	0.94309
39	5	0.90076
40	5	0.90442
41	5	0.92398
42	5	0.88206
46	5	0.92115
47	5	0.96414
48	5	0.91486
49	5	0.92079
52	5	0.88534
54	5	0.89984
56	5	0.9622
62	5	0.92139
74	5	0.92105
80	5	0.89767
81	5	0.88207
85	5	0.92845
93	5	0.9528
95	5	0.93348
96	5	0.93186
97	5	0.91581
103	5	0.95488
104	5	0.94796
105	5	0.43421
107	5	0.88453
128	5	0.88703
143	5	0.89501
146	5	0.89107
148	5	0.92767
4	6	0.91396
5	6	0.9042
7	6	0.93145
9	6	0.81749
11	6	0.9457
13	6	0.9481
16	6	0.79721
18	6	0.92089
19	6	0.91818
21	6	0.87826
22	6	0.90078
26	6	0.94377
27	6	0.95937
28	6	0.94314
29	6	0.72503
30	6	0.95652
31	6	0.95891
32	6	0.97672
34	6	0.92052
36	6	0.93651
38	6	0.95627
39	6	0.97283
41	6	0.94527
42	6	0.9811
43	6	0.94383
44	6	0.95033
45	6	0.94829
47	6	0.89405
48	6	0.97337
49	6	0.94792
51	6	0.9781
52	6	0.95448
53	6	0.935
54	6	0.95352
55	6	0.95013
56	6	0.80762
61	6	0.9582
62	6	0.96215
63	6	0.98009
65	6	0.95098
66	6	0.94186
67	6	0.95434
69	6	0.96223
70	6	0.96542
71	6	0.95003
72	6	0.97281
75	6	0.95756
76	6	0.94691
83	6	0.94795
84	6	0.93463
85	6	0.96284
86	6	0.96392
87	6	0.95491
88	6	0.96513
89	6	0.94678
91	6	0.95988
92	6	0.97393
93	6	0.82639
94	6	0.94404
95	6	0.95795
97	6	0.95821
98	6	0.94676
103	6	0.90278
104	6	0.97241
105	6	0.43996
107	6	0.96759
109	6	0.95755
110	6	0.95817
112	6	0.96443
113	6	0.95861
115	6	0.95342
116	6	0.92238
118	6	0.95786
120	6	0.95712
122	6	0.90651
123	6	0.97286
127	6	0.96761
128	6	0.90916
129	6	0.9392
130	6	0.97608
133	6	0.96531
137	6	0.91844
143	6	0.8544
145	6	0.94365
146	6	0.96544
148	6	0.94129
150	6	0.9606
2	7	0.92283
4	7	0.94174
5	7	0.92403
6	7	0.93145
8	7	0.90378
9	7	0.87419
12	7	0.93494
13	7	0.96456
15	7	0.92653
16	7	0.87537
17	7	0.86811
18	7	0.94405
19	7	0.93204
20	7	0.95546
21	7	0.88171
25	7	0.93358
26	7	0.92537
27	7	0.94056
28	7	0.93417
29	7	0.75148
31	7	0.95943
32	7	0.95597
33	7	0.93836
34	7	0.89319
35	7	0.91356
36	7	0.95286
37	7	0.94953
38	7	0.92184
39	7	0.92713
40	7	0.90746
41	7	0.95778
42	7	0.923
45	7	0.92604
46	7	0.9347
47	7	0.91028
48	7	0.94102
49	7	0.93044
50	7	0.86553
53	7	0.94635
54	7	0.92339
56	7	0.87293
57	7	0.89632
62	7	0.94465
63	7	0.9231
75	7	0.92239
76	7	0.9366
77	7	0.92172
78	7	0.93095
79	7	0.94904
80	7	0.94982
81	7	0.92634
82	7	0.93359
84	7	0.94556
85	7	0.94983
93	7	0.85696
95	7	0.94982
96	7	0.95675
97	7	0.97843
101	7	0.91385
103	7	0.93564
104	7	0.92996
105	7	0.51538
107	7	0.96323
120	7	0.93138
133	7	0.93232
143	7	0.92061
144	7	0.8943
148	7	0.93294
3	8	0.88674
4	8	0.89737
7	8	0.90378
10	8	0.8988
12	8	0.90917
13	8	0.91902
20	8	0.87743
23	8	0.86477
24	8	0.85871
30	8	0.88249
31	8	0.86731
32	8	0.90292
36	8	0.86519
41	8	0.89398
45	8	0.87591
47	8	0.85863
48	8	0.8815
49	8	0.89322
50	8	0.89456
53	8	0.92649
57	8	0.91844
62	8	0.90248
73	8	0.93792
75	8	0.85707
76	8	0.92755
77	8	0.92219
78	8	0.8963
79	8	0.9044
80	8	0.94337
81	8	0.90657
82	8	0.8862
84	8	0.86804
87	8	0.86143
88	8	0.86369
95	8	0.9008
96	8	0.91219
97	8	0.92216
101	8	0.89824
103	8	0.88458
107	8	0.91519
108	8	0.91222
112	8	0.86314
114	8	0.89594
132	8	0.86239
133	8	0.90236
135	8	0.8916
137	8	0.89725
139	8	0.85955
143	8	0.91569
144	8	0.90777
4	9	0.87556
5	9	0.84418
6	9	0.81749
7	9	0.87419
12	9	0.84253
13	9	0.8317
15	9	0.81144
16	9	0.92951
18	9	0.84232
19	9	0.8547
20	9	0.83797
22	9	0.85195
24	9	0.87726
25	9	0.81421
26	9	0.83208
27	9	0.82302
28	9	0.93141
29	9	0.73138
31	9	0.85127
32	9	0.83113
33	9	0.8253
35	9	0.89799
36	9	0.83657
37	9	0.85417
40	9	0.86387
41	9	0.8163
46	9	0.89512
48	9	0.8184
56	9	0.85249
60	9	0.84679
66	9	0.81741
67	9	0.81205
80	9	0.83639
84	9	0.88412
85	9	0.90897
93	9	0.80629
96	9	0.86717
97	9	0.86279
98	9	0.81362
99	9	0.82841
101	9	0.83202
105	9	0.78113
107	9	0.82028
111	9	0.84007
112	9	0.82558
113	9	0.82306
128	9	0.83982
130	9	0.81625
134	9	0.84772
141	9	0.8202
144	9	0.83884
146	9	0.81375
148	9	0.83757
3	10	0.91046
8	10	0.8988
12	10	0.88197
13	10	0.83607
20	10	0.81966
30	10	0.84246
31	10	0.79614
32	10	0.84881
42	10	0.80178
45	10	0.86828
48	10	0.80539
50	10	0.80997
53	10	0.86523
55	10	0.80885
57	10	0.8947
60	10	0.82049
69	10	0.80399
73	10	0.94317
75	10	0.8028
76	10	0.84496
77	10	0.84359
78	10	0.83305
79	10	0.85299
80	10	0.865
82	10	0.81251
84	10	0.82878
87	10	0.85165
90	10	0.79731
91	10	0.80054
94	10	0.8087
96	10	0.81181
97	10	0.83517
98	10	0.8032
100	10	0.84407
101	10	0.86236
106	10	0.79739
107	10	0.83974
108	10	0.87409
110	10	0.81863
112	10	0.81293
114	10	0.87383
116	10	0.84051
123	10	0.79919
126	10	0.81152
132	10	0.86408
133	10	0.81324
135	10	0.844
137	10	0.87204
139	10	0.7935
144	10	0.84707
6	11	0.9457
17	11	0.86347
30	11	0.92917
32	11	0.94843
42	11	0.94401
43	11	0.93246
44	11	0.93335
45	11	0.94707
48	11	0.94252
52	11	0.92578
53	11	0.91094
55	11	0.92022
58	11	0.92301
59	11	0.91831
63	11	0.92885
67	11	0.92672
68	11	0.91964
69	11	0.93328
70	11	0.9358
71	11	0.95213
72	11	0.92991
75	11	0.91742
83	11	0.93784
86	11	0.94015
87	11	0.95033
88	11	0.92082
89	11	0.93624
90	11	0.92255
91	11	0.95946
92	11	0.94381
94	11	0.92673
98	11	0.93518
106	11	0.93609
109	11	0.92805
110	11	0.95848
112	11	0.95078
113	11	0.93895
114	11	0.94224
116	11	0.95068
118	11	0.94533
123	11	0.92731
124	11	0.93856
129	11	0.92214
130	11	0.95636
132	11	0.95485
133	11	0.93449
136	11	0.92327
137	11	0.9169
139	11	0.92732
142	11	0.9291
145	11	0.95386
146	11	0.94828
149	11	0.77498
3	12	0.90608
4	12	0.91388
7	12	0.93494
8	12	0.90917
9	12	0.84253
10	12	0.88197
13	12	0.94706
17	12	0.91117
18	12	0.9063
20	12	0.96961
24	12	0.9438
25	12	0.93702
27	12	0.92742
28	12	0.91806
31	12	0.95067
32	12	0.95314
35	12	0.83729
36	12	0.94233
37	12	0.92026
41	12	0.95286
45	12	0.9585
46	12	0.95439
48	12	0.95614
50	12	0.89241
53	12	0.94243
55	12	0.94635
57	12	0.96076
60	12	0.95322
62	12	0.93124
69	12	0.93433
73	12	0.92941
74	12	0.9341
76	12	0.93927
77	12	0.95419
78	12	0.97281
79	12	0.96915
80	12	0.9864
81	12	0.94057
82	12	0.93171
84	12	0.97134
85	12	0.93444
87	12	0.96845
96	12	0.97535
97	12	0.95691
100	12	0.95076
101	12	0.97884
102	12	0.92264
105	12	0.46658
106	12	0.93644
107	12	0.94424
108	12	0.96539
111	12	0.9525
112	12	0.93617
113	12	0.93101
114	12	0.963
116	12	0.95864
132	12	0.95875
133	12	0.93732
134	12	0.94622
141	12	0.9521
143	12	0.8587
144	12	0.9405
146	12	0.92701
148	12	0.92674
4	13	0.94052
5	13	0.92046
6	13	0.9481
7	13	0.96456
8	13	0.91902
9	13	0.8317
10	13	0.83607
12	13	0.94706
15	13	0.93026
16	13	0.81346
17	13	0.82939
18	13	0.941
19	13	0.93601
20	13	0.97177
21	13	0.918
23	13	0.94884
24	13	0.93984
25	13	0.94965
26	13	0.94078
27	13	0.96671
28	13	0.92337
29	13	0.74531
31	13	0.9693
32	13	0.96117
33	13	0.94168
34	13	0.89913
35	13	0.86127
36	13	0.96578
37	13	0.92057
38	13	0.95866
39	13	0.9536
40	13	0.91311
41	13	0.96383
42	13	0.95501
45	13	0.93385
46	13	0.93757
47	13	0.92588
48	13	0.96054
49	13	0.94398
50	13	0.88941
53	13	0.96198
54	13	0.96995
55	13	0.94496
56	13	0.85466
57	13	0.92451
62	13	0.96453
63	13	0.94803
69	13	0.94846
73	13	0.87738
74	13	0.93666
75	13	0.93893
76	13	0.95467
77	13	0.93456
78	13	0.95287
79	13	0.95832
80	13	0.96734
81	13	0.92189
82	13	0.9524
84	13	0.94165
85	13	0.9447
87	13	0.94277
93	13	0.84293
95	13	0.98099
96	13	0.96631
97	13	0.97747
101	13	0.93086
103	13	0.9343
104	13	0.93946
105	13	0.42767
107	13	0.97016
108	13	0.94075
116	13	0.92242
120	13	0.94308
133	13	0.94688
143	13	0.9204
144	13	0.88089
2	14	0.93524
22	14	0.87113
23	14	0.93253
24	14	0.9347
25	14	0.96676
27	14	0.95506
28	14	0.91782
39	14	0.95405
43	14	0.95085
46	14	0.94958
48	14	0.97554
51	14	0.93881
54	14	0.93914
55	14	0.96379
57	14	0.90334
58	14	0.98358
59	14	0.97604
61	14	0.97128
62	14	0.95179
64	14	0.97372
65	14	0.9719
66	14	0.95288
67	14	0.97213
68	14	0.97058
69	14	0.95333
70	14	0.98042
71	14	0.95183
74	14	0.95555
77	14	0.95608
78	14	0.9486
83	14	0.9525
85	14	0.93904
87	14	0.9706
88	14	0.96194
90	14	0.97126
91	14	0.9586
92	14	0.97275
94	14	0.93796
99	14	0.96039
102	14	0.93097
104	14	0.94562
105	14	0.42595
108	14	0.95203
109	14	0.97302
110	14	0.96362
111	14	0.95537
113	14	0.95893
117	14	0.95782
118	14	0.95405
119	14	0.9628
121	14	0.96982
122	14	0.92671
123	14	0.96051
125	14	0.96001
126	14	0.93658
127	14	0.94129
128	14	0.9371
130	14	0.96239
131	14	0.96989
132	14	0.9463
133	14	0.96309
134	14	0.95396
136	14	0.94843
138	14	0.97286
141	14	0.96743
146	14	0.96167
147	14	0.96073
148	14	0.95276
149	14	0.73127
150	14	0.96987
2	15	0.93714
5	15	0.91858
7	15	0.92653
9	15	0.81144
13	15	0.93026
16	15	0.82316
18	15	0.94059
19	15	0.97187
20	15	0.94769
21	15	0.93714
22	15	0.87904
23	15	0.96678
24	15	0.90805
25	15	0.95287
26	15	0.93529
27	15	0.95891
28	15	0.92568
29	15	0.80785
31	15	0.95407
33	15	0.97596
34	15	0.8888
35	15	0.84934
36	15	0.95692
37	15	0.93331
38	15	0.94711
39	15	0.93548
40	15	0.9663
41	15	0.90628
42	15	0.90619
46	15	0.93009
47	15	0.90522
48	15	0.91467
52	15	0.9012
54	15	0.93889
55	15	0.92234
56	15	0.87962
62	15	0.93482
64	15	0.93415
74	15	0.94666
75	15	0.92411
76	15	0.90675
78	15	0.9252
79	15	0.92532
81	15	0.90389
82	15	0.9352
85	15	0.91692
88	15	0.90643
93	15	0.88701
95	15	0.94876
96	15	0.9332
97	15	0.92152
99	15	0.91705
103	15	0.923
104	15	0.92477
107	15	0.92773
120	15	0.92641
143	15	0.9052
148	15	0.91609
4	16	0.84382
5	16	0.91493
6	16	0.79721
7	16	0.87537
9	16	0.92951
13	16	0.81346
15	16	0.82316
18	16	0.88983
19	16	0.88809
20	16	0.81388
21	16	0.8499
22	16	0.82422
24	16	0.84752
25	16	0.79411
26	16	0.86295
27	16	0.80718
28	16	0.89976
29	16	0.83744
31	16	0.81457
32	16	0.78752
33	16	0.87082
35	16	0.96611
36	16	0.8375
37	16	0.8761
38	16	0.81887
40	16	0.85854
41	16	0.82292
46	16	0.85717
47	16	0.87341
48	16	0.78804
49	16	0.79877
56	16	0.95585
62	16	0.78234
74	16	0.78385
80	16	0.79783
81	16	0.78232
84	16	0.83137
85	16	0.87297
93	16	0.92669
95	16	0.80208
96	16	0.84843
97	16	0.84315
99	16	0.79047
103	16	0.85399
104	16	0.83708
105	16	0.64712
128	16	0.81692
134	16	0.80382
143	16	0.78363
146	16	0.78618
148	16	0.83813
2	17	0.83543
7	17	0.86811
11	17	0.86347
12	17	0.91117
13	17	0.82939
20	17	0.86899
25	17	0.82938
31	17	0.84727
32	17	0.86282
36	17	0.83486
37	17	0.85081
41	17	0.87304
42	17	0.82965
45	17	0.89945
48	17	0.84532
52	17	0.839
53	17	0.87847
55	17	0.84111
57	17	0.82331
60	17	0.83842
75	17	0.82626
78	17	0.86237
79	17	0.88722
80	17	0.86681
81	17	0.82655
82	17	0.82692
84	17	0.89342
87	17	0.86347
91	17	0.83104
96	17	0.84988
97	17	0.86264
98	17	0.82804
100	17	0.88095
101	17	0.90668
102	17	0.85286
106	17	0.85977
107	17	0.83341
108	17	0.83865
110	17	0.83722
111	17	0.83405
112	17	0.83779
113	17	0.84434
114	17	0.87519
116	17	0.91811
132	17	0.87358
133	17	0.8237
134	17	0.83689
141	17	0.86377
144	17	0.85794
146	17	0.84058
4	18	0.89162
5	18	0.97156
6	18	0.92089
7	18	0.94405
9	18	0.84232
12	18	0.9063
13	18	0.941
15	18	0.94059
16	18	0.88983
19	18	0.96221
20	18	0.95307
21	18	0.9356
22	18	0.86414
23	18	0.92057
24	18	0.92556
25	18	0.93827
26	18	0.97872
27	18	0.94467
28	18	0.9495
29	18	0.85425
31	18	0.94389
32	18	0.91978
33	18	0.95935
34	18	0.89785
35	18	0.92417
36	18	0.96188
37	18	0.94304
38	18	0.94854
39	18	0.91986
40	18	0.93627
41	18	0.94565
42	18	0.91483
46	18	0.94582
47	18	0.93206
48	18	0.93684
52	18	0.92147
54	18	0.92427
55	18	0.91271
56	18	0.92934
62	18	0.93281
74	18	0.94586
78	18	0.9273
79	18	0.92769
80	18	0.92983
84	18	0.92142
85	18	0.9408
93	18	0.91129
95	18	0.93875
96	18	0.95645
97	18	0.93785
103	18	0.94212
104	18	0.95223
105	18	0.43627
107	18	0.91446
141	18	0.90739
143	18	0.88735
146	18	0.91211
148	18	0.93558
2	19	0.91272
5	19	0.95831
6	19	0.91818
7	19	0.93204
9	19	0.8547
13	19	0.93601
15	19	0.97187
16	19	0.88809
18	19	0.96221
20	19	0.94452
21	19	0.9646
22	19	0.91288
23	19	0.93526
24	19	0.92016
25	19	0.94665
26	19	0.96655
27	19	0.95976
28	19	0.95376
29	19	0.83631
31	19	0.94555
33	19	0.97549
34	19	0.91326
35	19	0.89497
36	19	0.96746
37	19	0.92972
38	19	0.96001
39	19	0.93259
40	19	0.97485
41	19	0.90989
42	19	0.9096
46	19	0.94577
47	19	0.93637
48	19	0.91866
52	19	0.91074
54	19	0.9353
55	19	0.9084
56	19	0.92196
62	19	0.92795
64	19	0.91734
74	19	0.94904
78	19	0.90762
79	19	0.9045
85	19	0.94318
93	19	0.93475
95	19	0.94482
96	19	0.93763
97	19	0.92103
99	19	0.91544
103	19	0.94763
104	19	0.94776
105	19	0.46231
107	19	0.91651
120	19	0.90025
143	19	0.8982
148	19	0.9228
150	19	0.89983
2	20	0.95459
4	20	0.9022
5	20	0.91734
7	20	0.95546
8	20	0.87743
9	20	0.83797
10	20	0.81966
12	20	0.96961
13	20	0.97177
15	20	0.94769
16	20	0.81388
17	20	0.86899
18	20	0.95307
19	20	0.94452
21	20	0.9022
22	20	0.8707
23	20	0.95025
24	20	0.94873
25	20	0.98061
26	20	0.95522
27	20	0.97271
28	20	0.94908
29	20	0.76665
31	20	0.98083
32	20	0.95478
33	20	0.95132
34	20	0.914
35	20	0.86427
36	20	0.98226
37	20	0.95115
38	20	0.95113
39	20	0.95023
40	20	0.95004
41	20	0.96567
42	20	0.95578
45	20	0.95086
46	20	0.9662
47	20	0.88158
48	20	0.96736
50	20	0.84239
52	20	0.94084
53	20	0.93996
54	20	0.96588
55	20	0.96883
56	20	0.84038
57	20	0.9202
60	20	0.95026
62	20	0.95553
64	20	0.95177
69	20	0.9454
73	20	0.87284
74	20	0.97442
75	20	0.94908
76	20	0.95179
78	20	0.97557
79	20	0.97922
80	20	0.97112
81	20	0.94385
82	20	0.95842
84	20	0.96534
85	20	0.95878
87	20	0.96295
93	20	0.82254
95	20	0.95927
96	20	0.98067
97	20	0.96877
99	20	0.948
100	20	0.94036
101	20	0.93027
103	20	0.92973
104	20	0.9406
106	20	0.9539
107	20	0.95993
111	20	0.92982
113	20	0.94572
116	20	0.944
134	20	0.94414
141	20	0.9625
143	20	0.8938
144	20	0.8863
148	20	0.94686
5	21	0.95846
6	21	0.87826
7	21	0.88171
13	21	0.918
15	21	0.93714
16	21	0.8499
18	21	0.9356
19	21	0.9646
20	21	0.9022
23	21	0.92321
24	21	0.9091
25	21	0.90404
26	21	0.94403
27	21	0.93373
28	21	0.89648
29	21	0.87259
31	21	0.89916
33	21	0.96872
35	21	0.85484
36	21	0.93652
37	21	0.89796
38	21	0.95654
39	21	0.90308
40	21	0.92529
41	21	0.89086
42	21	0.87696
46	21	0.89366
47	21	0.96198
48	21	0.88609
49	21	0.89031
51	21	0.8697
54	21	0.91317
56	21	0.93015
62	21	0.91458
64	21	0.88959
74	21	0.92562
78	21	0.86676
80	21	0.88215
81	21	0.87145
82	21	0.86385
85	21	0.88336
88	21	0.86206
93	21	0.93446
95	21	0.94138
96	21	0.91435
97	21	0.88554
103	21	0.95089
104	21	0.91695
107	21	0.87768
127	21	0.87358
143	21	0.9015
148	21	0.90489
2	22	0.8827
6	22	0.90078
9	22	0.85195
14	22	0.87113
15	22	0.87904
16	22	0.82422
18	22	0.86414
19	22	0.91288
20	22	0.8707
25	22	0.8883
26	22	0.90574
27	22	0.89123
28	22	0.93672
29	22	0.77169
31	22	0.89301
32	22	0.86712
33	22	0.86672
34	22	0.90546
36	22	0.89442
38	22	0.88471
39	22	0.86964
40	22	0.92283
42	22	0.89315
44	22	0.88759
46	22	0.88454
48	22	0.86736
51	22	0.9093
52	22	0.89841
58	22	0.87417
59	22	0.86761
66	22	0.8681
67	22	0.88258
70	22	0.86667
72	22	0.86915
74	22	0.89692
84	22	0.8642
85	22	0.92628
87	22	0.86432
88	22	0.88198
92	22	0.88207
93	22	0.82238
98	22	0.8842
99	22	0.88683
104	22	0.881
105	22	0.48929
107	22	0.86538
109	22	0.86777
121	22	0.86618
123	22	0.87132
127	22	0.87059
130	22	0.88748
131	22	0.86574
146	22	0.87568
148	22	0.88307
150	22	0.87588
2	23	0.94292
5	23	0.88951
8	23	0.86477
13	23	0.94884
14	23	0.93253
15	23	0.96678
18	23	0.92057
19	23	0.93526
20	23	0.95025
21	23	0.92321
24	23	0.93567
25	23	0.96454
26	23	0.92554
27	23	0.97083
29	23	0.71897
31	23	0.96363
33	23	0.9572
36	23	0.94609
37	23	0.91679
38	23	0.95624
39	23	0.95259
40	23	0.93133
41	23	0.9349
46	23	0.93416
47	23	0.9114
48	23	0.94142
50	23	0.85939
54	23	0.95714
55	23	0.94726
56	23	0.82974
61	23	0.94317
62	23	0.96605
64	23	0.97525
65	23	0.93305
69	23	0.93295
70	23	0.93213
73	23	0.85523
74	23	0.9447
75	23	0.94766
76	23	0.94353
78	23	0.95278
79	23	0.94205
80	23	0.93514
81	23	0.95233
82	23	0.9685
88	23	0.94701
90	23	0.92447
93	23	0.83228
95	23	0.97208
96	23	0.95242
97	23	0.93961
99	23	0.93336
103	23	0.91628
104	23	0.93091
106	23	0.93235
107	23	0.95137
108	23	0.92892
120	23	0.95289
121	23	0.92954
123	23	0.93046
133	23	0.93414
143	23	0.89455
148	23	0.9388
4	24	0.94778
5	24	0.92373
8	24	0.85871
9	24	0.87726
12	24	0.9438
13	24	0.93984
14	24	0.9347
15	24	0.90805
16	24	0.84752
18	24	0.92556
19	24	0.92016
20	24	0.94873
21	24	0.9091
23	24	0.93567
25	24	0.94538
26	24	0.92802
27	24	0.95104
28	24	0.94055
29	24	0.73047
31	24	0.94188
33	24	0.92083
35	24	0.86965
36	24	0.92943
37	24	0.90671
38	24	0.93445
39	24	0.92457
40	24	0.91206
41	24	0.95312
46	24	0.97403
47	24	0.91576
48	24	0.95012
49	24	0.92908
50	24	0.88674
54	24	0.92447
56	24	0.86619
57	24	0.91047
60	24	0.91874
62	24	0.94184
64	24	0.94083
73	24	0.85195
74	24	0.93483
77	24	0.93832
78	24	0.92803
80	24	0.95775
81	24	0.94061
84	24	0.93437
85	24	0.93148
87	24	0.92315
93	24	0.83094
95	24	0.94487
96	24	0.97361
97	24	0.93957
99	24	0.93869
101	24	0.92815
103	24	0.91024
104	24	0.928
105	24	0.54075
107	24	0.9199
108	24	0.92428
111	24	0.9562
112	24	0.92376
113	24	0.93496
128	24	0.9363
134	24	0.96382
141	24	0.94928
143	24	0.85604
144	24	0.88395
146	24	0.93171
148	24	0.95807
2	25	0.97112
5	25	0.90498
7	25	0.93358
9	25	0.81421
12	25	0.93702
13	25	0.94965
14	25	0.96676
15	25	0.95287
16	25	0.79411
17	25	0.82938
18	25	0.93827
19	25	0.94665
20	25	0.98061
21	25	0.90404
22	25	0.8883
23	25	0.96454
24	25	0.94538
26	25	0.9546
27	25	0.98832
28	25	0.94682
29	25	0.73683
31	25	0.98409
33	25	0.94916
34	25	0.90409
35	25	0.82435
36	25	0.96885
37	25	0.92121
38	25	0.97153
39	25	0.97983
40	25	0.94478
41	25	0.96105
42	25	0.96465
46	25	0.95848
47	25	0.87866
48	25	0.97433
51	25	0.94083
52	25	0.9501
54	25	0.97801
55	25	0.97702
56	25	0.82169
58	25	0.96207
60	25	0.94958
61	25	0.9613
62	25	0.96639
63	25	0.93656
64	25	0.97954
65	25	0.95298
69	25	0.95378
70	25	0.96
74	25	0.97715
75	25	0.96499
76	25	0.94316
78	25	0.96046
79	25	0.9668
80	25	0.93786
81	25	0.93933
82	25	0.96781
84	25	0.9442
85	25	0.9515
87	25	0.9646
88	25	0.96044
92	25	0.96841
93	25	0.82074
95	25	0.9638
96	25	0.95959
97	25	0.95496
99	25	0.96859
100	25	0.91646
102	25	0.94284
103	25	0.91171
104	25	0.96135
106	25	0.97406
107	25	0.95836
111	25	0.93814
113	25	0.97044
116	25	0.92699
120	25	0.96792
121	25	0.96367
123	25	0.95451
125	25	0.91985
128	25	0.91511
134	25	0.95256
138	25	0.95787
141	25	0.9724
143	25	0.85976
146	25	0.95451
148	25	0.96639
150	25	0.95132
5	26	0.95123
6	26	0.94377
7	26	0.92537
9	26	0.83208
13	26	0.94078
15	26	0.93529
16	26	0.86295
18	26	0.97872
19	26	0.96655
20	26	0.95522
21	26	0.94403
22	26	0.90574
23	26	0.92554
24	26	0.92802
25	26	0.9546
27	26	0.96312
28	26	0.95826
29	26	0.83365
31	26	0.95396
32	26	0.93131
33	26	0.95103
34	26	0.92664
35	26	0.88522
36	26	0.97375
37	26	0.93125
38	26	0.96531
39	26	0.93826
40	26	0.94742
41	26	0.94803
42	26	0.94215
46	26	0.94769
47	26	0.92249
48	26	0.94928
51	26	0.92957
52	26	0.93903
53	26	0.91181
54	26	0.93656
55	26	0.93268
56	26	0.89246
62	26	0.94491
64	26	0.92698
69	26	0.92654
74	26	0.96393
78	26	0.93406
79	26	0.93261
80	26	0.92998
84	26	0.92881
85	26	0.94726
93	26	0.88991
95	26	0.94547
96	26	0.95427
97	26	0.93693
99	26	0.92281
103	26	0.94083
104	26	0.95951
107	26	0.92652
113	26	0.92835
143	26	0.86851
146	26	0.9356
148	26	0.94757
2	27	0.95864
4	27	0.90508
5	27	0.92362
6	27	0.95937
7	27	0.94056
9	27	0.82302
12	27	0.92742
13	27	0.96671
14	27	0.95506
15	27	0.95891
16	27	0.80718
18	27	0.94467
19	27	0.95976
20	27	0.97271
21	27	0.93373
22	27	0.89123
23	27	0.97083
24	27	0.95104
25	27	0.98832
26	27	0.96312
28	27	0.94978
29	27	0.7534
31	27	0.98073
33	27	0.96036
34	27	0.91634
35	27	0.83001
36	27	0.97165
37	27	0.91791
38	27	0.98846
39	27	0.98793
40	27	0.94531
41	27	0.96402
42	27	0.96626
43	27	0.94373
46	27	0.95058
47	27	0.91458
48	27	0.97145
49	27	0.93572
51	27	0.94674
52	27	0.94183
54	27	0.98541
55	27	0.96112
56	27	0.84617
60	27	0.93657
61	27	0.96098
62	27	0.97752
63	27	0.94629
64	27	0.97954
69	27	0.96054
70	27	0.95966
74	27	0.9715
75	27	0.95673
76	27	0.94262
78	27	0.95303
79	27	0.95522
80	27	0.94092
81	27	0.93214
82	27	0.96348
85	27	0.94947
87	27	0.95418
88	27	0.96019
92	27	0.96285
93	27	0.84969
95	27	0.98182
96	27	0.95744
97	27	0.9568
99	27	0.94898
102	27	0.92792
103	27	0.92638
104	27	0.96659
106	27	0.96715
107	27	0.96252
111	27	0.91834
113	27	0.95789
120	27	0.96966
123	27	0.95328
127	27	0.95149
128	27	0.91765
130	27	0.95026
134	27	0.92929
141	27	0.95974
143	27	0.8789
146	27	0.95324
148	27	0.9659
150	27	0.95042
4	28	0.90956
5	28	0.93652
6	28	0.94314
7	28	0.93417
9	28	0.93141
12	28	0.91806
13	28	0.92337
14	28	0.91782
15	28	0.92568
16	28	0.89976
18	28	0.9495
19	28	0.95376
20	28	0.94908
21	28	0.89648
22	28	0.93672
24	28	0.94055
25	28	0.94682
26	28	0.95826
27	28	0.94978
29	28	0.81202
31	28	0.95427
32	28	0.9346
33	28	0.92421
34	28	0.91512
35	28	0.89169
36	28	0.95074
37	28	0.91322
38	28	0.93456
39	28	0.92738
40	28	0.94911
41	28	0.92742
42	28	0.92963
46	28	0.96661
47	28	0.87979
48	28	0.94494
52	28	0.93141
55	28	0.92367
56	28	0.88104
60	28	0.92766
67	28	0.9233
74	28	0.94335
79	28	0.91847
84	28	0.9514
85	28	0.98023
87	28	0.92826
92	28	0.91856
93	28	0.86902
95	28	0.91868
96	28	0.94403
97	28	0.94105
99	28	0.93635
103	28	0.89815
104	28	0.94003
105	28	0.58943
107	28	0.92423
113	28	0.94324
128	28	0.91806
130	28	0.93226
134	28	0.92808
141	28	0.9376
146	28	0.93816
148	28	0.94435
5	29	0.87749
6	29	0.72503
7	29	0.75148
9	29	0.73138
13	29	0.74531
15	29	0.80785
16	29	0.83744
18	29	0.85425
19	29	0.83631
20	29	0.76665
21	29	0.87259
22	29	0.77169
23	29	0.71897
24	29	0.73047
25	29	0.73683
26	29	0.83365
27	29	0.7534
28	29	0.81202
31	29	0.74253
33	29	0.85989
34	29	0.77912
35	29	0.8214
36	29	0.80846
37	29	0.82682
38	29	0.78936
39	29	0.71696
40	29	0.81422
41	29	0.74558
42	29	0.73678
46	29	0.73621
47	29	0.80982
48	29	0.72029
52	29	0.74587
54	29	0.73451
56	29	0.90317
62	29	0.72827
63	29	0.72796
74	29	0.78564
79	29	0.72504
80	29	0.71847
84	29	0.71217
85	29	0.77182
93	29	0.87019
95	29	0.76112
96	29	0.76578
97	29	0.75267
103	29	0.8295
104	29	0.76796
143	29	0.78326
148	29	0.76209
3	30	0.94165
6	30	0.95652
8	30	0.88249
10	30	0.84246
11	30	0.92917
32	30	0.96281
42	30	0.95278
45	30	0.96592
48	30	0.95251
51	30	0.94652
53	30	0.92321
57	30	0.89664
58	30	0.95685
59	30	0.95037
61	30	0.96038
63	30	0.94485
65	30	0.97606
66	30	0.94932
67	30	0.94948
68	30	0.96187
69	30	0.95277
70	30	0.96905
71	30	0.96949
72	30	0.96594
73	30	0.86098
75	30	0.96787
76	30	0.96779
77	30	0.96581
82	30	0.95552
83	30	0.95081
86	30	0.98477
87	30	0.96121
88	30	0.97521
89	30	0.96827
90	30	0.96304
91	30	0.98039
92	30	0.95489
94	30	0.95724
98	30	0.96156
107	30	0.96618
108	30	0.97101
109	30	0.96449
110	30	0.97809
112	30	0.96125
114	30	0.97572
115	30	0.94341
117	30	0.94369
118	30	0.97053
119	30	0.95296
120	30	0.9529
121	30	0.95663
122	30	0.92653
123	30	0.98445
124	30	0.9714
126	30	0.93742
129	30	0.94593
130	30	0.95938
131	30	0.94925
132	30	0.959
133	30	0.97224
135	30	0.9601
136	30	0.93698
137	30	0.97449
138	30	0.96009
139	30	0.96224
140	30	0.9155
142	30	0.96787
144	30	0.85593
145	30	0.96101
2	31	0.97493
4	31	0.9089
5	31	0.90154
6	31	0.95891
7	31	0.95943
8	31	0.86731
9	31	0.85127
10	31	0.79614
12	31	0.95067
13	31	0.9693
15	31	0.95407
16	31	0.81457
17	31	0.84727
18	31	0.94389
19	31	0.94555
20	31	0.98083
21	31	0.89916
22	31	0.89301
23	31	0.96363
24	31	0.94188
25	31	0.98409
26	31	0.95396
27	31	0.98073
28	31	0.95427
29	31	0.74253
32	31	0.965
33	31	0.94589
34	31	0.90946
35	31	0.84118
36	31	0.96564
37	31	0.93715
38	31	0.95905
39	31	0.96902
40	31	0.95189
41	31	0.96068
42	31	0.97116
45	31	0.95512
46	31	0.9611
47	31	0.88257
48	31	0.97069
50	31	0.858
52	31	0.93683
53	31	0.94147
54	31	0.96777
55	31	0.98039
56	31	0.83156
57	31	0.91299
60	31	0.96766
62	31	0.96679
63	31	0.94822
64	31	0.96529
65	31	0.95479
69	31	0.96314
73	31	0.85517
74	31	0.95479
75	31	0.97396
76	31	0.96457
78	31	0.96803
79	31	0.97456
80	31	0.95566
81	31	0.93797
82	31	0.97875
84	31	0.9651
85	31	0.95903
87	31	0.96882
88	31	0.97127
93	31	0.8194
95	31	0.96573
96	31	0.96863
97	31	0.97821
99	31	0.96001
100	31	0.92855
101	31	0.93232
103	31	0.90781
104	31	0.94728
105	31	0.47767
106	31	0.96465
107	31	0.98007
108	31	0.95504
111	31	0.92743
113	31	0.96215
114	31	0.95081
116	31	0.92913
120	31	0.97313
121	31	0.95313
123	31	0.96248
128	31	0.89747
133	31	0.95978
134	31	0.93362
141	31	0.96404
143	31	0.87667
144	31	0.8882
146	31	0.95156
148	31	0.95711
2	32	0.93835
3	32	0.91048
4	32	0.92426
5	32	0.88473
6	32	0.97672
7	32	0.95597
8	32	0.90292
9	32	0.83113
10	32	0.84881
11	32	0.94843
12	32	0.95314
13	32	0.96117
16	32	0.78752
17	32	0.86282
18	32	0.91978
20	32	0.95478
22	32	0.86712
26	32	0.93131
28	32	0.9346
30	32	0.96281
31	32	0.965
34	32	0.90671
35	32	0.83054
36	32	0.94982
37	32	0.89358
41	32	0.95916
42	32	0.97124
45	32	0.9775
46	32	0.93291
47	32	0.87133
48	32	0.98018
49	32	0.93443
50	32	0.85694
51	32	0.94333
52	32	0.95003
53	32	0.96446
54	32	0.94202
55	32	0.96383
57	32	0.9194
60	32	0.94509
62	32	0.96057
63	32	0.9678
69	32	0.96374
73	32	0.86092
75	32	0.96356
76	32	0.96733
77	32	0.96541
78	32	0.95576
79	32	0.97635
80	32	0.95129
82	32	0.9545
84	32	0.96231
85	32	0.96854
86	32	0.95825
87	32	0.97468
88	32	0.95736
91	32	0.96279
92	32	0.95979
94	32	0.95292
95	32	0.95226
96	32	0.94902
97	32	0.98089
98	32	0.95893
100	32	0.89861
101	32	0.94223
103	32	0.91132
104	32	0.94752
105	32	0.44569
107	32	0.98378
108	32	0.95945
110	32	0.96586
112	32	0.96917
113	32	0.95103
114	32	0.97251
116	32	0.95523
118	32	0.95027
120	32	0.94967
123	32	0.96738
130	32	0.95799
132	32	0.9564
133	32	0.97524
137	32	0.94603
143	32	0.88907
144	32	0.88642
146	32	0.95732
2	33	0.91213
5	33	0.9526
7	33	0.93836
9	33	0.8253
13	33	0.94168
15	33	0.97596
16	33	0.87082
18	33	0.95935
19	33	0.97549
20	33	0.95132
21	33	0.96872
22	33	0.86672
23	33	0.9572
24	33	0.92083
25	33	0.94916
26	33	0.95103
27	33	0.96036
28	33	0.92421
29	33	0.85989
31	33	0.94589
34	33	0.89094
35	33	0.89618
36	33	0.96616
37	33	0.96273
38	33	0.96203
39	33	0.93228
40	33	0.95808
41	33	0.93049
42	33	0.90807
46	33	0.92349
47	33	0.94044
48	33	0.91535
54	33	0.94449
56	33	0.92869
62	33	0.93989
64	33	0.91837
74	33	0.94622
75	33	0.90115
78	33	0.91512
79	33	0.92119
80	33	0.91526
81	33	0.92846
82	33	0.91577
85	33	0.92035
93	33	0.92005
95	33	0.95862
96	33	0.94836
97	33	0.93319
103	33	0.95612
104	33	0.9344
106	33	0.90046
107	33	0.92111
120	33	0.91034
141	33	0.90059
143	33	0.92021
148	33	0.93687
2	34	0.9171
6	34	0.92052
7	34	0.89319
13	34	0.89913
15	34	0.8888
18	34	0.89785
19	34	0.91326
20	34	0.914
22	34	0.90546
25	34	0.90409
26	34	0.92664
27	34	0.91634
28	34	0.91512
29	34	0.77912
31	34	0.90946
32	34	0.90671
33	34	0.89094
36	34	0.93621
38	34	0.90635
39	34	0.90669
40	34	0.90386
41	34	0.87664
42	34	0.93722
44	34	0.8987
45	34	0.88122
48	34	0.88165
51	34	0.8905
52	34	0.95354
53	34	0.88325
54	34	0.90848
55	34	0.89153
63	34	0.91986
69	34	0.89064
72	34	0.88283
74	34	0.90681
75	34	0.89701
79	34	0.89758
84	34	0.88367
85	34	0.91785
87	34	0.88295
92	34	0.90117
93	34	0.80783
95	34	0.88363
97	34	0.88792
104	34	0.88961
106	34	0.88809
107	34	0.89368
116	34	0.88598
120	34	0.88983
123	34	0.88229
127	34	0.87484
130	34	0.87522
4	35	0.86156
5	35	0.92525
7	35	0.91356
9	35	0.89799
12	35	0.83729
13	35	0.86127
15	35	0.84934
16	35	0.96611
18	35	0.92417
19	35	0.89497
20	35	0.86427
21	35	0.85484
24	35	0.86965
25	35	0.82435
26	35	0.88522
27	35	0.83001
28	35	0.89169
29	35	0.8214
31	35	0.84118
32	35	0.83054
33	35	0.89618
36	35	0.88288
37	35	0.92444
38	35	0.82878
40	35	0.8632
41	35	0.87142
46	35	0.88696
47	35	0.89319
48	35	0.82479
49	35	0.82834
53	35	0.81981
56	35	0.95225
62	35	0.82767
74	35	0.82202
79	35	0.81947
80	35	0.86269
81	35	0.84641
84	35	0.86519
85	35	0.88514
93	35	0.90715
95	35	0.84033
96	35	0.89963
97	35	0.88169
103	35	0.89831
104	35	0.85238
105	35	0.56654
107	35	0.82244
134	35	0.84028
143	35	0.8475
144	35	0.83448
148	35	0.8489
2	36	0.94342
5	36	0.94053
6	36	0.93651
7	36	0.95286
8	36	0.86519
9	36	0.83657
12	36	0.94233
13	36	0.96578
15	36	0.95692
16	36	0.8375
17	36	0.83486
18	36	0.96188
19	36	0.96746
20	36	0.98226
21	36	0.93652
22	36	0.89442
23	36	0.94609
24	36	0.92943
25	36	0.96885
26	36	0.97375
27	36	0.97165
28	36	0.95074
29	36	0.80846
31	36	0.96564
32	36	0.94982
33	36	0.96616
34	36	0.93621
35	36	0.88288
37	36	0.94938
38	36	0.96369
39	36	0.94478
40	36	0.95088
41	36	0.95171
42	36	0.95118
46	36	0.95403
47	36	0.91322
48	36	0.95993
52	36	0.95428
53	36	0.92623
54	36	0.95566
55	36	0.94804
56	36	0.87272
62	36	0.95627
69	36	0.93626
74	36	0.97973
75	36	0.93628
76	36	0.9404
78	36	0.96094
79	36	0.96803
80	36	0.9537
81	36	0.92483
84	36	0.93517
85	36	0.96262
87	36	0.94006
93	36	0.8743
95	36	0.96237
96	36	0.97211
97	36	0.95697
100	36	0.90297
103	36	0.95761
104	36	0.94826
106	36	0.93651
107	36	0.95179
116	36	0.92586
143	36	0.92141
148	36	0.94006
2	37	0.89806
5	37	0.90828
7	37	0.94953
9	37	0.85417
12	37	0.92026
13	37	0.92057
15	37	0.93331
16	37	0.8761
17	37	0.85081
18	37	0.94304
19	37	0.92972
20	37	0.95115
21	37	0.89796
23	37	0.91679
24	37	0.90671
25	37	0.92121
26	37	0.93125
27	37	0.91791
28	37	0.91322
29	37	0.82682
31	37	0.93715
32	37	0.89358
33	37	0.96273
35	37	0.92444
36	37	0.94938
38	37	0.89595
40	37	0.94256
41	37	0.92879
46	37	0.92595
47	37	0.87934
48	37	0.8938
54	37	0.89373
56	37	0.89374
60	37	0.89576
62	37	0.90866
74	37	0.9144
76	37	0.89768
78	37	0.92775
79	37	0.93037
80	37	0.93894
81	37	0.94133
82	37	0.9019
84	37	0.9248
85	37	0.91291
93	37	0.84515
95	37	0.91272
96	37	0.95853
97	37	0.93897
99	37	0.89927
100	37	0.91742
103	37	0.93303
105	37	0.43514
107	37	0.91527
134	37	0.90111
141	37	0.90523
143	37	0.90082
144	37	0.8843
148	37	0.92439
4	38	0.891
5	38	0.94309
6	38	0.95627
7	38	0.92184
13	38	0.95866
15	38	0.94711
16	38	0.81887
18	38	0.94854
19	38	0.96001
20	38	0.95113
21	38	0.95654
22	38	0.88471
23	38	0.95624
24	38	0.93445
25	38	0.97153
26	38	0.96531
27	38	0.98846
28	38	0.93456
29	38	0.78936
31	38	0.95905
33	38	0.96203
34	38	0.90635
35	38	0.82878
36	38	0.96369
37	38	0.89595
39	38	0.97945
40	38	0.92693
41	38	0.95233
42	38	0.96186
43	38	0.93453
47	38	0.93613
48	38	0.95951
49	38	0.93747
51	38	0.94979
52	38	0.93656
54	38	0.97867
56	38	0.87338
61	38	0.94594
62	38	0.96651
63	38	0.94331
64	38	0.95677
69	38	0.93594
70	38	0.94065
74	38	0.96179
81	38	0.90826
82	38	0.93677
85	38	0.93661
88	38	0.94049
92	38	0.95166
93	38	0.88746
95	38	0.97869
96	38	0.93867
97	38	0.94008
103	38	0.93118
104	38	0.97296
106	38	0.94928
107	38	0.93896
113	38	0.93633
120	38	0.94767
127	38	0.95301
128	38	0.90063
143	38	0.87545
146	38	0.93545
148	38	0.95395
150	38	0.94534
2	39	0.95303
4	39	0.89915
5	39	0.90076
6	39	0.97283
7	39	0.92713
13	39	0.9536
14	39	0.95405
15	39	0.93548
18	39	0.91986
19	39	0.93259
20	39	0.95023
21	39	0.90308
22	39	0.86964
23	39	0.95259
24	39	0.92457
25	39	0.97983
26	39	0.93826
27	39	0.98793
28	39	0.92738
29	39	0.71696
31	39	0.96902
33	39	0.93228
34	39	0.90669
36	39	0.94478
38	39	0.97945
40	39	0.90481
41	39	0.96066
42	39	0.97354
43	39	0.96554
44	39	0.93327
47	39	0.9004
48	39	0.9714
49	39	0.94888
51	39	0.9583
52	39	0.94375
54	39	0.98855
55	39	0.95752
56	39	0.81068
58	39	0.95873
59	39	0.94914
61	39	0.9782
62	39	0.97672
63	39	0.96527
64	39	0.97352
65	39	0.95717
67	39	0.95037
68	39	0.95928
69	39	0.9595
70	39	0.97272
72	39	0.96175
74	39	0.94662
75	39	0.96631
82	39	0.96747
85	39	0.93734
88	39	0.96489
90	39	0.96361
92	39	0.9779
93	39	0.82154
95	39	0.97937
97	39	0.9508
99	39	0.94081
102	39	0.92436
103	39	0.90788
104	39	0.97384
106	39	0.96702
107	39	0.96365
112	39	0.94595
113	39	0.96456
115	39	0.92981
117	39	0.95695
118	39	0.96076
119	39	0.94284
120	39	0.98284
121	39	0.95941
123	39	0.96789
125	39	0.93793
127	39	0.97774
128	39	0.92618
130	39	0.96404
131	39	0.94518
133	39	0.95467
139	39	0.96031
141	39	0.95419
143	39	0.86159
146	39	0.95752
148	39	0.9549
150	39	0.96908
2	40	0.92475
5	40	0.90442
7	40	0.90746
9	40	0.86387
13	40	0.91311
15	40	0.9663
16	40	0.85854
18	40	0.93627
19	40	0.97485
20	40	0.95004
21	40	0.92529
22	40	0.92283
23	40	0.93133
24	40	0.91206
25	40	0.94478
26	40	0.94742
27	40	0.94531
28	40	0.94911
29	40	0.81422
31	40	0.95189
33	40	0.95808
34	40	0.90386
35	40	0.8632
36	40	0.95088
37	40	0.94256
38	40	0.92693
39	40	0.90481
42	40	0.89739
46	40	0.94912
48	40	0.89317
54	40	0.91554
55	40	0.91681
56	40	0.87475
60	40	0.91168
62	40	0.89481
64	40	0.91915
74	40	0.94198
78	40	0.91394
79	40	0.90311
80	40	0.89781
82	40	0.90053
84	40	0.90801
85	40	0.92726
88	40	0.89255
93	40	0.86912
95	40	0.90946
96	40	0.93401
97	40	0.90744
99	40	0.93565
103	40	0.9007
104	40	0.90111
105	40	0.49075
107	40	0.90461
120	40	0.89208
134	40	0.89465
141	40	0.90556
148	40	0.90837
4	41	0.93282
5	41	0.92398
6	41	0.94527
7	41	0.95778
8	41	0.89398
9	41	0.8163
12	41	0.95286
13	41	0.96383
15	41	0.90628
16	41	0.82292
17	41	0.87304
18	41	0.94565
19	41	0.90989
20	41	0.96567
21	41	0.89086
23	41	0.9349
24	41	0.95312
25	41	0.96105
26	41	0.94803
27	41	0.96402
28	41	0.92742
29	41	0.74558
31	41	0.96068
32	41	0.95916
33	41	0.93049
34	41	0.87664
35	41	0.87142
36	41	0.95171
37	41	0.92879
38	41	0.95233
39	41	0.96066
42	41	0.94924
45	41	0.95638
46	41	0.93559
47	41	0.91452
48	41	0.9727
49	41	0.95743
50	41	0.87464
53	41	0.94121
54	41	0.95845
56	41	0.85044
62	41	0.97344
63	41	0.94749
73	41	0.847
74	41	0.93479
76	41	0.94352
77	41	0.94555
78	41	0.94665
79	41	0.95894
80	41	0.96104
81	41	0.95239
82	41	0.95563
84	41	0.95513
85	41	0.93597
87	41	0.94511
93	41	0.81991
95	41	0.97015
96	41	0.96658
97	41	0.97599
100	41	0.91036
101	41	0.94466
102	41	0.93883
103	41	0.93056
104	41	0.9594
106	41	0.95766
107	41	0.95708
108	41	0.94436
111	41	0.92719
112	41	0.9518
113	41	0.95759
114	41	0.94888
116	41	0.93678
120	41	0.94402
128	41	0.89983
133	41	0.94902
134	41	0.93979
139	41	0.95207
141	41	0.95823
143	41	0.87818
144	41	0.87644
146	41	0.95665
148	41	0.96595
2	42	0.95751
3	42	0.89044
5	42	0.88206
6	42	0.9811
7	42	0.923
10	42	0.80178
11	42	0.94401
13	42	0.95501
15	42	0.90619
17	42	0.82965
18	42	0.91483
19	42	0.9096
20	42	0.95578
21	42	0.87696
22	42	0.89315
25	42	0.96465
26	42	0.94215
27	42	0.96626
28	42	0.92963
29	42	0.73678
30	42	0.95278
31	42	0.97116
32	42	0.97124
33	42	0.90807
34	42	0.93722
36	42	0.95118
38	42	0.96186
39	42	0.97354
40	42	0.89739
41	42	0.94924
43	42	0.94821
44	42	0.95054
45	42	0.96478
48	42	0.9694
49	42	0.91248
51	42	0.96405
52	42	0.96705
53	42	0.94487
54	42	0.97123
55	42	0.96407
58	42	0.95551
61	42	0.96002
62	42	0.95532
63	42	0.98195
69	42	0.96237
70	42	0.9631
71	42	0.95416
72	42	0.95818
74	42	0.94328
75	42	0.97128
76	42	0.95177
79	42	0.96452
82	42	0.95765
84	42	0.94184
85	42	0.95049
86	42	0.94965
87	42	0.96738
88	42	0.9616
89	42	0.94862
91	42	0.96581
92	42	0.97985
95	42	0.9554
97	42	0.95704
98	42	0.94269
100	42	0.89946
102	42	0.92759
104	42	0.95154
106	42	0.97321
107	42	0.96513
110	42	0.96194
112	42	0.94563
113	42	0.95635
114	42	0.95539
115	42	0.93851
116	42	0.94771
118	42	0.95092
120	42	0.96764
121	42	0.95406
123	42	0.96554
127	42	0.95115
129	42	0.92827
130	42	0.96219
132	42	0.94761
133	42	0.95448
137	42	0.9172
142	42	0.93994
145	42	0.94999
146	42	0.95164
6	43	0.94383
11	43	0.93246
14	43	0.95085
27	43	0.94373
38	43	0.93453
39	43	0.96554
42	43	0.94821
44	43	0.9412
48	43	0.94877
49	43	0.91846
54	43	0.9479
58	43	0.9557
59	43	0.95702
61	43	0.97561
64	43	0.95077
65	43	0.952
67	43	0.94741
68	43	0.97428
69	43	0.94296
70	43	0.97851
71	43	0.97002
72	43	0.9541
83	43	0.96717
87	43	0.94381
88	43	0.95188
89	43	0.96245
90	43	0.97293
91	43	0.95597
92	43	0.9673
102	43	0.92912
106	43	0.95306
109	43	0.95152
110	43	0.95429
112	43	0.94837
113	43	0.94763
115	43	0.9294
117	43	0.97882
118	43	0.96758
119	43	0.95993
120	43	0.95044
121	43	0.95249
122	43	0.91099
123	43	0.95126
125	43	0.95903
126	43	0.93931
127	43	0.96568
128	43	0.90032
129	43	0.94223
130	43	0.96662
131	43	0.96364
132	43	0.94261
133	43	0.94622
135	43	0.93207
136	43	0.96385
138	43	0.94978
139	43	0.96914
140	43	0.89834
142	43	0.95571
145	43	0.96839
146	43	0.95017
147	43	0.95088
149	43	0.80469
150	43	0.95602
6	44	0.95033
11	44	0.93335
22	44	0.88759
34	44	0.8987
39	44	0.93327
42	44	0.95054
43	44	0.9412
48	44	0.92179
51	44	0.95123
52	44	0.95088
58	44	0.94812
59	44	0.9469
61	44	0.9371
63	44	0.92444
67	44	0.93487
68	44	0.93882
69	44	0.92696
70	44	0.95233
71	44	0.96019
72	44	0.96392
83	44	0.95852
86	44	0.93628
87	44	0.92443
89	44	0.95006
90	44	0.92308
91	44	0.95472
92	44	0.96973
98	44	0.92295
104	44	0.92244
106	44	0.92701
109	44	0.95576
110	44	0.94986
113	44	0.92895
115	44	0.96165
118	44	0.93111
119	44	0.93964
121	44	0.93259
122	44	0.93395
123	44	0.93623
124	44	0.94126
125	44	0.95697
127	44	0.94421
129	44	0.96335
130	44	0.95167
131	44	0.93525
136	44	0.93949
138	44	0.92829
140	44	0.91614
142	44	0.93867
145	44	0.95908
146	44	0.93141
147	44	0.9376
149	44	0.85402
150	44	0.95572
2	45	0.93882
3	45	0.92826
6	45	0.94829
7	45	0.92604
8	45	0.87591
10	45	0.86828
11	45	0.94707
12	45	0.9585
13	45	0.93385
17	45	0.89945
20	45	0.95086
30	45	0.96592
31	45	0.95512
32	45	0.9775
34	45	0.88122
41	45	0.95638
42	45	0.96478
48	45	0.96719
50	45	0.85452
52	45	0.93701
53	45	0.94873
55	45	0.9651
57	45	0.90564
58	45	0.95176
60	45	0.95645
63	45	0.95453
69	45	0.95272
71	45	0.95975
73	45	0.86775
75	45	0.95979
76	45	0.95624
77	45	0.95268
78	45	0.9472
79	45	0.97101
80	45	0.93658
82	45	0.95528
84	45	0.96715
85	45	0.93525
86	45	0.95276
87	45	0.98135
88	45	0.94878
91	45	0.97365
92	45	0.95716
94	45	0.95932
97	45	0.96321
98	45	0.96529
100	45	0.92994
101	45	0.95332
102	45	0.94621
106	45	0.9657
107	45	0.9622
108	45	0.96611
110	45	0.97976
111	45	0.92668
112	45	0.96832
113	45	0.96541
114	45	0.98928
116	45	0.96988
118	45	0.95696
120	45	0.95015
123	45	0.96107
124	45	0.94187
126	45	0.92271
130	45	0.95718
132	45	0.97817
133	45	0.95881
134	45	0.92014
135	45	0.93331
137	45	0.94861
138	45	0.96017
139	45	0.95909
140	45	0.8923
141	45	0.95799
142	45	0.94859
144	45	0.88728
145	45	0.94218
146	45	0.95218
4	46	0.92421
5	46	0.92115
7	46	0.9347
9	46	0.89512
12	46	0.95439
13	46	0.93757
14	46	0.94958
15	46	0.93009
16	46	0.85717
18	46	0.94582
19	46	0.94577
20	46	0.9662
21	46	0.89366
22	46	0.88454
23	46	0.93416
24	46	0.97403
25	46	0.95848
26	46	0.94769
27	46	0.95058
28	46	0.96661
29	46	0.73621
31	46	0.9611
32	46	0.93291
33	46	0.92349
35	46	0.88696
36	46	0.95403
37	46	0.92595
40	46	0.94912
41	46	0.93559
47	46	0.88792
48	46	0.95745
50	46	0.84764
55	46	0.94884
56	46	0.85615
57	46	0.92741
60	46	0.94781
62	46	0.93694
64	46	0.94205
67	46	0.92768
69	46	0.92916
74	46	0.95646
77	46	0.94253
