3	2	0.83706
7	2	0.90672
8	2	0.90223
9	2	0.76182
11	2	0.87705
12	2	0.90442
15	2	0.94034
19	2	0.89253
20	2	0.92982
21	2	0.85682
22	2	0.88774
23	2	0.91797
25	2	0.94342
26	2	0.89854
27	2	0.94173
28	2	0.88522
29	2	0.75713
30	2	0.927
31	2	0.96554
33	2	0.91259
34	2	0.87601
35	2	0.79971
36	2	0.94654
37	2	0.9183
38	2	0.93008
39	2	0.9217
40	2	0.89238
42	2	0.95503
45	2	0.9531
48	2	0.92458
50	2	0.83666
52	2	0.92479
53	2	0.92642
55	2	0.93868
57	2	0.87912
58	2	0.92638
60	2	0.92134
62	2	0.94488
65	2	0.92786
69	2	0.91837
70	2	0.93019
72	2	0.91689
73	2	0.88847
74	2	0.9366
75	2	0.97149
76	2	0.95742
78	2	0.9016
79	2	0.95571
80	2	0.88328
81	2	0.91092
82	2	0.95524
84	2	0.89315
87	2	0.96815
88	2	0.93132
91	2	0.92468
97	2	0.9271
98	2	0.91999
99	2	0.91716
100	2	0.92598
102	2	0.87787
106	2	0.94345
107	2	0.97718
108	2	0.95869
110	2	0.93303
113	2	0.91931
114	2	0.96637
116	2	0.92561
118	2	0.91997
120	2	0.91639
123	2	0.9534
132	2	0.95165
135	2	0.92483
137	2	0.90798
138	2	0.94984
141	2	0.94018
144	2	0.8535
2	3	0.83706
6	3	0.77623
7	3	0.77119
8	3	0.87873
11	3	0.85994
12	3	0.82214
14	3	0.79824
20	3	0.81328
22	3	0.8058
28	3	0.75787
30	3	0.82824
31	3	0.78251
32	3	0.78791
34	3	0.85308
36	3	0.84025
42	3	0.8086
45	3	0.8597
48	3	0.81185
50	3	0.7698
52	3	0.86511
57	3	0.78325
58	3	0.77452
70	3	0.76751
71	3	0.76592
73	3	0.87499
74	3	0.82469
75	3	0.79831
77	3	0.76173
79	3	0.80832
85	3	0.77346
87	3	0.82742
89	3	0.76272
91	3	0.76104
92	3	0.7548
94	3	0.76842
100	3	0.75432
107	3	0.81931
108	3	0.78488
110	3	0.85494
111	3	0.76669
112	3	0.78031
114	3	0.87151
116	3	0.8343
123	3	0.75984
132	3	0.85642
135	3	0.77773
137	3	0.8221
138	3	0.76255
139	3	0.75494
141	3	0.78376
5	4	0.81677
6	4	0.91114
7	4	0.84752
8	4	0.79221
11	4	0.86691
13	4	0.83827
14	4	0.83956
17	4	0.74418
18	4	0.83173
20	4	0.8736
24	4	0.88527
26	4	0.78309
30	4	0.83477
31	4	0.79117
32	4	0.80193
39	4	0.79123
41	4	0.8781
43	4	0.78479
45	4	0.80426
47	4	0.87815
48	4	0.82616
49	4	0.89419
50	4	0.8445
54	4	0.78432
56	4	0.78723
57	4	0.81898
63	4	0.78986
70	4	0.77951
77	4	0.81115
83	4	0.82383
85	4	0.80488
95	4	0.84147
96	4	0.79184
97	4	0.82854
101	4	0.8008
103	4	0.82614
104	4	0.82273
105	4	0.54008
107	4	0.78374
110	4	0.83285
111	4	0.8672
112	4	0.81048
113	4	0.79085
116	4	0.81365
128	4	0.84077
130	4	0.77717
133	4	0.82031
139	4	0.84132
141	4	0.79337
143	4	0.89006
146	4	0.81356
148	4	0.87899
4	5	0.81677
6	5	0.85449
7	5	0.93973
8	5	0.86441
10	5	0.84003
11	5	0.87399
12	5	0.93054
13	5	0.92373
15	5	0.85664
16	5	0.88592
17	5	0.89067
18	5	0.97498
20	5	0.92075
24	5	0.91202
25	5	0.87801
26	5	0.87206
29	5	0.77252
30	5	0.86636
32	5	0.91085
35	5	0.80067
37	5	0.87541
41	5	0.92461
45	5	0.87544
47	5	0.8694
50	5	0.89196
53	5	0.85346
56	5	0.95503
57	5	0.9187
62	5	0.85462
69	5	0.86366
77	5	0.89158
78	5	0.92179
79	5	0.91391
80	5	0.96128
81	5	0.90615
84	5	0.94461
85	5	0.92546
93	5	0.79985
95	5	0.85907
96	5	0.93095
97	5	0.89888
101	5	0.93317
102	5	0.90023
103	5	0.93565
104	5	0.87015
107	5	0.86055
111	5	0.86321
116	5	0.92914
133	5	0.90404
134	5	0.89879
139	5	0.88378
141	5	0.8652
143	5	0.88351
144	5	0.83789
146	5	0.87067
148	5	0.93126
3	6	0.77623
4	6	0.91114
5	6	0.85449
7	6	0.90022
10	6	0.68684
11	6	0.92083
13	6	0.92878
14	6	0.92937
17	6	0.72905
18	6	0.89616
20	6	0.92577
24	6	0.90221
30	6	0.95903
31	6	0.91919
32	6	0.92095
38	6	0.91401
39	6	0.93899
41	6	0.94228
42	6	0.92955
43	6	0.93184
44	6	0.91378
45	6	0.92112
47	6	0.91349
48	6	0.93379
49	6	0.94934
54	6	0.92801
62	6	0.92138
63	6	0.94207
66	6	0.91148
70	6	0.9423
72	6	0.9246
77	6	0.93469
83	6	0.95088
88	6	0.94027
89	6	0.92557
91	6	0.91353
92	6	0.93202
93	6	0.77155
94	6	0.92514
95	6	0.94614
97	6	0.93519
103	6	0.89617
104	6	0.93993
105	6	0.50015
107	6	0.92282
109	6	0.91206
110	6	0.95262
111	6	0.91093
112	6	0.93723
113	6	0.93379
117	6	0.91186
118	6	0.9237
120	6	0.91118
123	6	0.92297
127	6	0.9104
128	6	0.90084
130	6	0.93452
133	6	0.93653
139	6	0.9402
140	6	0.89921
142	6	0.91182
143	6	0.87192
145	6	0.91144
146	6	0.94321
148	6	0.94654
150	6	0.91224
2	7	0.90672
3	7	0.77119
4	7	0.84752
5	7	0.93973
6	7	0.90022
8	7	0.91397
9	7	0.74975
10	7	0.83911
11	7	0.92887
12	7	0.95265
13	7	0.95723
15	7	0.89714
16	7	0.89598
17	7	0.88419
18	7	0.95091
20	7	0.9443
22	7	0.81402
24	7	0.92037
25	7	0.92402
27	7	0.89631
30	7	0.91814
32	7	0.93972
34	7	0.8001
35	7	0.81248
37	7	0.91208
41	7	0.94931
42	7	0.9012
45	7	0.93946
47	7	0.87326
50	7	0.90796
53	7	0.89181
56	7	0.91248
57	7	0.9217
62	7	0.89619
63	7	0.91362
73	7	0.87504
77	7	0.90964
78	7	0.90077
79	7	0.94027
80	7	0.95063
81	7	0.924
84	7	0.94863
85	7	0.94428
93	7	0.79404
95	7	0.89966
96	7	0.93488
97	7	0.9529
100	7	0.88146
101	7	0.94162
102	7	0.89879
103	7	0.9352
105	7	0.5256
107	7	0.93553
110	7	0.90133
114	7	0.91843
116	7	0.94243
132	7	0.89781
133	7	0.90504
134	7	0.90331
139	7	0.91362
141	7	0.91368
143	7	0.90685
144	7	0.84586
146	7	0.9005
148	7	0.94888
2	8	0.90223
3	8	0.87873
4	8	0.79221
5	8	0.86441
7	8	0.91397
10	8	0.73584
11	8	0.87931
12	8	0.90305
13	8	0.87366
15	8	0.85632
17	8	0.78546
18	8	0.87159
20	8	0.91427
22	8	0.81774
29	8	0.79538
30	8	0.87807
31	8	0.86515
32	8	0.88225
33	8	0.85134
34	8	0.87481
35	8	0.87017
36	8	0.91758
37	8	0.89554
41	8	0.86091
42	8	0.86986
45	8	0.90297
48	8	0.86048
50	8	0.85
52	8	0.88614
53	8	0.89663
57	8	0.8755
62	8	0.87068
73	8	0.90292
74	8	0.86628
75	8	0.87272
76	8	0.87113
77	8	0.85884
78	8	0.85246
79	8	0.9305
80	8	0.88592
81	8	0.85702
84	8	0.85651
85	8	0.87304
87	8	0.85662
96	8	0.86207
97	8	0.87181
103	8	0.89835
107	8	0.91824
110	8	0.87332
114	8	0.90583
116	8	0.90961
132	8	0.89144
133	8	0.85712
143	8	0.89586
148	8	0.85009
2	9	0.76182
7	9	0.74975
12	9	0.74433
14	9	0.76263
15	9	0.80254
16	9	0.83232
19	9	0.86472
20	9	0.77905
21	9	0.74507
22	9	0.87071
24	9	0.80517
25	9	0.78699
26	9	0.78796
27	9	0.79527
28	9	0.93266
29	9	0.78063
31	9	0.81579
32	9	0.75583
33	9	0.80731
34	9	0.73999
35	9	0.80346
36	9	0.8168
37	9	0.83015
38	9	0.7721
40	9	0.841
42	9	0.75074
45	9	0.74216
46	9	0.87168
48	9	0.80643
50	9	0.74191
51	9	0.74015
52	9	0.77251
55	9	0.77769
56	9	0.74349
60	9	0.73997
66	9	0.75204
74	9	0.82798
84	9	0.74683
85	9	0.81701
87	9	0.78834
93	9	0.82558
96	9	0.80789
97	9	0.78093
99	9	0.74756
105	9	0.68802
107	9	0.7664
111	9	0.74761
112	9	0.73916
134	9	0.75365
141	9	0.77828
144	9	0.7557
5	10	0.84003
6	10	0.68684
7	10	0.83911
8	10	0.73584
11	10	0.84138
12	10	0.86603
13	10	0.80218
17	10	0.94143
18	10	0.80643
20	10	0.76698
24	10	0.77764
25	10	0.76388
30	10	0.77487
32	10	0.7962
37	10	0.72323
41	10	0.77738
42	10	0.69526
45	10	0.77726
50	10	0.8053
56	10	0.83404
57	10	0.8409
63	10	0.72356
69	10	0.68506
73	10	0.79596
77	10	0.7176
78	10	0.78754
79	10	0.78878
80	10	0.86492
81	10	0.74126
84	10	0.84793
85	10	0.77805
94	10	0.69807
96	10	0.79013
97	10	0.74288
100	10	0.73997
101	10	0.8284
102	10	0.79673
103	10	0.7373
107	10	0.70539
110	10	0.72624
111	10	0.71374
114	10	0.74183
116	10	0.82672
132	10	0.75134
133	10	0.73925
134	10	0.75562
139	10	0.75926
141	10	0.71335
143	10	0.76278
148	10	0.78456
2	11	0.87705
3	11	0.85994
4	11	0.86691
5	11	0.87399
6	11	0.92083
7	11	0.92887
8	11	0.87931
10	11	0.84138
12	11	0.91923
13	11	0.89858
14	11	0.89271
17	11	0.87106
18	11	0.88954
20	11	0.90807
24	11	0.89536
25	11	0.88968
30	11	0.9535
32	11	0.91547
34	11	0.76612
41	11	0.91642
42	11	0.894
43	11	0.88443
45	11	0.94177
50	11	0.89995
56	11	0.82528
57	11	0.89754
63	11	0.89615
70	11	0.89929
73	11	0.86464
77	11	0.90085
79	11	0.90394
80	11	0.8934
83	11	0.87485
84	11	0.90552
85	11	0.8924
87	11	0.8917
89	11	0.87692
94	11	0.89403
97	11	0.89766
101	11	0.91913
102	11	0.884
107	11	0.90327
108	11	0.8796
110	11	0.9418
111	11	0.8934
112	11	0.87596
113	11	0.88075
114	11	0.93379
116	11	0.94194
118	11	0.88759
123	11	0.87534
130	11	0.87952
132	11	0.92236
133	11	0.90048
139	11	0.92696
141	11	0.89559
143	11	0.85375
146	11	0.8997
148	11	0.93461
2	12	0.90442
3	12	0.82214
5	12	0.93054
7	12	0.95265
8	12	0.90305
9	12	0.74433
10	12	0.86603
11	12	0.91923
13	12	0.92326
16	12	0.83373
17	12	0.89879
18	12	0.93234
20	12	0.93788
24	12	0.91534
25	12	0.9198
30	12	0.89811
32	12	0.94146
34	12	0.82822
35	12	0.82963
36	12	0.89495
37	12	0.91373
41	12	0.92167
42	12	0.89088
45	12	0.94816
50	12	0.90992
52	12	0.8374
56	12	0.88255
57	12	0.96014
63	12	0.87898
73	12	0.92646
77	12	0.90818
78	12	0.93683
79	12	0.95594
80	12	0.98118
81	12	0.9036
84	12	0.97424
85	12	0.94647
87	12	0.89656
96	12	0.94557
97	12	0.90851
100	12	0.92468
101	12	0.95485
102	12	0.92109
103	12	0.90667
106	12	0.8781
107	12	0.91049
108	12	0.88306
110	12	0.90699
111	12	0.90636
114	12	0.93301
116	12	0.96338
132	12	0.94064
133	12	0.89534
134	12	0.93476
139	12	0.89598
141	12	0.92445
143	12	0.84727
144	12	0.87385
148	12	0.92466
4	13	0.83827
5	13	0.92373
6	13	0.92878
7	13	0.95723
8	13	0.87366
10	13	0.80218
11	13	0.89858
12	13	0.92326
15	13	0.9223
16	13	0.8689
17	13	0.79984
18	13	0.95654
19	13	0.86183
20	13	0.94836
21	13	0.86411
24	13	0.94963
25	13	0.95523
26	13	0.89532
27	13	0.94506
28	13	0.88029
30	13	0.91714
31	13	0.92153
32	13	0.95718
33	13	0.91748
36	13	0.89013
37	13	0.89308
38	13	0.94038
39	13	0.94734
40	13	0.86497
41	13	0.96608
42	13	0.94411
45	13	0.92966
46	13	0.90322
47	13	0.92097
49	13	0.92204
50	13	0.88765
54	13	0.95345
56	13	0.91501
57	13	0.91968
62	13	0.93356
63	13	0.95368
70	13	0.92536
73	13	0.83327
77	13	0.92763
78	13	0.91811
79	13	0.92894
80	13	0.94429
81	13	0.92042
82	13	0.92445
84	13	0.93671
85	13	0.95377
93	13	0.82978
95	13	0.9659
96	13	0.95772
97	13	0.97015
101	13	0.92589
103	13	0.94892
104	13	0.91799
105	13	0.49028
107	13	0.93885
111	13	0.89846
113	13	0.91696
116	13	0.91621
128	13	0.89475
133	13	0.93406
134	13	0.91974
139	13	0.93165
141	13	0.92966
143	13	0.89743
146	13	0.92117
148	13	0.95539
3	14	0.79824
4	14	0.83956
6	14	0.92937
9	14	0.76263
11	14	0.89271
15	14	0.90377
19	14	0.86377
20	14	0.93532
22	14	0.82883
24	14	0.93812
25	14	0.94515
27	14	0.93671
28	14	0.91192
31	14	0.9368
32	14	0.92534
38	14	0.92969
39	14	0.94686
41	14	0.91708
46	14	0.93524
47	14	0.85977
48	14	0.97315
49	14	0.90316
50	14	0.85638
54	14	0.9303
55	14	0.93312
57	14	0.89895
58	14	0.95901
59	14	0.92838
61	14	0.93994
62	14	0.93288
64	14	0.9334
66	14	0.93999
67	14	0.94432
70	14	0.9615
74	14	0.89704
77	14	0.94901
82	14	0.92825
83	14	0.94555
85	14	0.9224
87	14	0.9561
88	14	0.9348
90	14	0.94311
91	14	0.93396
92	14	0.95697
93	14	0.78811
94	14	0.93557
95	14	0.93684
96	14	0.92289
99	14	0.94274
104	14	0.93608
105	14	0.49035
109	14	0.93392
110	14	0.95115
111	14	0.95442
113	14	0.93326
117	14	0.93724
118	14	0.94047
123	14	0.93064
125	14	0.91686
128	14	0.92807
130	14	0.94692
131	14	0.92243
133	14	0.93943
134	14	0.93087
136	14	0.92649
138	14	0.94307
139	14	0.93497
141	14	0.9529
143	14	0.84654
146	14	0.93052
147	14	0.93158
148	14	0.94038
150	14	0.94603
2	15	0.94034
5	15	0.85664
7	15	0.89714
8	15	0.85632
9	15	0.80254
13	15	0.9223
14	15	0.90377
16	15	0.87981
18	15	0.90961
19	15	0.94638
20	15	0.93916
21	15	0.91232
22	15	0.87034
23	15	0.95458
24	15	0.90157
25	15	0.95402
26	15	0.94392
27	15	0.96239
28	15	0.928
29	15	0.83417
31	15	0.96244
33	15	0.98022
34	15	0.78536
35	15	0.78572
36	15	0.92523
37	15	0.93628
38	15	0.95428
39	15	0.93066
40	15	0.95774
42	15	0.91937
46	15	0.93863
47	15	0.87993
48	15	0.92865
50	15	0.83646
51	15	0.90491
52	15	0.85515
53	15	0.90572
54	15	0.91875
55	15	0.9428
56	15	0.84459
58	15	0.90215
60	15	0.90334
62	15	0.95181
64	15	0.91749
73	15	0.81442
74	15	0.93119
75	15	0.91785
76	15	0.9249
79	15	0.91377
81	15	0.93004
82	15	0.95141
85	15	0.91308
87	15	0.92651
88	15	0.90462
93	15	0.87741
95	15	0.93241
96	15	0.93075
97	15	0.94639
99	15	0.91324
103	15	0.8904
104	15	0.90678
107	15	0.94347
108	15	0.90638
120	15	0.91873
123	15	0.91269
138	15	0.90314
141	15	0.92601
143	15	0.86334
144	15	0.85081
5	16	0.88592
7	16	0.89598
9	16	0.83232
12	16	0.83373
13	16	0.8689
15	16	0.87981
18	16	0.89884
19	16	0.84684
20	16	0.86806
24	16	0.87225
25	16	0.85922
26	16	0.9052
27	16	0.84888
28	16	0.88571
29	16	0.83516
31	16	0.83817
32	16	0.84566
33	16	0.89839
35	16	0.82421
36	16	0.82811
37	16	0.8958
38	16	0.84597
40	16	0.86572
41	16	0.85398
45	16	0.81503
46	16	0.87871
47	16	0.86236
53	16	0.86197
56	16	0.90485
60	16	0.82537
62	16	0.83045
79	16	0.82143
80	16	0.85452
81	16	0.86641
84	16	0.86723
85	16	0.90078
93	16	0.88832
95	16	0.82941
96	16	0.89805
97	16	0.90725
101	16	0.87087
103	16	0.85547
104	16	0.83532
105	16	0.62151
107	16	0.83925
116	16	0.8173
134	16	0.85033
141	16	0.8445
144	16	0.86955
146	16	0.825
148	16	0.86581
4	17	0.74418
5	17	0.89067
6	17	0.72905
7	17	0.88419
8	17	0.78546
10	17	0.94143
11	17	0.87106
12	17	0.89879
13	17	0.79984
18	17	0.84206
20	17	0.80093
24	17	0.78552
25	17	0.74606
30	17	0.80817
32	17	0.79533
37	17	0.7398
41	17	0.82177
45	17	0.80844
50	17	0.83968
56	17	0.83454
57	17	0.85438
63	17	0.73947
73	17	0.81582
77	17	0.75644
78	17	0.80496
79	17	0.82626
80	17	0.88988
81	17	0.7883
84	17	0.87533
85	17	0.78399
96	17	0.78688
97	17	0.75834
100	17	0.7832
101	17	0.87793
102	17	0.86539
103	17	0.77925
107	17	0.73798
110	17	0.76966
111	17	0.76074
114	17	0.79086
116	17	0.88255
132	17	0.79432
133	17	0.76923
134	17	0.7769
139	17	0.79496
141	17	0.73928
143	17	0.77611
144	17	0.7348
146	17	0.73936
148	17	0.82742
4	18	0.83173
5	18	0.97498
6	18	0.89616
7	18	0.95091
8	18	0.87159
10	18	0.80643
11	18	0.88954
12	18	0.93234
13	18	0.95654
15	18	0.90961
16	18	0.89884
17	18	0.84206
20	18	0.95049
24	18	0.94774
25	18	0.93161
26	18	0.91994
27	18	0.90535
28	18	0.87812
29	18	0.78535
30	18	0.89341
31	18	0.89249
32	18	0.94123
33	18	0.90547
35	18	0.80501
37	18	0.91634
38	18	0.89761
41	18	0.95676
42	18	0.89295
45	18	0.90428
46	18	0.90726
47	18	0.90593
49	18	0.88473
50	18	0.8827
56	18	0.95835
57	18	0.92445
62	18	0.90482
69	18	0.89478
77	18	0.92217
78	18	0.94036
79	18	0.93257
80	18	0.96253
81	18	0.93793
84	18	0.95522
85	18	0.94556
93	18	0.84792
95	18	0.91459
96	18	0.96936
97	18	0.94275
100	18	0.87773
101	18	0.94365
102	18	0.89065
103	18	0.95504
104	18	0.91786
107	18	0.90014
111	18	0.9025
116	18	0.93013
133	18	0.93311
134	18	0.93294
139	18	0.90467
141	18	0.91111
143	18	0.89981
144	18	0.84101
146	18	0.90863
148	18	0.96241
2	19	0.89253
9	19	0.86472
13	19	0.86183
14	19	0.86377
15	19	0.94638
16	19	0.84684
20	19	0.85946
21	19	0.94538
22	19	0.8872
23	19	0.92603
25	19	0.90702
26	19	0.90593
27	19	0.945
28	19	0.94537
29	19	0.80687
31	19	0.93958
33	19	0.95103
34	19	0.77964
35	19	0.78914
36	19	0.92906
37	19	0.89434
38	19	0.94304
39	19	0.89759
40	19	0.95604
42	19	0.89433
46	19	0.94059
47	19	0.8532
48	19	0.91965
51	19	0.89919
52	19	0.84939
54	19	0.88137
55	19	0.92425
58	19	0.88062
60	19	0.85619
61	19	0.87299
62	19	0.91577
64	19	0.89509
74	19	0.94252
75	19	0.86398
76	19	0.85759
82	19	0.89509
85	19	0.86731
87	19	0.90092
88	19	0.86646
92	19	0.87644
93	19	0.89658
95	19	0.89654
96	19	0.88212
97	19	0.89029
99	19	0.88504
104	19	0.86541
105	19	0.5055
107	19	0.89794
120	19	0.87203
123	19	0.86561
141	19	0.87877
150	19	0.88238
2	20	0.92982
3	20	0.81328
4	20	0.8736
5	20	0.92075
6	20	0.92577
7	20	0.9443
8	20	0.91427
9	20	0.77905
10	20	0.76698
11	20	0.90807
12	20	0.93788
13	20	0.94836
14	20	0.93532
15	20	0.93916
16	20	0.86806
17	20	0.80093
18	20	0.95049
19	20	0.85946
21	20	0.84882
22	20	0.84336
24	20	0.94862
25	20	0.94339
26	20	0.93752
27	20	0.9233
28	20	0.9047
29	20	0.82167
30	20	0.92859
31	20	0.94446
32	20	0.93776
33	20	0.92552
34	20	0.78896
35	20	0.81525
36	20	0.92277
37	20	0.91977
38	20	0.92247
40	20	0.88006
41	20	0.95387
42	20	0.9223
45	20	0.95274
46	20	0.91698
47	20	0.8878
48	20	0.93652
49	20	0.87857
50	20	0.89746
52	20	0.84629
53	20	0.91671
56	20	0.87232
57	20	0.93369
62	20	0.92566
73	20	0.88276
74	20	0.90143
77	20	0.93058
78	20	0.9187
79	20	0.94587
80	20	0.93221
81	20	0.94194
82	20	0.92163
84	20	0.93508
85	20	0.94614
87	20	0.92917
93	20	0.81592
95	20	0.92904
96	20	0.95268
97	20	0.95827
100	20	0.90847
101	20	0.93971
102	20	0.88789
103	20	0.9325
104	20	0.924
107	20	0.94086
110	20	0.93829
111	20	0.94609
114	20	0.93435
116	20	0.95788
132	20	0.90875
133	20	0.92879
134	20	0.92651
139	20	0.92957
141	20	0.94935
143	20	0.91488
144	20	0.8598
148	20	0.95488
2	21	0.85682
9	21	0.74507
13	21	0.86411
15	21	0.91232
19	21	0.94538
20	21	0.84882
23	21	0.92581
25	21	0.85534
26	21	0.88955
27	21	0.91467
28	21	0.86047
29	21	0.80318
31	21	0.91033
33	21	0.92974
35	21	0.77571
36	21	0.91872
38	21	0.94916
39	21	0.89147
40	21	0.88797
42	21	0.88666
46	21	0.86389
47	21	0.8977
48	21	0.89543
51	21	0.87289
53	21	0.85478
54	21	0.89722
55	21	0.86001
58	21	0.84311
61	21	0.86724
62	21	0.91701
64	21	0.88563
70	21	0.84747
74	21	0.9059
75	21	0.86598
76	21	0.86012
82	21	0.87612
87	21	0.85819
88	21	0.87207
92	21	0.86186
93	21	0.84039
95	21	0.91374
96	21	0.84093
97	21	0.86895
99	21	0.84414
103	21	0.86863
104	21	0.87291
107	21	0.88402
108	21	0.8546
113	21	0.84973
120	21	0.85716
123	21	0.84558
127	21	0.8655
141	21	0.84563
150	21	0.86699
2	22	0.88774
3	22	0.8058
7	22	0.81402
8	22	0.81774
9	22	0.87071
14	22	0.82883
15	22	0.87034
19	22	0.8872
20	22	0.84336
25	22	0.85769
26	22	0.88639
27	22	0.86326
28	22	0.90671
29	22	0.77112
31	22	0.88375
33	22	0.86184
34	22	0.86769
35	22	0.76698
36	22	0.89058
37	22	0.86905
38	22	0.84662
40	22	0.87625
42	22	0.85718
45	22	0.83221
46	22	0.86443
48	22	0.86161
51	22	0.86797
52	22	0.91373
53	22	0.83816
55	22	0.86072
58	22	0.83364
60	22	0.8205
62	22	0.83827
73	22	0.81766
74	22	0.91747
75	22	0.83731
76	22	0.814
79	22	0.83646
82	22	0.81731
85	22	0.84461
87	22	0.88643
93	22	0.80689
96	22	0.82756
97	22	0.82795
98	22	0.81926
107	22	0.87362
108	22	0.83778
110	22	0.81889
114	22	0.85718
116	22	0.81787
123	22	0.83243
132	22	0.82799
138	22	0.81485
141	22	0.8339
2	23	0.91797
15	23	0.95458
19	23	0.92603
21	23	0.92581
25	23	0.923
26	23	0.89336
27	23	0.95518
31	23	0.95438
33	23	0.94976
36	23	0.89089
38	23	0.96017
39	23	0.94994
40	23	0.9213
42	23	0.91104
46	23	0.89903
47	23	0.85326
48	23	0.92567
51	23	0.92053
54	23	0.9503
55	23	0.94853
58	23	0.92602
60	23	0.90283
61	23	0.93833
62	23	0.9581
64	23	0.972
65	23	0.93794
68	23	0.92283
69	23	0.90612
70	23	0.91834
74	23	0.89708
75	23	0.93561
76	23	0.92458
81	23	0.90505
82	23	0.96563
87	23	0.92126
88	23	0.94121
90	23	0.90945
91	23	0.90677
92	23	0.92727
93	23	0.79937
95	23	0.93567
97	23	0.91046
99	23	0.92595
104	23	0.90887
106	23	0.9143
107	23	0.92173
108	23	0.92327
109	23	0.9045
113	23	0.9073
118	23	0.90498
120	23	0.94997
121	23	0.93365
123	23	0.92989
138	23	0.91671
141	23	0.903
150	23	0.92814
4	24	0.88527
5	24	0.91202
6	24	0.90221
7	24	0.92037
9	24	0.80517
10	24	0.77764
11	24	0.89536
12	24	0.91534
13	24	0.94963
14	24	0.93812
15	24	0.90157
16	24	0.87225
17	24	0.78552
18	24	0.94774
20	24	0.94862
25	24	0.94409
26	24	0.89794
27	24	0.92371
28	24	0.92094
29	24	0.74476
31	24	0.90186
32	24	0.91917
33	24	0.89513
38	24	0.90834
39	24	0.90908
41	24	0.95511
45	24	0.89903
46	24	0.93972
47	24	0.90881
48	24	0.91401
49	24	0.90702
50	24	0.91296
54	24	0.90232
56	24	0.9188
57	24	0.92025
77	24	0.90924
80	24	0.91624
81	24	0.90663
84	24	0.91904
85	24	0.93731
93	24	0.84835
95	24	0.92995
96	24	0.96479
97	24	0.93412
99	24	0.90414
101	24	0.921
103	24	0.91478
104	24	0.90133
105	24	0.56499
111	24	0.94933
113	24	0.89787
116	24	0.89565
128	24	0.91783
133	24	0.90287
134	24	0.94735
139	24	0.91457
141	24	0.93583
143	24	0.88825
146	24	0.90341
148	24	0.96377
2	25	0.94342
5	25	0.87801
7	25	0.92402
9	25	0.78699
10	25	0.76388
11	25	0.88968
12	25	0.9198
13	25	0.95523
14	25	0.94515
15	25	0.95402
16	25	0.85922
17	25	0.74606
18	25	0.93161
19	25	0.90702
20	25	0.94339
21	25	0.85534
22	25	0.85769
23	25	0.923
24	25	0.94409
26	25	0.92595
27	25	0.98154
28	25	0.93369
29	25	0.74725
31	25	0.95656
32	25	0.94452
33	25	0.94574
34	25	0.76701
36	25	0.9067
37	25	0.93222
38	25	0.95536
39	25	0.95978
40	25	0.92519
41	25	0.93326
42	25	0.95684
45	25	0.9446
46	25	0.95452
47	25	0.85361
48	25	0.94031
50	25	0.87194
51	25	0.92277
52	25	0.83909
54	25	0.94333
55	25	0.94774
56	25	0.87401
57	25	0.89389
58	25	0.93018
60	25	0.91775
62	25	0.95481
63	25	0.92065
64	25	0.93945
70	25	0.94547
73	25	0.84434
74	25	0.9211
76	25	0.92441
77	25	0.92982
78	25	0.92952
79	25	0.94161
80	25	0.92415
81	25	0.94689
82	25	0.95838
84	25	0.9298
85	25	0.94504
87	25	0.96475
93	25	0.83821
94	25	0.92466
95	25	0.94068
96	25	0.96723
97	25	0.96432
99	25	0.94272
100	25	0.90893
101	25	0.92939
102	25	0.88667
103	25	0.90104
107	25	0.94793
108	25	0.93906
111	25	0.91567
113	25	0.93431
114	25	0.93025
116	25	0.91604
118	25	0.9319
123	25	0.9414
130	25	0.93618
132	25	0.91795
134	25	0.95099
138	25	0.9523
139	25	0.9304
141	25	0.96694
143	25	0.84153
144	25	0.83837
148	25	0.94616
2	26	0.89854
4	26	0.78309
5	26	0.87206
9	26	0.78796
13	26	0.89532
15	26	0.94392
16	26	0.9052
18	26	0.91994
19	26	0.90593
20	26	0.93752
21	26	0.88955
22	26	0.88639
23	26	0.89336
24	26	0.89794
25	26	0.92595
27	26	0.93152
28	26	0.91638
29	26	0.84773
31	26	0.93489
33	26	0.95115
34	26	0.77974
35	26	0.78237
36	26	0.8985
37	26	0.91585
38	26	0.93024
39	26	0.90014
40	26	0.91985
41	26	0.89246
42	26	0.89632
46	26	0.91907
47	26	0.89014
48	26	0.92278
51	26	0.91145
52	26	0.85688
53	26	0.91933
55	26	0.90843
56	26	0.84729
60	26	0.89886
62	26	0.92947
74	26	0.91237
76	26	0.90039
81	26	0.92245
82	26	0.90129
85	26	0.8965
87	26	0.9074
93	26	0.88232
95	26	0.90443
96	26	0.91788
97	26	0.93362
99	26	0.89085
100	26	0.87751
101	26	0.90312
103	26	0.89263
104	26	0.91191
106	26	0.89141
107	26	0.91271
108	26	0.89019
114	26	0.89492
116	26	0.89587
141	26	0.91314
143	26	0.85593
144	26	0.85359
146	26	0.90084
148	26	0.91238
2	27	0.94173
7	27	0.89631
9	27	0.79527
13	27	0.94506
14	27	0.93671
15	27	0.96239
16	27	0.84888
18	27	0.90535
19	27	0.945
20	27	0.9233
21	27	0.91467
22	27	0.86326
23	27	0.95518
24	27	0.92371
25	27	0.98154
26	27	0.93152
28	27	0.93817
29	27	0.75546
31	27	0.97079
33	27	0.95918
34	27	0.77924
36	27	0.92272
37	27	0.91489
38	27	0.9823
39	27	0.97621
40	27	0.94059
41	27	0.91436
42	27	0.96398
46	27	0.94896
47	27	0.87814
48	27	0.95136
49	27	0.87658
50	27	0.83519
51	27	0.94448
52	27	0.84906
53	27	0.88752
54	27	0.96148
55	27	0.95128
56	27	0.83578
58	27	0.94157
60	27	0.91507
61	27	0.94752
62	27	0.97224
63	27	0.92477
64	27	0.96268
65	27	0.92715
70	27	0.95086
72	27	0.93168
74	27	0.93496
76	27	0.92595
78	27	0.89555
80	27	0.88301
81	27	0.92485
82	27	0.96493
85	27	0.92518
87	27	0.96282
88	27	0.94226
92	27	0.94696
93	27	0.8497
95	27	0.95824
96	27	0.93943
97	27	0.95458
99	27	0.94445
100	27	0.88083
103	27	0.89452
104	27	0.92294
105	27	0.48952
107	27	0.953
108	27	0.94459
113	27	0.93906
118	27	0.93718
120	27	0.9458
123	27	0.94954
127	27	0.91335
130	27	0.94102
134	27	0.9163
138	27	0.94462
141	27	0.95688
143	27	0.82623
146	27	0.92752
148	27	0.92752
150	27	0.94618
2	28	0.88522
3	28	0.75787
9	28	0.93266
13	28	0.88029
14	28	0.91192
15	28	0.928
16	28	0.88571
18	28	0.87812
19	28	0.94537
20	28	0.9047
21	28	0.86047
22	28	0.90671
24	28	0.92094
25	28	0.93369
26	28	0.91638
27	28	0.93817
29	28	0.83083
31	28	0.93628
32	28	0.89558
33	28	0.92616
34	28	0.76168
35	28	0.79347
36	28	0.90392
37	28	0.91007
38	28	0.92004
39	28	0.89562
40	28	0.93902
42	28	0.90146
45	28	0.87868
46	28	0.97068
48	28	0.938
51	28	0.89599
52	28	0.83557
55	28	0.92282
56	28	0.84072
58	28	0.88754
60	28	0.87395
62	28	0.89215
66	28	0.88907
74	28	0.92494
82	28	0.88175
85	28	0.9272
87	28	0.92226
92	28	0.88321
93	28	0.89535
95	28	0.88738
96	28	0.9295
97	28	0.91838
99	28	0.89907
104	28	0.88162
105	28	0.59554
107	28	0.89325
111	28	0.8784
130	28	0.8899
134	28	0.89144
141	28	0.91981
144	28	0.8209
148	28	0.88225
150	28	0.87579
2	29	0.75713
5	29	0.77252
8	29	0.79538
9	29	0.78063
15	29	0.83417
16	29	0.83516
18	29	0.78535
19	29	0.80687
20	29	0.82167
21	29	0.80318
22	29	0.77112
24	29	0.74476
25	29	0.74725
26	29	0.84773
27	29	0.75546
28	29	0.83083
31	29	0.77734
32	29	0.76006
33	29	0.85432
34	29	0.74552
35	29	0.83821
36	29	0.84006
37	29	0.84509
38	29	0.7897
40	29	0.81951
46	29	0.78423
47	29	0.76863
48	29	0.783
52	29	0.78609
53	29	0.83322
55	29	0.75359
56	29	0.75352
60	29	0.74594
62	29	0.75366
74	29	0.83209
79	29	0.75085
80	29	0.74443
81	29	0.7467
85	29	0.79686
93	29	0.79868
95	29	0.74364
96	29	0.7975
97	29	0.79231
100	29	0.75697
103	29	0.77318
104	29	0.77016
107	29	0.76579
141	29	0.76914
143	29	0.75915
144	29	0.84564
2	30	0.927
3	30	0.82824
4	30	0.83477
5	30	0.86636
6	30	0.95903
7	30	0.91814
8	30	0.87807
10	30	0.77487
11	30	0.9535
12	30	0.89811
13	30	0.91714
17	30	0.80817
18	30	0.89341
20	30	0.92859
32	30	0.94015
34	30	0.76621
41	30	0.92718
42	30	0.94407
43	30	0.94332
45	30	0.96596
49	30	0.87647
50	30	0.84871
53	30	0.89844
57	30	0.89843
62	30	0.92698
63	30	0.93719
69	30	0.93743
70	30	0.95856
71	30	0.9311
72	30	0.94355
73	30	0.84241
75	30	0.93482
76	30	0.93659
77	30	0.95415
78	30	0.89522
79	30	0.94557
80	30	0.89053
82	30	0.92596
83	30	0.93491
84	30	0.90837
86	30	0.94484
87	30	0.9362
88	30	0.94425
89	30	0.94667
91	30	0.94112
94	30	0.9379
97	30	0.93298
98	30	0.93975
100	30	0.87766
101	30	0.91856
102	30	0.90639
106	30	0.93854
107	30	0.9527
108	30	0.94416
109	30	0.92687
110	30	0.98252
111	30	0.90629
113	30	0.93493
114	30	0.96395
116	30	0.95721
118	30	0.947
123	30	0.9559
124	30	0.93976
126	30	0.91469
129	30	0.92758
130	30	0.93979
132	30	0.94748
133	30	0.95381
135	30	0.92882
137	30	0.92501
138	30	0.94275
139	30	0.96267
140	30	0.91608
142	30	0.95136
143	30	0.83772
145	30	0.92082
146	30	0.95165
148	30	0.93938
2	31	0.96554
3	31	0.78251
4	31	0.79117
6	31	0.91919
8	31	0.86515
9	31	0.81579
13	31	0.92153
14	31	0.9368
15	31	0.96244
16	31	0.83817
18	31	0.89249
19	31	0.93958
20	31	0.94446
21	31	0.91033
22	31	0.88375
23	31	0.95438
24	31	0.90186
25	31	0.95656
26	31	0.93489
27	31	0.97079
28	31	0.93628
29	31	0.77734
33	31	0.95141
34	31	0.79617
35	31	0.78098
36	31	0.93458
37	31	0.91384
38	31	0.9669
39	31	0.96194
40	31	0.93542
42	31	0.96257
45	31	0.93382
46	31	0.93867
47	31	0.86056
48	31	0.96774
51	31	0.9448
52	31	0.87052
53	31	0.9199
54	31	0.94836
55	31	0.96696
58	31	0.94568
60	31	0.9344
61	31	0.93701
62	31	0.96465
64	31	0.94815
65	31	0.9452
70	31	0.9423
73	31	0.81783
74	31	0.93019
75	31	0.95709
76	31	0.93769
79	31	0.92379
81	31	0.9171
82	31	0.97165
85	31	0.91519
87	31	0.9695
88	31	0.96286
91	31	0.93751
92	31	0.94799
93	31	0.82126
95	31	0.94019
96	31	0.91437
97	31	0.95509
99	31	0.9518
100	31	0.89063
104	31	0.92795
105	31	0.53422
106	31	0.93346
107	31	0.96762
108	31	0.94616
111	31	0.90693
112	31	0.93187
113	31	0.94827
114	31	0.93143
120	31	0.95462
121	31	0.92632
123	31	0.95634
130	31	0.93801
135	31	0.90963
138	31	0.94503
141	31	0.95193
143	31	0.83705
144	31	0.82027
146	31	0.932
3	32	0.78791
4	32	0.80193
5	32	0.91085
6	32	0.92095
7	32	0.93972
8	32	0.88225
9	32	0.75583
10	32	0.7962
11	32	0.91547
12	32	0.94146
13	32	0.95718
14	32	0.92534
16	32	0.84566
17	32	0.79533
18	32	0.94123
20	32	0.93776
24	32	0.91917
25	32	0.94452
28	32	0.89558
29	32	0.76006
30	32	0.94015
34	32	0.76811
35	32	0.79476
36	32	0.90095
37	32	0.89381
39	32	0.92571
41	32	0.95168
42	32	0.94998
45	32	0.96334
46	32	0.90577
47	32	0.85976
49	32	0.89649
50	32	0.8771
53	32	0.89074
56	32	0.87998
57	32	0.93116
62	32	0.92084
63	32	0.95097
70	32	0.93342
72	32	0.92818
73	32	0.83065
77	32	0.95277
78	32	0.93916
79	32	0.94725
80	32	0.94872
82	32	0.92024
84	32	0.96014
85	32	0.97884
87	32	0.93148
93	32	0.77931
94	32	0.93592
95	32	0.92679
96	32	0.9529
97	32	0.9619
98	32	0.93438
100	32	0.88234
101	32	0.92508
102	32	0.87315
103	32	0.93566
104	32	0.92626
105	32	0.49605
107	32	0.94536
110	32	0.94441
111	32	0.91004
113	32	0.92331
114	32	0.92911
116	32	0.9322
118	32	0.92458
123	32	0.92859
130	32	0.94251
132	32	0.92307
133	32	0.95937
134	32	0.93805
139	32	0.94109
141	32	0.9447
143	32	0.86306
144	32	0.83149
146	32	0.92514
148	32	0.94558
2	33	0.91259
8	33	0.85134
9	33	0.80731
13	33	0.91748
15	33	0.98022
16	33	0.89839
18	33	0.90547
19	33	0.95103
20	33	0.92552
21	33	0.92974
22	33	0.86184
23	33	0.94976
24	33	0.89513
25	33	0.94574
26	33	0.95115
27	33	0.95918
28	33	0.92616
29	33	0.85432
31	33	0.95141
35	33	0.79489
36	33	0.91889
37	33	0.94698
38	33	0.96038
39	33	0.92592
40	33	0.95913
42	33	0.90946
46	33	0.9337
47	33	0.89387
48	33	0.92424
51	33	0.90523
52	33	0.83041
53	33	0.9083
54	33	0.92198
55	33	0.92751
56	33	0.85496
60	33	0.89544
62	33	0.94729
64	33	0.90869
74	33	0.92348
75	33	0.89396
76	33	0.90497
79	33	0.89713
81	33	0.9369
82	33	0.93474
85	33	0.9019
87	33	0.90783
93	33	0.90362
95	33	0.93342
96	33	0.93275
97	33	0.945
99	33	0.89568
103	33	0.89927
104	33	0.91232
107	33	0.9241
120	33	0.90941
141	33	0.9179
143	33	0.85591
144	33	0.84094
148	33	0.89559
2	34	0.87601
3	34	0.85308
7	34	0.8001
8	34	0.87481
9	34	0.73999
11	34	0.76612
12	34	0.82822
15	34	0.78536
19	34	0.77964
20	34	0.78896
22	34	0.86769
25	34	0.76701
26	34	0.77974
27	34	0.77924
28	34	0.76168
29	34	0.74552
30	34	0.76621
31	34	0.79617
32	34	0.76811
35	34	0.85761
36	34	0.90084
37	34	0.82686
38	34	0.77156
42	34	0.81867
45	34	0.82982
52	34	0.96196
53	34	0.83737
62	34	0.78566
73	34	0.86925
74	34	0.87481
75	34	0.8273
76	34	0.81534
79	34	0.84072
80	34	0.77218
84	34	0.77413
85	34	0.78869
87	34	0.81892
100	34	0.81745
101	34	0.77126
102	34	0.77316
106	34	0.77188
107	34	0.86113
108	34	0.81025
110	34	0.78047
114	34	0.87352
116	34	0.82818
123	34	0.77257
132	34	0.85379
135	34	0.76179
137	34	0.80342
141	34	0.77088
144	34	0.80092
2	35	0.79971
5	35	0.80067
7	35	0.81248
8	35	0.87017
9	35	0.80346
12	35	0.82963
15	35	0.78572
16	35	0.82421
18	35	0.80501
19	35	0.78914
20	35	0.81525
21	35	0.77571
22	35	0.76698
26	35	0.78237
28	35	0.79347
29	35	0.83821
31	35	0.78098
32	35	0.79476
33	35	0.79489
34	35	0.85761
36	35	0.89689
37	35	0.86438
38	35	0.7683
40	35	0.76595
45	35	0.78751
46	35	0.79044
48	35	0.76708
52	35	0.84788
53	35	0.82464
57	35	0.78091
62	35	0.76949
74	35	0.82823
78	35	0.77901
79	35	0.82144
80	35	0.81171
84	35	0.8082
85	35	0.83226
96	35	0.81241
97	35	0.78141
100	35	0.77787
101	35	0.76753
103	35	0.82098
104	35	0.76856
105	35	0.49067
107	35	0.81109
114	35	0.78738
116	35	0.78522
132	35	0.77283
134	35	0.77072
141	35	0.76873
144	35	0.84016
2	36	0.94654
3	36	0.84025
8	36	0.91758
9	36	0.8168
12	36	0.89495
13	36	0.89013
15	36	0.92523
16	36	0.82811
19	36	0.92906
20	36	0.92277
21	36	0.91872
22	36	0.89058
23	36	0.89089
25	36	0.9067
26	36	0.8985
27	36	0.92272
28	36	0.90392
29	36	0.84006
31	36	0.93458
32	36	0.90095
33	36	0.91889
34	36	0.90084
35	36	0.89689
37	36	0.9201
38	36	0.93377
40	36	0.89447
42	36	0.93074
45	36	0.91427
46	36	0.9038
48	36	0.92476
52	36	0.93671
53	36	0.907
55	36	0.89581
58	36	0.88582
62	36	0.92495
73	36	0.87618
74	36	0.96948
75	36	0.91573
76	36	0.90511
79	36	0.92176
82	36	0.90113
85	36	0.9198
87	36	0.93023
93	36	0.79678
95	36	0.89078
96	36	0.90671
97	36	0.90642
100	36	0.88074
103	36	0.90401
107	36	0.94551
108	36	0.89898
110	36	0.88649
114	36	0.91803
116	36	0.88674
123	36	0.88877
132	36	0.90006
141	36	0.90961
143	36	0.83427
144	36	0.8363
2	37	0.9183
5	37	0.87541
7	37	0.91208
8	37	0.89554
9	37	0.83015
10	37	0.72323
12	37	0.91373
13	37	0.89308
15	37	0.93628
16	37	0.8958
17	37	0.7398
18	37	0.91634
19	37	0.89434
20	37	0.91977
22	37	0.86905
25	37	0.93222
26	37	0.91585
27	37	0.91489
28	37	0.91007
29	37	0.84509
31	37	0.91384
32	37	0.89381
33	37	0.94698
34	37	0.82686
35	37	0.86438
36	37	0.9201
38	37	0.88911
40	37	0.92839
42	37	0.88395
45	37	0.89029
46	37	0.91896
52	37	0.86189
53	37	0.90087
55	37	0.88052
56	37	0.87738
60	37	0.87603
62	37	0.89629
73	37	0.85015
74	37	0.91419
76	37	0.8832
78	37	0.91587
79	37	0.93146
80	37	0.918
81	37	0.92796
82	37	0.88841
84	37	0.91192
85	37	0.91152
87	37	0.89339
93	37	0.8353
96	37	0.94637
97	37	0.91913
100	37	0.92239
101	37	0.89725
103	37	0.8916
107	37	0.91392
114	37	0.88239
116	37	0.88536
134	37	0.89915
141	37	0.91059
143	37	0.83775
144	37	0.90785
148	37	0.87853
2	38	0.93008
6	38	0.91401
9	38	0.7721
13	38	0.94038
14	38	0.92969
15	38	0.95428
16	38	0.84597
18	38	0.89761
19	38	0.94304
20	38	0.92247
21	38	0.94916
22	38	0.84662
23	38	0.96017
24	38	0.90834
25	38	0.95536
26	38	0.93024
27	38	0.9823
28	38	0.92004
29	38	0.7897
31	38	0.9669
33	38	0.96038
34	38	0.77156
35	38	0.7683
36	38	0.93377
37	38	0.88911
39	38	0.97611
40	38	0.91862
41	38	0.91494
42	38	0.96575
43	38	0.92461
46	38	0.92437
47	38	0.90989
48	38	0.96315
49	38	0.89966
50	38	0.83333
51	38	0.9554
52	38	0.84841
53	38	0.90557
54	38	0.96841
55	38	0.94059
56	38	0.81868
58	38	0.93201
60	38	0.90091
61	38	0.94884
62	38	0.97566
63	38	0.92642
64	38	0.95694
70	38	0.94593
72	38	0.92672
74	38	0.92916
75	38	0.92725
76	38	0.92422
81	38	0.91051
82	38	0.95657
85	38	0.9177
87	38	0.94882
88	38	0.94697
92	38	0.95165
93	38	0.85666
95	38	0.96863
96	38	0.91879
97	38	0.94881
99	38	0.92406
103	38	0.90144
104	38	0.94856
106	38	0.92911
107	38	0.94729
108	38	0.92923
113	38	0.93906
118	38	0.93721
120	38	0.94727
123	38	0.94214
127	38	0.92888
130	38	0.93717
141	38	0.93717
143	38	0.82724
146	38	0.92687
148	38	0.91887
150	38	0.9509
2	39	0.9217
4	39	0.79123
6	39	0.93899
13	39	0.94734
14	39	0.94686
15	39	0.93066
19	39	0.89759
21	39	0.89147
23	39	0.94994
24	39	0.90908
25	39	0.95978
26	39	0.90014
27	39	0.97621
28	39	0.89562
31	39	0.96194
32	39	0.92571
33	39	0.92592
38	39	0.97611
40	39	0.88129
41	39	0.93489
42	39	0.96739
43	39	0.96031
44	39	0.94427
46	39	0.90904
47	39	0.89283
48	39	0.95882
49	39	0.92791
51	39	0.95272
54	39	0.98825
55	39	0.94122
58	39	0.95494
59	39	0.93851
60	39	0.90593
61	39	0.97586
62	39	0.97481
63	39	0.95203
64	39	0.97141
65	39	0.95403
66	39	0.93437
67	39	0.95122
68	39	0.94722
69	39	0.92835
70	39	0.97527
71	39	0.93759
72	39	0.96613
74	39	0.8795
75	39	0.93107
76	39	0.92885
77	39	0.93838
81	39	0.90954
82	39	0.97514
83	39	0.9346
87	39	0.95277
88	39	0.96943
89	39	0.94452
90	39	0.9491
91	39	0.95199
92	39	0.97605
93	39	0.80364
94	39	0.93961
95	39	0.97842
96	39	0.90713
97	39	0.95811
99	39	0.94738
103	39	0.89071
104	39	0.95029
105	39	0.48562
106	39	0.93801
107	39	0.94887
108	39	0.94621
109	39	0.94774
111	39	0.90087
112	39	0.94897
113	39	0.96344
115	39	0.93292
117	39	0.96435
118	39	0.96857
119	39	0.92513
120	39	0.97606
121	39	0.92527
123	39	0.96843
125	39	0.92735
126	39	0.91324
127	39	0.95785
128	39	0.92258
130	39	0.96778
131	39	0.93784
133	39	0.93467
134	39	0.90373
135	39	0.91637
136	39	0.92296
138	39	0.95365
139	39	0.94762
141	39	0.94831
142	39	0.94252
145	39	0.93342
146	39	0.95164
147	39	0.93293
148	39	0.93424
150	39	0.97155
2	40	0.89238
9	40	0.841
13	40	0.86497
15	40	0.95774
16	40	0.86572
19	40	0.95604
20	40	0.88006
21	40	0.88797
22	40	0.87625
23	40	0.9213
25	40	0.92519
26	40	0.91985
27	40	0.94059
28	40	0.93902
29	40	0.81951
31	40	0.93542
33	40	0.95913
35	40	0.76595
36	40	0.89447
37	40	0.92839
38	40	0.91862
39	40	0.88129
42	40	0.88174
46	40	0.95527
48	40	0.88544
51	40	0.88941
53	40	0.86551
54	40	0.87485
55	40	0.93561
58	40	0.87139
60	40	0.91384
62	40	0.89645
64	40	0.89963
74	40	0.92209
76	40	0.86863
78	40	0.863
81	40	0.87494
82	40	0.90654
85	40	0.88223
87	40	0.90115
93	40	0.867
95	40	0.86924
96	40	0.9122
97	40	0.89697
99	40	0.90761
104	40	0.86071
105	40	0.51906
107	40	0.8854
120	40	0.87947
121	40	0.86702
123	40	0.86682
134	40	0.86909
138	40	0.86831
141	40	0.89559
144	40	0.84808
4	41	0.8781
5	41	0.92461
6	41	0.94228
7	41	0.94931
8	41	0.86091
10	41	0.77738
11	41	0.91642
12	41	0.92167
13	41	0.96608
14	41	0.91708
16	41	0.85398
17	41	0.82177
18	41	0.95676
20	41	0.95387
24	41	0.95511
25	41	0.93326
26	41	0.89246
27	41	0.91436
30	41	0.92718
32	41	0.95168
38	41	0.91494
39	41	0.93489
42	41	0.91937
45	41	0.94356
47	41	0.92005
48	41	0.91029
49	41	0.94536
50	41	0.88837
54	41	0.93324
56	41	0.89484
57	41	0.9011
62	41	0.92101
63	41	0.93941
70	41	0.91986
77	41	0.93519
78	41	0.90528
79	41	0.91764
80	41	0.93331
81	41	0.93186
82	41	0.91148
84	41	0.93818
85	41	0.93738
93	41	0.78416
95	41	0.95192
96	41	0.94283
97	41	0.96181
101	41	0.93618
102	41	0.89338
103	41	0.94228
104	41	0.93541
107	41	0.91374
110	41	0.9289
111	41	0.94332
113	41	0.93445
116	41	0.93369
128	41	0.90514
130	41	0.91673
133	41	0.94411
134	41	0.93888
139	41	0.96424
141	41	0.94259
143	41	0.88371
146	41	0.94288
148	41	0.98257
2	42	0.95503
3	42	0.8086
6	42	0.92955
7	42	0.9012
8	42	0.86986
9	42	0.75074
10	42	0.69526
11	42	0.894
12	42	0.89088
13	42	0.94411
15	42	0.91937
18	42	0.89295
19	42	0.89433
20	42	0.9223
21	42	0.88666
22	42	0.85718
23	42	0.91104
25	42	0.95684
26	42	0.89632
27	42	0.96398
28	42	0.90146
30	42	0.94407
31	42	0.96257
32	42	0.94998
33	42	0.90946
34	42	0.81867
36	42	0.93074
37	42	0.88395
38	42	0.96575
39	42	0.96739
40	42	0.88174
41	42	0.91937
43	42	0.93974
44	42	0.94499
45	42	0.9595
46	42	0.89749
47	42	0.84634
48	42	0.9466
49	42	0.87613
51	42	0.95405
52	42	0.87451
53	42	0.91751
54	42	0.95592
55	42	0.93098
57	42	0.86809
58	42	0.94498
60	42	0.90993
61	42	0.95496
62	42	0.96197
63	42	0.97134
64	42	0.93772
65	42	0.93862
66	42	0.92542
69	42	0.92183
70	42	0.9676
71	42	0.93418
72	42	0.9596
73	42	0.83088
74	42	0.91356
75	42	0.94601
76	42	0.94729
77	42	0.93936
79	42	0.94109
80	42	0.88744
82	42	0.96018
84	42	0.90725
85	42	0.93835
86	42	0.9377
87	42	0.97041
88	42	0.95832
89	42	0.94812
91	42	0.95163
92	42	0.95941
93	42	0.7766
94	42	0.94202
95	42	0.9428
96	42	0.91148
97	42	0.95378
98	42	0.93656
99	42	0.92708
100	42	0.89517
101	42	0.89777
102	42	0.87044
103	42	0.89757
104	42	0.91957
106	42	0.94476
107	42	0.97166
108	42	0.95611
110	42	0.94785
112	42	0.94019
113	42	0.95495
114	42	0.95177
115	42	0.92986
116	42	0.91388
117	42	0.92588
118	42	0.9552
120	42	0.94377
123	42	0.96903
127	42	0.92557
130	42	0.95605
132	42	0.94079
133	42	0.92542
135	42	0.90836
137	42	0.91995
138	42	0.95183
139	42	0.92963
141	42	0.9471
142	42	0.93625
145	42	0.93241
146	42	0.93757
148	42	0.9209
150	42	0.93983
4	43	0.78479
6	43	0.93184
11	43	0.88443
30	43	0.94332
38	43	0.92461
39	43	0.96031
42	43	0.93974
44	43	0.95087
49	43	0.90076
54	43	0.94992
61	43	0.95666
62	43	0.94036
63	43	0.93492
64	43	0.93907
65	43	0.94298
67	43	0.93145
68	43	0.95114
69	43	0.92999
70	43	0.97717
71	43	0.95762
72	43	0.95277
77	43	0.93931
83	43	0.95146
86	43	0.93805
88	43	0.96212
89	43	0.96214
90	43	0.93887
91	43	0.94823
92	43	0.94828
95	43	0.9253
102	43	0.88007
106	43	0.94698
108	43	0.94994
109	43	0.94856
110	43	0.9411
112	43	0.94354
113	43	0.95628
115	43	0.92914
117	43	0.96934
118	43	0.96342
119	43	0.92051
120	43	0.93456
122	43	0.89911
123	43	0.95367
124	43	0.93354
125	43	0.93022
126	43	0.95393
127	43	0.93165
128	43	0.89218
129	43	0.94248
130	43	0.95846
131	43	0.93563
132	43	0.9151
133	43	0.93112
135	43	0.94404
136	43	0.95648
137	43	0.90573
138	43	0.94721
139	43	0.95555
140	43	0.91533
142	43	0.96056
145	43	0.95049
146	43	0.96153
147	43	0.93481
148	43	0.91906
149	43	0.78577
150	43	0.94471
6	44	0.91378
39	44	0.94427
42	44	0.94499
43	44	0.95087
51	44	0.95735
54	44	0.92862
58	44	0.95027
59	44	0.95939
61	44	0.96241
63	44	0.91823
64	44	0.94192
65	44	0.96115
66	44	0.94178
67	44	0.95648
68	44	0.96513
69	44	0.91841
70	44	0.96415
71	44	0.97618
72	44	0.96852
83	44	0.95163
86	44	0.96067
87	44	0.93372
88	44	0.96577
89	44	0.96515
90	44	0.94093
91	44	0.97552
92	44	0.97159
94	44	0.93201
98	44	0.93197
108	44	0.93438
109	44	0.97655
112	44	0.94588
113	44	0.94756
115	44	0.97268
117	44	0.95611
118	44	0.95906
119	44	0.95916
120	44	0.93567
121	44	0.93988
122	44	0.95326
123	44	0.96403
124	44	0.96011
125	44	0.95845
126	44	0.92141
127	44	0.94459
129	44	0.96609
130	44	0.96145
131	44	0.96343
136	44	0.95454
137	44	0.92245
138	44	0.94318
140	44	0.93872
142	44	0.95827
145	44	0.95779
146	44	0.93579
147	44	0.96246
149	44	0.83769
150	44	0.9634
2	45	0.9531
3	45	0.8597
4	45	0.80426
5	45	0.87544
6	45	0.92112
7	45	0.93946
8	45	0.90297
9	45	0.74216
10	45	0.77726
11	45	0.94177
12	45	0.94816
13	45	0.92966
16	45	0.81503
17	45	0.80844
18	45	0.90428
20	45	0.95274
22	45	0.83221
24	45	0.89903
25	45	0.9446
28	45	0.87868
30	45	0.96596
31	45	0.93382
32	45	0.96334
34	45	0.82982
35	45	0.78751
36	45	0.91427
37	45	0.89029
41	45	0.94356
42	45	0.9595
48	45	0.92834
50	45	0.87961
52	45	0.87686
53	45	0.9198
57	45	0.91177
60	45	0.91237
62	45	0.92869
63	45	0.94678
70	45	0.94166
72	45	0.92896
73	45	0.88613
74	45	0.88664
75	45	0.9304
76	45	0.93323
77	45	0.94578
78	45	0.91201
79	45	0.95986
80	45	0.92361
81	45	0.90952
82	45	0.93471
84	45	0.94889
85	45	0.94695
87	45	0.96177
91	45	0.9285
94	45	0.94381
96	45	0.91541
97	45	0.95628
98	45	0.94366
100	45	0.92681
101	45	0.94574
102	45	0.91965
103	45	0.89166
106	45	0.94197
107	45	0.96454
108	45	0.9443
110	45	0.97739
111	45	0.92836
112	45	0.93069
113	45	0.95166
114	45	0.98371
116	45	0.96668
118	45	0.93896
123	45	0.94525
130	45	0.93934
132	45	0.96978
133	45	0.93296
134	45	0.92309
135	45	0.90836
137	45	0.91412
138	45	0.95217
139	45	0.9558
141	45	0.96477
143	45	0.83387
144	45	0.85467
146	45	0.93829
148	45	0.93902
9	46	0.87168
13	46	0.90322
