7	2	0.98886
11	2	0.96136
14	2	0.98478
19	2	0.99846
20	2	0.96983
24	2	0.97928
27	2	0.99432
31	2	0.99851
39	2	0.96617
43	2	0.97179
44	2	0.94893
46	2	0.98181
54	2	0.96938
55	2	0.96495
59	2	0.96078
60	2	0.99045
63	2	0.97644
64	2	0.98235
65	2	0.98761
66	2	0.96812
67	2	0.9508
68	2	0.98125
69	2	0.98417
70	2	0.97209
71	2	0.98748
75	2	0.96948
77	2	0.99281
82	2	0.96579
83	2	0.96817
84	2	0.9799
86	2	0.98152
87	2	0.96159
88	2	0.97371
89	2	0.94816
92	2	0.96214
98	2	0.98834
99	2	0.99554
102	2	0.93523
108	2	0.96028
109	2	0.98394
111	2	0.96553
112	2	0.98447
113	2	0.9783
114	2	0.97116
122	2	0.93895
128	2	0.97612
130	2	0.98875
131	2	0.87913
132	2	0.99413
133	2	0.99383
134	2	0.98702
135	2	0.98685
136	2	0.95568
137	2	0.97514
140	2	0.97773
141	2	0.96682
147	2	0.99415
149	2	0.7778
4	3	0.94654
8	3	0.98595
10	3	0.94463
12	3	0.95647
17	3	0.932
21	3	0.91426
22	3	0.92877
25	3	0.93627
32	3	0.90891
34	3	0.98261
35	3	0.93396
36	3	0.98955
37	3	0.93415
38	3	0.91815
40	3	0.90659
41	3	0.9345
42	3	0.90804
45	3	0.93791
48	3	0.95011
49	3	0.91996
50	3	0.91853
52	3	0.97627
53	3	0.90883
57	3	0.96692
58	3	0.92184
72	3	0.94431
73	3	0.98067
74	3	0.98905
76	3	0.95798
78	3	0.91537
85	3	0.9392
87	3	0.90952
90	3	0.91014
91	3	0.90882
94	3	0.92281
95	3	0.92188
96	3	0.96146
97	3	0.96958
100	3	0.98056
101	3	0.93104
105	3	0.92044
106	3	0.91394
110	3	0.90536
118	3	0.92941
120	3	0.94346
121	3	0.91088
124	3	0.90788
127	3	0.93114
143	3	0.90683
145	3	0.92448
3	4	0.94654
8	4	0.97768
9	4	0.94005
10	4	0.99468
12	4	0.99614
14	4	0.97271
17	4	0.94888
20	4	0.98759
21	4	0.94915
22	4	0.95075
25	4	0.99541
30	4	0.9787
32	4	0.98973
34	4	0.96463
35	4	0.97057
36	4	0.97635
37	4	0.9829
38	4	0.98289
40	4	0.96972
41	4	0.99035
42	4	0.97936
45	4	0.97976
48	4	0.98999
49	4	0.99369
50	4	0.95089
51	4	0.93912
52	4	0.90882
53	4	0.97271
57	4	0.97959
58	4	0.96153
61	4	0.9801
69	4	0.97103
72	4	0.98889
73	4	0.93009
74	4	0.95889
76	4	0.98058
78	4	0.99066
79	4	0.98244
80	4	0.94512
82	4	0.97109
83	4	0.98324
85	4	0.96991
87	4	0.99052
90	4	0.98107
91	4	0.97888
94	4	0.94624
95	4	0.98394
96	4	0.98345
97	4	0.98837
100	4	0.9855
101	4	0.95778
105	4	0.97012
106	4	0.96976
108	4	0.97552
110	4	0.97834
111	4	0.98569
113	4	0.97461
114	4	0.98536
117	4	0.97304
118	4	0.99562
120	4	0.97357
121	4	0.98755
123	4	0.97634
124	4	0.90424
126	4	0.97851
127	4	0.97762
128	4	0.97921
129	4	0.95057
141	4	0.97322
143	4	0.96674
145	4	0.98296
150	4	0.93859
6	5	0.97922
10	5	0.96496
13	5	0.99194
15	5	0.98497
16	5	0.96509
17	5	0.95954
18	5	0.98946
21	5	0.97308
23	5	0.96543
24	5	0.9726
26	5	0.99614
29	5	0.94288
30	5	0.98676
32	5	0.98361
33	5	0.98435
35	5	0.97154
37	5	0.98036
41	5	0.97949
47	5	0.9766
48	5	0.9627
49	5	0.96823
50	5	0.97359
56	5	0.97451
57	5	0.95315
62	5	0.97788
64	5	0.96489
72	5	0.96239
76	5	0.95532
78	5	0.98035
79	5	0.9916
80	5	0.98139
81	5	0.99379
82	5	0.96843
83	5	0.96236
93	5	0.9489
95	5	0.97999
96	5	0.95812
101	5	0.96835
103	5	0.96848
104	5	0.99108
105	5	0.97146
107	5	0.98966
108	5	0.98443
109	5	0.96416
111	5	0.97255
116	5	0.99039
117	5	0.98998
118	5	0.96622
123	5	0.97333
126	5	0.96705
138	5	0.995
139	5	0.99531
141	5	0.98205
143	5	0.98625
144	5	0.9362
146	5	0.99339
148	5	0.99291
150	5	0.93997
5	6	0.97922
13	6	0.98932
14	6	0.95925
15	6	0.98677
18	6	0.95536
20	6	0.96415
23	6	0.96644
24	6	0.98235
26	6	0.97261
29	6	0.87891
30	6	0.99164
32	6	0.97781
33	6	0.98556
38	6	0.96366
41	6	0.95899
47	6	0.94108
49	6	0.96255
56	6	0.92102
61	6	0.96898
62	6	0.94077
64	6	0.98614
69	6	0.97633
77	6	0.97101
78	6	0.9768
79	6	0.97826
81	6	0.96785
82	6	0.99105
83	6	0.9774
87	6	0.95777
88	6	0.98756
93	6	0.88774
95	6	0.96897
104	6	0.99179
107	6	0.96575
108	6	0.9887
109	6	0.98646
111	6	0.97577
112	6	0.97642
116	6	0.97165
117	6	0.9816
118	6	0.96623
119	6	0.98685
121	6	0.97163
123	6	0.98892
125	6	0.92921
126	6	0.97474
133	6	0.9588
134	6	0.96874
135	6	0.96103
138	6	0.98594
139	6	0.97794
140	6	0.96604
141	6	0.98016
144	6	0.87126
146	6	0.97356
147	6	0.96621
148	6	0.99522
150	6	0.94794
2	7	0.98886
9	7	0.96613
11	7	0.97292
14	7	0.99736
19	7	0.99244
20	7	0.99041
24	7	0.98342
27	7	0.97824
28	7	0.96094
31	7	0.98731
39	7	0.94932
40	7	0.98121
42	7	0.98514
43	7	0.97745
44	7	0.95724
45	7	0.96382
46	7	0.99569
49	7	0.97492
54	7	0.98827
55	7	0.98489
58	7	0.95544
59	7	0.98104
60	7	0.9971
63	7	0.99211
64	7	0.98154
65	7	0.97223
66	7	0.95845
67	7	0.96113
68	7	0.97703
69	7	0.99028
70	7	0.98568
71	7	0.98999
75	7	0.98688
77	7	0.98836
82	7	0.97326
83	7	0.98398
84	7	0.99748
85	7	0.95332
86	7	0.98337
87	7	0.98564
88	7	0.97133
89	7	0.95808
90	7	0.97383
92	7	0.98541
98	7	0.99312
99	7	0.98201
102	7	0.91971
106	7	0.97376
109	7	0.97953
110	7	0.97805
111	7	0.98343
112	7	0.98378
113	7	0.99644
114	7	0.99261
115	7	0.96199
122	7	0.90743
124	7	0.89001
128	7	0.99405
130	7	0.96744
131	7	0.82894
132	7	0.9917
133	7	0.97474
134	7	0.99057
135	7	0.99613
136	7	0.92894
137	7	0.96739
140	7	0.95352
141	7	0.97583
142	7	0.96985
147	7	0.97917
149	7	0.71317
3	8	0.98595
4	8	0.97768
10	8	0.97841
12	8	0.98625
17	8	0.95781
20	8	0.94373
21	8	0.94777
22	8	0.94354
25	8	0.97384
32	8	0.95478
34	8	0.98244
35	8	0.96579
36	8	0.99242
37	8	0.97056
38	8	0.94937
40	8	0.93957
41	8	0.97282
42	8	0.94379
45	8	0.96415
48	8	0.97637
49	8	0.96291
50	8	0.95361
52	8	0.95073
57	8	0.98783
72	8	0.97362
73	8	0.9683
74	8	0.9889
76	8	0.98448
78	8	0.95708
79	8	0.9502
85	8	0.95658
87	8	0.95451
90	8	0.94444
91	8	0.93953
94	8	0.93559
95	8	0.95906
96	8	0.9858
97	8	0.98926
100	8	0.9947
101	8	0.96025
105	8	0.961
106	8	0.94279
111	8	0.93958
114	8	0.94398
116	8	0.94214
118	8	0.967
120	8	0.95853
121	8	0.95114
124	8	0.91286
127	8	0.95306
143	8	0.95011
145	8	0.94917
4	9	0.94005
7	9	0.96613
11	9	0.97799
14	9	0.95873
20	9	0.95663
25	9	0.95301
28	9	0.99758
34	9	0.94762
40	9	0.99282
42	9	0.98368
43	9	0.9561
44	9	0.94457
45	9	0.97993
46	9	0.97688
49	9	0.93896
52	9	0.90544
53	9	0.94833
54	9	0.97516
55	9	0.98014
58	9	0.97978
59	9	0.96649
60	9	0.96942
63	9	0.98303
67	9	0.9699
70	9	0.95634
71	9	0.94654
73	9	0.92345
75	9	0.98146
84	9	0.9781
85	9	0.98418
86	9	0.94275
87	9	0.95827
89	9	0.95999
90	9	0.95828
91	9	0.95114
92	9	0.98246
94	9	0.97306
97	9	0.95319
98	9	0.96484
102	9	0.91263
106	9	0.98601
110	9	0.97035
113	9	0.97394
114	9	0.96565
115	9	0.94774
120	9	0.97019
124	9	0.95355
127	9	0.96291
128	9	0.96493
132	9	0.95571
135	9	0.95632
142	9	0.94934
145	9	0.9432
3	10	0.94463
4	10	0.99468
5	10	0.96496
8	10	0.97841
12	10	0.99567
13	10	0.97293
15	10	0.96833
16	10	0.92717
17	10	0.95934
18	10	0.9317
20	10	0.98334
21	10	0.96204
22	10	0.95076
25	10	0.99345
29	10	0.88836
30	10	0.98031
32	10	0.99045
33	10	0.97061
34	10	0.95797
35	10	0.97849
36	10	0.97061
37	10	0.98837
38	10	0.97977
41	10	0.99373
42	10	0.96914
45	10	0.97085
47	10	0.94297
48	10	0.99042
49	10	0.99275
50	10	0.96553
51	10	0.91821
52	10	0.89861
53	10	0.96288
56	10	0.923
57	10	0.9851
61	10	0.97466
62	10	0.94497
72	10	0.99066
73	10	0.92246
74	10	0.95751
76	10	0.98739
78	10	0.99038
79	10	0.98685
80	10	0.95784
82	10	0.96865
83	10	0.98016
85	10	0.95865
87	10	0.98684
90	10	0.97326
91	10	0.96909
93	10	0.89206
95	10	0.98575
96	10	0.98688
97	10	0.98334
100	10	0.9818
101	10	0.96719
103	10	0.93765
104	10	0.96843
105	10	0.97648
107	10	0.96813
108	10	0.97736
111	10	0.98417
113	10	0.96861
114	10	0.98057
116	10	0.97658
117	10	0.97791
118	10	0.99292
120	10	0.96119
121	10	0.98412
123	10	0.97491
124	10	0.89094
126	10	0.98041
127	10	0.96741
128	10	0.9738
138	10	0.96537
141	10	0.9766
143	10	0.97342
144	10	0.8678
145	10	0.97077
148	10	0.9634
150	10	0.93945
2	11	0.96136
7	11	0.97292
9	11	0.97799
14	11	0.95932
19	11	0.95838
20	11	0.9408
27	11	0.94818
28	11	0.98125
31	11	0.96584
39	11	0.9711
40	11	0.96812
42	11	0.96173
43	11	0.96842
44	11	0.96195
45	11	0.93937
46	11	0.98047
54	11	0.96994
55	11	0.97039
58	11	0.94628
59	11	0.95638
60	11	0.98281
63	11	0.98975
65	11	0.95337
67	11	0.99086
68	11	0.9496
69	11	0.93566
70	11	0.95926
71	11	0.96242
75	11	0.98146
77	11	0.94322
84	11	0.9733
85	11	0.93773
86	11	0.9551
87	11	0.93625
89	11	0.98142
92	11	0.97452
98	11	0.98339
99	11	0.96451
102	11	0.97193
106	11	0.95607
110	11	0.94625
113	11	0.96593
114	11	0.95062
122	11	0.93185
124	11	0.90337
128	11	0.95559
130	11	0.9581
131	11	0.88037
132	11	0.98469
134	11	0.93832
135	11	0.95762
136	11	0.95881
137	11	0.93847
149	11	0.78877
3	12	0.95647
4	12	0.99614
8	12	0.98625
10	12	0.99567
16	12	0.92593
17	12	0.96662
20	12	0.97888
21	12	0.96538
22	12	0.95118
25	12	0.99335
29	12	0.89137
30	12	0.97338
32	12	0.98901
34	12	0.96682
35	12	0.98298
36	12	0.98055
37	12	0.99083
38	12	0.9745
41	12	0.99523
42	12	0.96621
45	12	0.97112
47	12	0.94189
48	12	0.9916
49	12	0.99174
50	12	0.96807
51	12	0.91971
52	12	0.91053
56	12	0.92343
57	12	0.99125
61	12	0.96909
62	12	0.9467
72	12	0.98912
73	12	0.93402
74	12	0.97158
76	12	0.9888
78	12	0.98919
79	12	0.98516
80	12	0.96166
83	12	0.97343
85	12	0.95918
87	12	0.98331
90	12	0.96744
93	12	0.89695
95	12	0.98571
96	12	0.99383
97	12	0.98824
100	12	0.99074
101	12	0.97353
103	12	0.94384
105	12	0.98005
107	12	0.96902
108	12	0.97108
111	12	0.97975
114	12	0.97617
116	12	0.9749
117	12	0.97501
118	12	0.99224
120	12	0.96299
121	12	0.98125
123	12	0.9678
124	12	0.89474
126	12	0.97031
127	12	0.96354
128	12	0.96946
141	12	0.97026
143	12	0.978
144	12	0.87135
145	12	0.96826
5	13	0.99194
6	13	0.98932
10	13	0.97293
14	13	0.97006
15	13	0.99588
16	13	0.93725
18	13	0.96539
19	13	0.96164
20	13	0.97806
21	13	0.95378
23	13	0.97658
24	13	0.99067
25	13	0.97065
26	13	0.98185
29	13	0.9005
30	13	0.99594
32	13	0.98997
33	13	0.99257
35	13	0.96231
37	13	0.97446
38	13	0.96619
41	13	0.98037
47	13	0.95272
49	13	0.98126
50	13	0.9527
56	13	0.94197
61	13	0.97174
62	13	0.95287
64	13	0.98775
69	13	0.98417
77	13	0.96975
78	13	0.98591
79	13	0.99127
80	13	0.95748
81	13	0.97621
82	13	0.98886
83	13	0.9852
87	13	0.97529
88	13	0.97889
93	13	0.90636
95	13	0.97944
103	13	0.93693
104	13	0.99347
105	13	0.96574
107	13	0.97602
108	13	0.99596
109	13	0.98592
111	13	0.98866
112	13	0.98001
114	13	0.97129
116	13	0.98232
117	13	0.98976
118	13	0.97854
119	13	0.97369
121	13	0.97912
123	13	0.98546
126	13	0.98465
133	13	0.95628
134	13	0.98213
135	13	0.97008
138	13	0.99623
139	13	0.98676
140	13	0.94464
141	13	0.99483
143	13	0.9713
144	13	0.88856
146	13	0.97841
147	13	0.95926
148	13	0.99553
150	13	0.9405
2	14	0.98478
4	14	0.97271
6	14	0.95925
7	14	0.99736
9	14	0.95873
11	14	0.95932
13	14	0.97006
19	14	0.99084
20	14	0.99625
24	14	0.99013
25	14	0.98115
27	14	0.97469
28	14	0.95204
30	14	0.97447
31	14	0.98128
32	14	0.97402
39	14	0.93285
40	14	0.97953
42	14	0.98717
43	14	0.97245
44	14	0.95066
45	14	0.96833
46	14	0.9918
49	14	0.98482
53	14	0.96312
54	14	0.98747
55	14	0.98421
58	14	0.95757
59	14	0.98382
60	14	0.99171
63	14	0.98608
64	14	0.98798
65	14	0.96634
66	14	0.95478
67	14	0.94666
68	14	0.97527
69	14	0.99523
70	14	0.98587
71	14	0.9901
75	14	0.98224
77	14	0.98906
82	14	0.98298
83	14	0.99294
84	14	0.99597
85	14	0.9556
86	14	0.98281
87	14	0.99301
88	14	0.97839
89	14	0.94685
90	14	0.98154
91	14	0.97385
92	14	0.98515
94	14	0.93563
98	14	0.9865
99	14	0.97423
102	14	0.89475
106	14	0.97442
108	14	0.98277
109	14	0.9862
110	14	0.98135
111	14	0.99112
112	14	0.98879
113	14	0.99703
114	14	0.99694
115	14	0.9653
118	14	0.97541
120	14	0.95451
121	14	0.97478
122	14	0.88859
124	14	0.8897
126	14	0.97488
127	14	0.96504
128	14	0.99693
130	14	0.95734
131	14	0.80145
132	14	0.98332
133	14	0.974
134	14	0.9938
135	14	0.99755
136	14	0.90915
137	14	0.96633
140	14	0.95473
141	14	0.98599
142	14	0.97558
145	14	0.9649
147	14	0.97897
148	14	0.96064
149	14	0.67998
5	15	0.98497
6	15	0.98677
10	15	0.96833
13	15	0.99588
16	15	0.93644
18	15	0.9546
20	15	0.97382
21	15	0.94919
23	15	0.97438
24	15	0.98431
25	15	0.96673
26	15	0.97229
29	15	0.89408
30	15	0.99323
32	15	0.98354
33	15	0.99445
37	15	0.96919
38	15	0.97195
41	15	0.97388
47	15	0.94927
49	15	0.97374
50	15	0.94534
56	15	0.93349
61	15	0.97465
62	15	0.94563
64	15	0.98463
69	15	0.98037
72	15	0.96975
76	15	0.95486
77	15	0.97034
78	15	0.98169
79	15	0.98558
80	15	0.94695
81	15	0.96964
82	15	0.98964
83	15	0.98206
87	15	0.97189
88	15	0.98268
93	15	0.89481
95	15	0.97611
103	15	0.92473
104	15	0.9911
107	15	0.96912
108	15	0.98998
109	15	0.9803
111	15	0.98168
112	15	0.97514
114	15	0.96722
116	15	0.97779
117	15	0.9841
118	15	0.97477
119	15	0.9791
121	15	0.97977
123	15	0.98717
125	15	0.90631
126	15	0.98978
133	15	0.95009
134	15	0.97584
135	15	0.9692
138	15	0.98844
139	15	0.98443
140	15	0.94492
141	15	0.98766
144	15	0.87791
146	15	0.97326
147	15	0.95485
148	15	0.98957
150	15	0.94716
5	16	0.96509
10	16	0.92717
12	16	0.92593
13	16	0.93725
15	16	0.93644
17	16	0.97944
18	16	0.97791
21	16	0.98714
23	16	0.91848
26	16	0.96644
29	16	0.98989
30	16	0.93224
32	16	0.93388
33	16	0.94494
35	16	0.96635
37	16	0.96511
41	16	0.95046
47	16	0.99149
48	16	0.94392
50	16	0.98648
56	16	0.9906
57	16	0.94802
62	16	0.98737
72	16	0.94187
76	16	0.95413
78	16	0.93666
79	16	0.95452
80	16	0.98503
81	16	0.97997
93	16	0.98378
95	16	0.95737
96	16	0.94723
101	16	0.97675
103	16	0.9851
104	16	0.94672
105	16	0.95253
107	16	0.97583
108	16	0.91737
116	16	0.97221
117	16	0.95487
118	16	0.919
123	16	0.92508
126	16	0.91876
138	16	0.94346
139	16	0.97373
143	16	0.97132
144	16	0.97828
146	16	0.97707
148	16	0.93497
150	16	0.93594
3	17	0.932
4	17	0.94888
5	17	0.95954
8	17	0.95781
10	17	0.95934
12	17	0.96662
16	17	0.97944
18	17	0.96421
21	17	0.99536
25	17	0.93762
26	17	0.95624
29	17	0.97169
30	17	0.94145
32	17	0.95699
33	17	0.94161
35	17	0.98702
36	17	0.94105
37	17	0.98599
41	17	0.97529
47	17	0.98527
48	17	0.97513
49	17	0.94086
50	17	0.99641
56	17	0.97672
57	17	0.98706
62	17	0.98816
72	17	0.96818
74	17	0.96348
76	17	0.97826
78	17	0.96056
79	17	0.96866
80	17	0.99312
81	17	0.97019
93	17	0.97297
95	17	0.97675
96	17	0.98412
100	17	0.95151
101	17	0.99845
103	17	0.99205
104	17	0.94752
105	17	0.97321
107	17	0.9842
116	17	0.9806
117	17	0.964
118	17	0.95067
138	17	0.94167
139	17	0.95742
143	17	0.98803
144	17	0.95934
146	17	0.96469
150	17	0.94384
5	18	0.98946
6	18	0.95536
10	18	0.9317
13	18	0.96539
15	18	0.9546
16	18	0.97791
17	18	0.96421
21	18	0.97512
23	18	0.94245
24	18	0.93184
26	18	0.9949
29	18	0.97261
30	18	0.95839
32	18	0.95608
33	18	0.96026
35	18	0.96028
37	18	0.96479
41	18	0.95674
47	18	0.98719
48	18	0.93989
50	18	0.97484
56	18	0.99182
57	18	0.9375
62	18	0.98915
72	18	0.93553
78	18	0.9542
79	18	0.97179
80	18	0.98754
81	18	0.99646
93	18	0.97969
95	18	0.96276
96	18	0.93988
101	18	0.96975
103	18	0.98447
104	18	0.9728
105	18	0.95707
107	18	0.98699
108	18	0.95256
111	18	0.93303
116	18	0.98182
117	18	0.97337
118	18	0.93215
123	18	0.94495
138	18	0.97545
139	18	0.98905
141	18	0.94628
143	18	0.98206
144	18	0.97335
146	18	0.99522
148	18	0.97325
2	19	0.99846
7	19	0.99244
11	19	0.95838
13	19	0.96164
14	19	0.99084
20	19	0.97942
24	19	0.98722
27	19	0.99056
28	19	0.9314
31	19	0.99553
39	19	0.95504
42	19	0.96405
43	19	0.97021
44	19	0.94556
46	19	0.98465
54	19	0.97303
55	19	0.96811
59	19	0.96547
60	19	0.99112
63	19	0.97762
64	19	0.98829
65	19	0.98219
66	19	0.96394
67	19	0.94539
68	19	0.97947
69	19	0.99024
70	19	0.97505
71	19	0.98881
75	19	0.97117
77	19	0.99499
82	19	0.97409
83	19	0.97767
84	19	0.98502
86	19	0.98201
87	19	0.97198
88	19	0.97815
89	19	0.9431
92	19	0.9667
98	19	0.98754
99	19	0.99153
102	19	0.92169
108	19	0.97162
109	19	0.98912
111	19	0.97616
112	19	0.9891
113	19	0.98444
114	19	0.97995
122	19	0.92359
128	19	0.98346
130	19	0.98124
131	19	0.85592
132	19	0.99194
133	19	0.99283
134	19	0.99317
135	19	0.99144
136	19	0.94169
137	19	0.97433
140	19	0.97483
141	19	0.97745
147	19	0.99338
149	19	0.7478
2	20	0.96983
4	20	0.98759
6	20	0.96415
7	20	0.99041
8	20	0.94373
9	20	0.95663
10	20	0.98334
11	20	0.9408
12	20	0.97888
13	20	0.97806
14	20	0.99625
15	20	0.97382
19	20	0.97942
23	20	0.94179
24	20	0.98967
25	20	0.99266
27	20	0.95885
28	20	0.94686
30	20	0.98391
31	20	0.96465
32	20	0.98705
33	20	0.96884
34	20	0.93588
36	20	0.94106
38	20	0.97486
40	20	0.98158
41	20	0.97646
42	20	0.98976
43	20	0.96179
45	20	0.97703
46	20	0.9849
48	20	0.96646
49	20	0.99447
51	20	0.91358
53	20	0.97259
54	20	0.98431
55	20	0.98174
58	20	0.9618
59	20	0.98223
60	20	0.98139
61	20	0.97947
63	20	0.97641
64	20	0.98556
68	20	0.96299
69	20	0.9943
70	20	0.98058
71	20	0.98009
72	20	0.96996
73	20	0.89022
75	20	0.97527
77	20	0.9808
78	20	0.98361
79	20	0.97629
82	20	0.98668
83	20	0.99609
84	20	0.99283
85	20	0.96564
86	20	0.97415
87	20	0.99838
88	20	0.97663
90	20	0.98631
91	20	0.9806
92	20	0.98095
94	20	0.94267
96	20	0.95513
97	20	0.96884
98	20	0.9739
99	20	0.95511
100	20	0.95789
104	20	0.96693
106	20	0.97802
108	20	0.98809
109	20	0.98186
110	20	0.98564
111	20	0.99628
112	20	0.98404
113	20	0.99516
114	20	0.99917
115	20	0.96758
118	20	0.98876
119	20	0.96485
120	20	0.96544
121	20	0.9864
123	20	0.97627
124	20	0.89636
126	20	0.98393
127	20	0.97304
128	20	0.99684
129	20	0.93949
132	20	0.96661
133	20	0.95864
134	20	0.9908
135	20	0.99389
137	20	0.95641
138	20	0.96843
140	20	0.93997
141	20	0.98973
142	20	0.97803
145	20	0.97559
147	20	0.96519
148	20	0.96893
3	21	0.91426
4	21	0.94915
5	21	0.97308
8	21	0.94777
10	21	0.96204
12	21	0.96538
13	21	0.95378
15	21	0.94919
16	21	0.98714
17	21	0.99536
18	21	0.97512
22	21	0.94222
26	21	0.96968
29	21	0.97371
30	21	0.95515
32	21	0.96585
33	21	0.96291
35	21	0.99295
37	21	0.9884
41	21	0.9801
47	21	0.99183
48	21	0.9777
50	21	0.99615
56	21	0.9835
57	21	0.98147
62	21	0.99353
72	21	0.97289
74	21	0.94926
76	21	0.97763
78	21	0.96799
79	21	0.97757
80	21	0.99481
81	21	0.98115
93	21	0.97484
95	21	0.98322
96	21	0.98273
101	21	0.9959
103	21	0.99135
104	21	0.96377
105	21	0.97583
107	21	0.99072
116	21	0.98996
117	21	0.97437
118	21	0.95643
123	21	0.95108
138	21	0.95748
139	21	0.97493
143	21	0.98917
144	21	0.96274
146	21	0.97832
148	21	0.9513
150	21	0.95951
3	22	0.92877
4	22	0.95075
8	22	0.94354
10	22	0.95076
12	22	0.95118
21	22	0.94222
25	22	0.9458
30	22	0.93141
32	22	0.94197
33	22	0.94976
34	22	0.94599
35	22	0.96243
36	22	0.95923
37	22	0.9495
38	22	0.96268
41	22	0.95351
45	22	0.93414
48	22	0.96908
49	22	0.93346
51	22	0.94506
52	22	0.91486
53	22	0.95257
57	22	0.94831
61	22	0.96472
72	22	0.96842
73	22	0.90648
74	22	0.94416
76	22	0.96075
78	22	0.94736
79	22	0.9392
83	22	0.93224
85	22	0.93622
87	22	0.93449
90	22	0.94015
91	22	0.9483
94	22	0.93529
95	22	0.95613
96	22	0.95882
97	22	0.95031
100	22	0.95515
101	22	0.93081
110	22	0.94435
116	22	0.94373
118	22	0.9503
120	22	0.93945
121	22	0.95223
123	22	0.94304
126	22	0.9432
127	22	0.93926
129	22	0.938
142	22	0.9307
145	22	0.95
150	22	0.96169
5	23	0.96543
6	23	0.96644
13	23	0.97658
15	23	0.97438
16	23	0.91848
18	23	0.94245
20	23	0.94179
24	23	0.95924
26	23	0.96228
29	23	0.88039
30	23	0.96778
32	23	0.95826
33	23	0.98203
35	23	0.94339
37	23	0.93974
41	23	0.94931
49	23	0.94155
56	23	0.91597
61	23	0.95868
64	23	0.95946
69	23	0.95294
72	23	0.93492
77	23	0.94193
78	23	0.95145
79	23	0.95998
81	23	0.95374
82	23	0.9611
83	23	0.95842
87	23	0.94046
88	23	0.95362
93	23	0.88463
95	23	0.95262
104	23	0.96744
107	23	0.94894
108	23	0.96527
109	23	0.95914
111	23	0.95317
112	23	0.96792
116	23	0.95692
117	23	0.96095
118	23	0.94225
119	23	0.95418
121	23	0.94894
123	23	0.95832
126	23	0.95496
134	23	0.95067
135	23	0.9358
138	23	0.97564
139	23	0.96923
141	23	0.96402
143	23	0.93992
144	23	0.86846
146	23	0.95548
148	23	0.96923
150	23	0.93814
2	24	0.97928
5	24	0.9726
6	24	0.98235
7	24	0.98342
13	24	0.99067
14	24	0.99013
15	24	0.98431
18	24	0.93184
19	24	0.98722
20	24	0.98967
23	24	0.95924
25	24	0.97274
26	24	0.95728
27	24	0.97052
30	24	0.98905
31	24	0.97253
32	24	0.98307
33	24	0.97539
46	24	0.96929
49	24	0.98424
60	24	0.97212
64	24	0.99616
65	24	0.95472
69	24	0.99647
71	24	0.97513
77	24	0.9891
78	24	0.97696
79	24	0.97714
82	24	0.99042
83	24	0.99087
84	24	0.97773
86	24	0.96749
87	24	0.98426
88	24	0.98536
99	24	0.96433
104	24	0.97741
108	24	0.99501
109	24	0.99666
111	24	0.99505
112	24	0.99189
113	24	0.98136
114	24	0.98607
117	24	0.97246
118	24	0.97409
119	24	0.96657
121	24	0.97328
123	24	0.97525
126	24	0.98056
128	24	0.98633
130	24	0.94562
132	24	0.9647
133	24	0.98082
134	24	0.99746
135	24	0.98901
137	24	0.95605
138	24	0.98507
139	24	0.95842
140	24	0.96482
141	24	0.99721
147	24	0.98332
148	24	0.98642
3	25	0.93627
4	25	0.99541
8	25	0.97384
9	25	0.95301
10	25	0.99345
12	25	0.99335
13	25	0.97065
14	25	0.98115
15	25	0.96673
17	25	0.93762
20	25	0.99266
22	25	0.9458
24	25	0.97274
28	25	0.94144
30	25	0.97817
32	25	0.98841
33	25	0.96521
34	25	0.96409
35	25	0.96591
36	25	0.96972
37	25	0.97845
38	25	0.97916
40	25	0.97928
41	25	0.98793
42	25	0.9866
45	25	0.98619
48	25	0.98212
49	25	0.9954
51	25	0.92401
52	25	0.90248
53	25	0.97261
54	25	0.97184
55	25	0.97215
57	25	0.97213
58	25	0.9655
59	25	0.97278
61	25	0.97852
69	25	0.97909
72	25	0.98439
73	25	0.92787
74	25	0.94976
76	25	0.97875
78	25	0.98658
79	25	0.98039
82	25	0.97284
83	25	0.98738
84	25	0.97928
85	25	0.97466
87	25	0.99629
90	25	0.98492
91	25	0.97868
92	25	0.9718
94	25	0.95278
95	25	0.97746
96	25	0.9778
97	25	0.989
100	25	0.98319
105	25	0.96993
106	25	0.97868
108	25	0.97906
110	25	0.98029
111	25	0.98837
113	25	0.98508
114	25	0.99243
118	25	0.99419
120	25	0.97586
121	25	0.98859
123	25	0.97232
124	25	0.91427
126	25	0.9813
127	25	0.97873
128	25	0.98851
129	25	0.93811
134	25	0.97328
135	25	0.97725
138	25	0.96281
141	25	0.98048
143	25	0.9601
145	25	0.97911
5	26	0.99614
6	26	0.97261
13	26	0.98185
15	26	0.97229
16	26	0.96644
17	26	0.95624
18	26	0.9949
21	26	0.96968
23	26	0.96228
24	26	0.95728
29	26	0.95382
30	26	0.97543
32	26	0.97082
33	26	0.97371
35	26	0.96235
37	26	0.97042
41	26	0.9662
47	26	0.97811
49	26	0.94933
50	26	0.96863
56	26	0.97942
62	26	0.98037
64	26	0.94897
78	26	0.96727
79	26	0.98179
80	26	0.98127
81	26	0.99658
82	26	0.95268
93	26	0.96071
95	26	0.97079
101	26	0.96387
103	26	0.97258
104	26	0.98385
105	26	0.96157
107	26	0.98833
108	26	0.97121
109	26	0.95073
111	26	0.95532
116	26	0.98478
117	26	0.98183
118	26	0.94849
123	26	0.96052
126	26	0.9484
138	26	0.98984
139	26	0.99326
141	26	0.9681
143	26	0.98374
144	26	0.95036
146	26	0.99428
148	26	0.98696
2	27	0.99432
7	27	0.97824
11	27	0.94818
14	27	0.97469
19	27	0.99056
20	27	0.95885
24	27	0.97052
31	27	0.99646
39	27	0.97189
43	27	0.97241
44	27	0.96049
46	27	0.97544
54	27	0.96573
55	27	0.95993
59	27	0.95918
60	27	0.98279
63	27	0.96666
64	27	0.97861
65	27	0.99648
66	27	0.98598
67	27	0.94893
68	27	0.99088
69	27	0.97737
70	27	0.97529
71	27	0.98775
75	27	0.96535
77	27	0.99221
82	27	0.96681
83	27	0.96154
84	27	0.96825
86	27	0.98578
88	27	0.97994
89	27	0.9523
92	27	0.95418
98	27	0.98527
99	27	0.99581
102	27	0.92866
109	27	0.98099
111	27	0.95428
112	27	0.98016
113	27	0.96525
114	27	0.95827
122	27	0.952
125	27	0.92597
128	27	0.96222
130	27	0.99259
131	27	0.89378
132	27	0.98492
133	27	0.99115
134	27	0.97505
135	27	0.98033
136	27	0.95843
137	27	0.97571
140	27	0.99066
141	27	0.95387
142	27	0.95607
147	27	0.99521
149	27	0.79839
7	28	0.96094
9	28	0.99758
11	28	0.98125
14	28	0.95204
19	28	0.9314
20	28	0.94686
25	28	0.94144
34	28	0.93479
39	28	0.92324
40	28	0.98776
42	28	0.97889
43	28	0.95917
44	28	0.95049
45	28	0.97591
46	28	0.97367
52	28	0.89448
53	28	0.94406
54	28	0.97315
55	28	0.98049
58	28	0.97743
59	28	0.96571
60	28	0.96701
63	28	0.9825
67	28	0.97753
70	28	0.95468
71	28	0.94571
73	28	0.91344
75	28	0.98208
84	28	0.97259
85	28	0.97976
86	28	0.94344
87	28	0.94968
89	28	0.96833
90	28	0.95323
91	28	0.94709
92	28	0.98174
94	28	0.97288
97	28	0.94276
98	28	0.96426
102	28	0.9242
106	28	0.98235
110	28	0.96546
113	28	0.96837
114	28	0.95743
115	28	0.94642
120	28	0.96331
124	28	0.95375
127	28	0.95914
128	28	0.95791
131	28	0.79069
132	28	0.95541
135	28	0.95219
136	28	0.89567
137	28	0.92994
142	28	0.94929
145	28	0.93717
149	28	0.67779
5	29	0.94288
6	29	0.87891
10	29	0.88836
12	29	0.89137
13	29	0.9005
15	29	0.89408
16	29	0.98989
17	29	0.97169
18	29	0.97261
21	29	0.97371
23	29	0.88039
26	29	0.95382
30	29	0.89599
32	29	0.8997
33	29	0.90623
35	29	0.94295
37	29	0.93956
41	29	0.91849
47	29	0.98394
48	29	0.91232
50	29	0.9738
56	29	0.99
57	29	0.92477
62	29	0.98241
72	29	0.90592
74	29	0.88103
76	29	0.92013
78	29	0.90265
79	29	0.92505
80	29	0.97773
81	29	0.96839
93	29	0.99609
95	29	0.92981
96	29	0.92114
101	29	0.96603
103	29	0.98638
104	29	0.91611
105	29	0.92604
107	29	0.96163
116	29	0.95093
117	29	0.92655
118	29	0.87818
123	29	0.88638
138	29	0.91437
139	29	0.95119
143	29	0.95731
144	29	0.99524
146	29	0.96285
148	29	0.90605
150	29	0.90918
4	30	0.9787
5	30	0.98676
6	30	0.99164
10	30	0.98031
12	30	0.97338
13	30	0.99594
14	30	0.97447
15	30	0.99323
16	30	0.93224
17	30	0.94145
18	30	0.95839
20	30	0.98391
21	30	0.95515
22	30	0.93141
23	30	0.96778
24	30	0.98905
25	30	0.97817
26	30	0.97543
29	30	0.89599
32	30	0.99473
33	30	0.99225
35	30	0.96487
37	30	0.97974
38	30	0.98071
41	30	0.98507
47	30	0.95364
48	30	0.97757
49	30	0.98635
50	30	0.95347
56	30	0.9344
57	30	0.95375
61	30	0.98319
62	30	0.95416
64	30	0.98724
69	30	0.98626
72	30	0.98042
76	30	0.96255
77	30	0.97123
78	30	0.9937
79	30	0.99407
80	30	0.95714
81	30	0.9736
82	30	0.99433
83	30	0.99057
87	30	0.98224
88	30	0.98423
93	30	0.90151
95	30	0.98786
96	30	0.96055
101	30	0.95285
103	30	0.93678
104	30	0.99461
105	30	0.96805
107	30	0.97912
108	30	0.99671
109	30	0.98485
111	30	0.99141
112	30	0.97891
114	30	0.97734
116	30	0.98528
117	30	0.99269
118	30	0.98866
119	30	0.98564
121	30	0.98882
123	30	0.99515
125	30	0.91381
126	30	0.99118
129	30	0.94252
133	30	0.95031
134	30	0.97951
135	30	0.97471
138	30	0.99209
139	30	0.98203
140	30	0.94503
141	30	0.99218
143	30	0.97272
144	30	0.88156
146	30	0.97552
147	30	0.95773
148	30	0.99489
150	30	0.95502
2	31	0.99851
7	31	0.98731
11	31	0.96584
14	31	0.98128
19	31	0.99553
20	31	0.96465
24	31	0.97253
27	31	0.99646
39	31	0.97565
43	31	0.97457
44	31	0.95786
46	31	0.98299
54	31	0.97123
55	31	0.96535
59	31	0.9609
60	31	0.99126
63	31	0.97834
64	31	0.97702
65	31	0.99217
66	31	0.97506
67	31	0.95894
68	31	0.98491
69	31	0.9794
70	31	0.97458
71	31	0.98803
75	31	0.97206
77	31	0.99071
82	31	0.96084
83	31	0.96243
84	31	0.97805
86	31	0.98265
88	31	0.97072
89	31	0.95722
92	31	0.96245
98	31	0.99123
99	31	0.99841
102	31	0.94399
109	31	0.97902
111	31	0.95879
112	31	0.97981
113	31	0.97452
114	31	0.96612
122	31	0.95049
128	31	0.97148
130	31	0.99353
131	31	0.89439
132	31	0.99521
133	31	0.99163
134	31	0.9809
135	31	0.98382
136	31	0.96501
137	31	0.972
140	31	0.97909
147	31	0.9932
149	31	0.79776
3	32	0.90891
4	32	0.98973
5	32	0.98361
6	32	0.97781
8	32	0.95478
10	32	0.99045
12	32	0.98901
13	32	0.98997
14	32	0.97402
15	32	0.98354
16	32	0.93388
17	32	0.95699
18	32	0.95608
20	32	0.98705
21	32	0.96585
22	32	0.94197
23	32	0.95826
24	32	0.98307
25	32	0.98841
26	32	0.97082
29	32	0.8997
30	32	0.99473
33	32	0.98669
35	32	0.97975
36	32	0.94669
37	32	0.9899
38	32	0.98131
41	32	0.99546
47	32	0.95525
48	32	0.98726
49	32	0.99466
50	32	0.96436
51	32	0.91341
56	32	0.93823
57	32	0.97389
61	32	0.98195
62	32	0.9592
64	32	0.97793
69	32	0.98119
72	32	0.98689
74	32	0.93348
76	32	0.97394
78	32	0.99842
79	32	0.99765
80	32	0.96685
81	32	0.96999
82	32	0.98557
83	32	0.98974
87	32	0.98665
90	32	0.97105
93	32	0.90865
95	32	0.99256
96	32	0.98004
97	32	0.96353
100	32	0.96302
101	32	0.96814
103	32	0.94807
104	32	0.98977
105	32	0.98062
107	32	0.98266
108	32	0.99389
109	32	0.97377
111	32	0.99273
112	32	0.97091
114	32	0.98132
116	32	0.98828
117	32	0.99219
118	32	0.9954
119	32	0.97177
121	32	0.99138
123	32	0.98891
126	32	0.98325
128	32	0.97597
129	32	0.9372
134	32	0.97534
138	32	0.98699
139	32	0.97458
141	32	0.99015
143	32	0.98245
144	32	0.88671
145	32	0.96764
146	32	0.96964
148	32	0.98721
150	32	0.9525
5	33	0.98435
6	33	0.98556
10	33	0.97061
13	33	0.99257
15	33	0.99445
16	33	0.94494
17	33	0.94161
18	33	0.96026
20	33	0.96884
21	33	0.96291
22	33	0.94976
23	33	0.98203
24	33	0.97539
25	33	0.96521
26	33	0.97371
29	33	0.90623
30	33	0.99225
32	33	0.98669
35	33	0.97149
37	33	0.97567
38	33	0.97703
41	33	0.9806
47	33	0.96041
48	33	0.9741
49	33	0.97315
50	33	0.95412
56	33	0.94059
57	33	0.94771
61	33	0.98286
62	33	0.95861
64	33	0.97598
69	33	0.97094
72	33	0.97665
76	33	0.95929
78	33	0.98619
79	33	0.98871
80	33	0.95689
81	33	0.9742
82	33	0.9863
83	33	0.98093
87	33	0.96756
88	33	0.97505
93	33	0.90903
95	33	0.98491
96	33	0.9579
101	33	0.95169
103	33	0.93835
104	33	0.99209
105	33	0.96133
107	33	0.97745
108	33	0.98666
109	33	0.97064
111	33	0.97802
112	33	0.97168
116	33	0.98667
117	33	0.98699
118	33	0.97805
119	33	0.98012
121	33	0.98231
123	33	0.99033
125	33	0.91181
126	33	0.98452
129	33	0.93451
138	33	0.98588
139	33	0.98617
141	33	0.98063
143	33	0.96661
144	33	0.89246
146	33	0.97833
148	33	0.98848
150	33	0.96888
3	34	0.98261
4	34	0.96463
8	34	0.98244
9	34	0.94762
10	34	0.95797
12	34	0.96682
20	34	0.93588
22	34	0.94599
25	34	0.96409
28	34	0.93479
35	34	0.93209
36	34	0.99381
37	34	0.93576
38	34	0.94224
40	34	0.95871
41	34	0.94309
42	34	0.95685
45	34	0.97652
48	34	0.95415
49	34	0.94373
51	34	0.92707
52	34	0.98221
53	34	0.95035
55	34	0.93345
57	34	0.95717
58	34	0.9658
59	34	0.93086
61	34	0.93069
72	34	0.95328
73	34	0.98446
74	34	0.97718
76	34	0.95865
78	34	0.93168
85	34	0.98143
87	34	0.94633
90	34	0.94968
91	34	0.94733
92	34	0.93555
94	34	0.96772
96	34	0.95839
97	34	0.98831
100	34	0.99013
106	34	0.96281
110	34	0.95157
114	34	0.93926
118	34	0.94985
120	34	0.97959
121	34	0.93922
124	34	0.94841
127	34	0.96618
145	34	0.95649
3	35	0.93396
4	35	0.97057
5	35	0.97154
8	35	0.96579
10	35	0.97849
12	35	0.98298
13	35	0.96231
16	35	0.96635
17	35	0.98702
18	35	0.96028
21	35	0.99295
22	35	0.96243
23	35	0.94339
25	35	0.96591
26	35	0.96235
29	35	0.94295
30	35	0.96487
32	35	0.97975
33	35	0.97149
34	35	0.93209
36	35	0.95805
37	35	0.9928
38	35	0.95923
41	35	0.99146
47	35	0.97446
48	35	0.98754
49	35	0.9681
50	35	0.98741
52	35	0.87181
56	35	0.96297
57	35	0.9892
62	35	0.97871
72	35	0.9823
73	35	0.88967
74	35	0.9619
76	35	0.98402
78	35	0.98022
79	35	0.98458
80	35	0.98517
81	35	0.96957
93	35	0.94695
95	35	0.98766
96	35	0.99437
100	35	0.96764
101	35	0.99067
103	35	0.9757
104	35	0.96675
105	35	0.98053
107	35	0.98508
116	35	0.98914
117	35	0.97637
118	35	0.9734
121	35	0.96441
123	35	0.96004
138	35	0.96217
139	35	0.96715
143	35	0.98765
144	35	0.92981
146	35	0.96668
150	35	0.95893
3	36	0.98955
4	36	0.97635
8	36	0.99242
10	36	0.97061
12	36	0.98055
17	36	0.94105
20	36	0.94106
22	36	0.95923
25	36	0.96972
32	36	0.94669
34	36	0.99381
35	36	0.95805
37	36	0.95849
38	36	0.95304
40	36	0.94726
41	36	0.9632
42	36	0.94998
45	36	0.96951
48	36	0.9739
49	36	0.95543
51	36	0.93297
52	36	0.97148
53	36	0.94801
57	36	0.97796
58	36	0.95403
61	36	0.94325
72	36	0.96979
73	36	0.97721
74	36	0.9898
76	36	0.97441
78	36	0.951
79	36	0.93812
85	36	0.96947
87	36	0.95128
90	36	0.94969
91	36	0.94874
94	36	0.95481
95	36	0.95195
96	36	0.97931
97	36	0.99021
100	36	0.99622
101	36	0.94386
105	36	0.94315
106	36	0.95166
110	36	0.94994
114	36	0.9414
118	36	0.96309
120	36	0.97171
121	36	0.95004
124	36	0.9248
127	36	0.96217
145	36	0.95954
3	37	0.93415
4	37	0.9829
5	37	0.98036
8	37	0.97056
10	37	0.98837
12	37	0.99083
13	37	0.97446
15	37	0.96919
16	37	0.96511
17	37	0.98599
18	37	0.96479
21	37	0.9884
22	37	0.9495
23	37	0.93974
25	37	0.97845
26	37	0.97042
29	37	0.93956
30	37	0.97974
32	37	0.9899
33	37	0.97567
34	37	0.93576
35	37	0.9928
36	37	0.95849
38	37	0.97203
41	37	0.99692
47	37	0.97677
48	37	0.9924
49	37	0.98097
50	37	0.9889
52	37	0.87088
56	37	0.96219
57	37	0.99109
62	37	0.97877
72	37	0.99061
73	37	0.89516
74	37	0.96152
76	37	0.99036
78	37	0.99152
79	37	0.99403
80	37	0.98648
81	37	0.97721
93	37	0.94274
95	37	0.995
96	37	0.99273
97	37	0.96592
100	37	0.97256
101	37	0.99095
103	37	0.97452
104	37	0.97887
105	37	0.98902
107	37	0.99109
108	37	0.97295
111	37	0.9718
116	37	0.99291
117	37	0.98738
118	37	0.98614
121	37	0.97808
123	37	0.97474
126	37	0.97005
138	37	0.97396
139	37	0.97451
141	37	0.96897
143	37	0.99331
144	37	0.92384
146	37	0.97375
148	37	0.97051
150	37	0.95581
3	38	0.91815
4	38	0.98289
6	38	0.96366
8	38	0.94937
10	38	0.97977
12	38	0.9745
13	38	0.96619
15	38	0.97195
20	38	0.97486
22	38	0.96268
25	38	0.97916
30	38	0.98071
32	38	0.98131
33	38	0.97703
34	38	0.94224
35	38	0.95923
36	38	0.95304
37	38	0.97203
41	38	0.97724
42	38	0.96567
48	38	0.98701
49	38	0.976
51	38	0.96094
52	38	0.88889
53	38	0.98715
57	38	0.95844
58	38	0.95562
59	38	0.96932
61	38	0.99298
70	38	0.96433
72	38	0.99128
73	38	0.89674
74	38	0.93228
76	38	0.97059
78	38	0.98702
79	38	0.97668
82	38	0.98141
83	38	0.98106
85	38	0.95556
87	38	0.97765
88	38	0.96878
90	38	0.986
91	38	0.98959
94	38	0.93921
95	38	0.98405
96	38	0.9625
97	38	0.96465
100	38	0.96041
104	38	0.97391
106	38	0.96392
108	38	0.97202
110	38	0.97761
111	38	0.97201
114	38	0.97005
115	38	0.97309
116	38	0.96989
117	38	0.97517
118	38	0.99064
119	38	0.98342
120	38	0.96989
121	38	0.994
123	38	0.99161
125	38	0.94023
126	38	0.98501
127	38	0.97961
129	38	0.98001
142	38	0.97988
145	38	0.98897
148	38	0.96088
150	38	0.96991
2	39	0.96617
7	39	0.94932
11	39	0.9711
14	39	0.93285
19	39	0.95504
27	39	0.97189
28	39	0.92324
31	39	0.97565
43	39	0.96418
44	39	0.97014
46	39	0.95809
54	39	0.94361
55	39	0.93797
59	39	0.93106
60	39	0.966
63	39	0.96017
65	39	0.98249
66	39	0.96747
67	39	0.9792
68	39	0.96857
69	39	0.91864
70	39	0.95099
71	39	0.96121
75	39	0.9579
77	39	0.94866
84	39	0.93906
86	39	0.95989
88	39	0.91693
89	39	0.97799
92	39	0.93833
98	39	0.97607
99	39	0.98191
102	39	0.98337
109	39	0.91581
112	39	0.92505
113	39	0.92942
115	39	0.91675
122	39	0.98833
128	39	0.91716
130	39	0.98896
131	39	0.95772
132	39	0.97621
133	39	0.94828
134	39	0.91818
135	39	0.9389
136	39	0.99476
137	39	0.94684
140	39	0.94491
142	39	0.91619
147	39	0.953
149	39	0.89054
3	40	0.90659
4	40	0.96972
7	40	0.98121
8	40	0.93957
9	40	0.99282
11	40	0.96812
14	40	0.97953
20	40	0.98158
25	40	0.97928
28	40	0.98776
34	40	0.95871
36	40	0.94726
42	40	0.99668
43	40	0.96546
44	40	0.95089
45	40	0.99214
46	40	0.98728
49	40	0.9687
51	40	0.91388
52	40	0.90763
53	40	0.97174
54	40	0.98884
55	40	0.99229
58	40	0.98578
59	40	0.98351
60	40	0.98044
63	40	0.9876
67	40	0.96108
69	40	0.96549
70	40	0.97428
71	40	0.96564
73	40	0.9274
75	40	0.98799
83	40	0.96732
84	40	0.99139
85	40	0.99106
86	40	0.96299
87	40	0.98314
89	40	0.95613
90	40	0.98046
91	40	0.97512
92	40	0.99153
94	40	0.97455
97	40	0.97359
98	40	0.97454
100	40	0.95787
102	40	0.89354
106	40	0.99523
110	40	0.98735
111	40	0.96426
113	40	0.99005
114	40	0.98683
115	40	0.96841
118	40	0.96193
120	40	0.98323
124	40	0.94575
127	40	0.98014
128	40	0.98492
132	40	0.96374
135	40	0.97784
142	40	0.97267
145	40	0.96945
3	41	0.9345
4	41	0.99035
5	41	0.97949
6	41	0.95899
8	41	0.97282
10	41	0.99373
12	41	0.99523
13	41	0.98037
15	41	0.97388
16	41	0.95046
17	41	0.97529
18	41	0.95674
20	41	0.97646
21	41	0.9801
22	41	0.95351
23	41	0.94931
25	41	0.98793
26	41	0.9662
29	41	0.91849
30	41	0.98507
32	41	0.99546
33	41	0.9806
34	41	0.94309
35	41	0.99146
36	41	0.9632
37	41	0.99692
38	41	0.97724
47	41	0.96451
48	41	0.99365
49	41	0.99087
50	41	0.97981
52	41	0.87674
56	41	0.94896
57	41	0.98895
61	41	0.97503
62	41	0.96797
72	41	0.99142
73	41	0.90216
74	41	0.95685
76	41	0.98817
78	41	0.99499
79	41	0.99569
80	41	0.97751
81	41	0.96969
83	41	0.97784
87	41	0.97971
93	41	0.9242
95	41	0.99468
96	41	0.99323
97	41	0.97273
100	41	0.97628
101	41	0.98255
103	41	0.96196
104	41	0.98038
105	41	0.9876
107	41	0.98519
108	41	0.98191
111	41	0.98311
116	41	0.99028
117	41	0.98891
118	41	0.99297
121	41	0.98537
123	41	0.97935
126	41	0.97683
138	41	0.97809
139	41	0.97138
141	41	0.97894
143	41	0.98906
144	41	0.90266
146	41	0.9677
148	41	0.97435
150	41	0.95375
3	42	0.90804
4	42	0.97936
7	42	0.98514
8	42	0.94379
9	42	0.98368
10	42	0.96914
11	42	0.96173
12	42	0.96621
14	42	0.98717
19	42	0.96405
20	42	0.98976
25	42	0.9866
28	42	0.97889
34	42	0.95685
36	42	0.94998
38	42	0.96567
40	42	0.99668
43	42	0.97137
44	42	0.95664
45	42	0.99281
46	42	0.9895
49	42	0.9783
51	42	0.92855
52	42	0.90048
53	42	0.98086
54	42	0.99436
55	42	0.995
58	42	0.98691
59	42	0.99117
60	42	0.98263
61	42	0.9695
63	42	0.98827
67	42	0.95667
69	42	0.97653
70	42	0.98362
71	42	0.97647
73	42	0.92079
75	42	0.99011
83	42	0.98087
84	42	0.99372
85	42	0.98889
86	42	0.97303
87	42	0.99109
89	42	0.95689
90	42	0.99033
91	42	0.98566
92	42	0.99511
94	42	0.97349
97	42	0.97632
98	42	0.97757
100	42	0.96106
102	42	0.88348
106	42	0.9949
110	42	0.99336
111	42	0.97533
113	42	0.99377
114	42	0.99309
115	42	0.97898
118	42	0.97493
120	42	0.98522
121	42	0.97395
124	42	0.93741
127	42	0.98771
128	42	0.99103
129	42	0.94347
132	42	0.96547
134	42	0.96945
135	42	0.98591
142	42	0.98434
145	42	0.98245
2	43	0.97179
7	43	0.97745
9	43	0.9561
11	43	0.96842
14	43	0.97245
19	43	0.97021
20	43	0.96179
27	43	0.97241
28	43	0.95917
31	43	0.97457
39	43	0.96418
40	43	0.96546
42	43	0.97137
44	43	0.97793
46	43	0.98432
54	43	0.98307
55	43	0.98255
59	43	0.97977
60	43	0.98322
63	43	0.98286
65	43	0.97457
66	43	0.97386
67	43	0.97576
68	43	0.98002
69	43	0.96209
70	43	0.98307
71	43	0.98642
75	43	0.98593
77	43	0.9714
83	43	0.96159
84	43	0.97817
86	43	0.98313
89	43	0.97763
90	43	0.96253
91	43	0.96186
92	43	0.97849
94	43	0.94962
98	43	0.98652
99	43	0.97134
102	43	0.93187
106	43	0.9647
110	43	0.9766
112	43	0.97021
113	43	0.97315
114	43	0.9656
115	43	0.96808
122	43	0.94097
125	43	0.92346
128	43	0.96707
130	43	0.96453
131	43	0.85815
132	43	0.97719
133	43	0.95014
135	43	0.9766
136	43	0.93904
137	43	0.96665
140	43	0.94443
142	43	0.97207
147	43	0.95911
149	43	0.75732
2	44	0.94893
7	44	0.95724
9	44	0.94457
11	44	0.96195
14	44	0.95066
19	44	0.94556
27	44	0.96049
28	44	0.95049
31	44	0.95786
39	44	0.97014
40	44	0.95089
42	44	0.95664
43	44	0.97793
46	44	0.97506
53	44	0.95399
54	44	0.9742
55	44	0.9715
58	44	0.95633
59	44	0.97496
60	44	0.96881
63	44	0.97125
65	44	0.97446
66	44	0.97989
67	44	0.98367
68	44	0.98394
70	44	0.98556
71	44	0.97708
75	44	0.98407
77	44	0.95369
84	44	0.95781
86	44	0.98227
89	44	0.99324
90	44	0.95655
91	44	0.9596
92	44	0.97328
98	44	0.98059
99	44	0.96112
102	44	0.93185
106	44	0.9569
110	44	0.96531
113	44	0.95163
115	44	0.97885
122	44	0.94371
125	44	0.95014
127	44	0.95003
129	44	0.93641
130	44	0.95847
131	44	0.87554
132	44	0.95931
135	44	0.95673
136	44	0.94212
137	44	0.95802
142	44	0.97079
145	44	0.94576
149	44	0.78499
3	45	0.93791
4	45	0.97976
7	45	0.96382
8	45	0.96415
9	45	0.97993
10	45	0.97085
11	45	0.93937
12	45	0.97112
14	45	0.96833
20	45	0.97703
22	45	0.93414
25	45	0.98619
28	45	0.97591
34	45	0.97652
36	45	0.96951
40	45	0.99214
42	45	0.99281
46	45	0.9685
49	45	0.97092
51	45	0.93443
52	45	0.93333
53	45	0.97592
54	45	0.97797
55	45	0.98569
58	45	0.98622
59	45	0.97856
61	45	0.96072
63	45	0.96936
70	45	0.96071
73	45	0.953
74	45	0.93908
75	45	0.97231
76	45	0.95589
83	45	0.9652
84	45	0.978
85	45	0.99549
87	45	0.984
90	45	0.9824
91	45	0.97858
92	45	0.98323
94	45	0.98152
97	45	0.99097
100	45	0.97724
106	45	0.99171
110	45	0.98444
111	45	0.96096
113	45	0.98047
114	45	0.98195
115	45	0.9643
118	45	0.97045
120	45	0.98764
121	45	0.96533
124	45	0.95234
126	45	0.96113
127	45	0.98678
128	45	0.97862
129	45	0.93638
135	45	0.96722
142	45	0.97328
145	45	0.97752
2	46	0.98181
7	46	0.99569
9	46	0.97688
11	46	0.98047
14	46	0.9918
19	46	0.98465
20	46	0.9849
24	46	0.96929
27	46	0.97544
28	46	0.97367
31	46	0.98299
39	46	0.95809
40	46	0.98728
42	46	0.9895
43	46	0.98432
44	46	0.97506
45	46	0.9685
53	46	0.96551
54	46	0.99379
55	46	0.99206
58	46	0.9684
59	46	0.98724
60	46	0.99761
63	46	0.9959
64	46	0.96972
65	46	0.97424
66	46	0.9663
67	46	0.97664
68	46	0.9812
69	46	0.9811
70	46	0.99162
71	46	0.99049
75	46	0.99571
77	46	0.98214
83	46	0.97679
84	46	0.99698
85	46	0.96473
86	46	0.98708
87	46	0.98019
89	46	0.97513
90	46	0.97737
91	46	0.97261
92	46	0.99175
94	46	0.94795
98	46	0.99677
99	46	0.97946
102	46	0.9297
106	46	0.98171
110	46	0.98498
111	46	0.97159
112	46	0.97367
113	46	0.99332
114	46	0.98791
115	46	0.9743
120	46	0.9593
122	46	0.91657
124	46	0.90448
125	46	0.91107
127	46	0.96573
128	46	0.9877
130	46	0.96581
131	46	0.83895
132	46	0.98909
133	46	0.96202
134	46	0.97794
135	46	0.99205
136	46	0.93411
137	46	0.96814
140	46	0.94695
142	46	0.97798
147	46	0.96934
149	46	0.72637
5	47	0.9766
6	47	0.94108
10	47	0.94297
12	47	0.94189
13	47	0.95272
15	47	0.94927
16	47	0.99149
17	47	0.98527
18	47	0.98719
21	47	0.99183
26	47	0.97811
29	47	0.98394
30	47	0.95364
32	47	0.95525
33	47	0.96041
35	47	0.97446
37	47	0.97677
41	47	0.96451
48	47	0.96226
50	47	0.98881
56	47	0.99074
57	47	0.95973
62	47	0.99777
72	47	0.95889
74	47	0.91338
76	47	0.95804
78	47	0.95911
79	47	0.97155
80	47	0.99236
81	47	0.99059
