6	2	0.99553
7	2	0.99262
9	2	0.87597
10	2	0.97182
12	2	0.9867
13	2	0.99387
15	2	0.99799
19	2	0.99152
20	2	0.98914
21	2	0.95492
22	2	0.98738
25	2	0.99386
27	2	0.99432
28	2	0.97984
29	2	0.92147
31	2	0.98778
33	2	0.98794
34	2	0.99729
36	2	0.98778
37	2	0.99013
38	2	0.99456
39	2	0.99379
40	2	0.97909
42	2	0.99643
43	2	0.98801
44	2	0.98839
45	2	0.98751
46	2	0.99282
48	2	0.98819
52	2	0.99015
54	2	0.98737
55	2	0.98668
57	2	0.98468
58	2	0.9901
63	2	0.99015
64	2	0.98565
65	2	0.99089
70	2	0.99235
73	2	0.99129
74	2	0.99124
75	2	0.98662
76	2	0.98664
79	2	0.98621
81	2	0.98653
85	2	0.98864
89	2	0.9876
93	2	0.98682
95	2	0.98905
96	2	0.9883
100	2	0.99123
102	2	0.98562
107	2	0.9963
115	2	0.99091
117	2	0.98737
118	2	0.97059
121	2	0.98885
127	2	0.98869
135	2	0.99005
138	2	0.99132
4	3	0.89728
6	3	0.97635
7	3	0.97959
9	3	0.87508
10	3	0.99107
11	3	0.9941
13	3	0.98058
15	3	0.97699
17	3	0.92637
19	3	0.97973
21	3	0.95209
23	3	0.97629
24	3	0.98207
28	3	0.96806
29	3	0.89594
31	3	0.97857
33	3	0.97087
36	3	0.9794
38	3	0.97656
41	3	0.97594
43	3	0.98699
44	3	0.979
45	3	0.97833
46	3	0.97803
48	3	0.98059
52	3	0.97811
54	3	0.97916
57	3	0.98151
63	3	0.98263
67	3	0.97684
70	3	0.97843
73	3	0.9876
74	3	0.98383
81	3	0.97628
88	3	0.981
89	3	0.97678
91	3	0.97721
92	3	0.97848
96	3	0.98409
98	3	0.9776
99	3	0.98077
102	3	0.97921
103	3	0.97845
105	3	0.98146
107	3	0.98278
109	3	0.98145
112	3	0.98449
113	3	0.97619
121	3	0.97863
126	3	0.98325
127	3	0.98132
129	3	0.97614
134	3	0.97708
135	3	0.98222
141	3	0.97727
142	3	0.98108
145	3	0.98511
3	4	0.89728
5	4	0.95589
7	4	0.90128
11	4	0.90095
12	4	0.94607
16	4	0.9303
17	4	0.98772
18	4	0.49144
24	4	0.91109
26	4	0.48402
28	4	0.90152
35	4	0.92505
36	4	0.89846
37	4	0.92519
43	4	0.90197
44	4	0.89737
45	4	0.89784
47	4	0.95941
48	4	0.92035
49	4	0.90074
50	4	0.92096
52	4	0.90427
57	4	0.90808
73	4	0.89979
74	4	0.90367
80	4	0.95317
83	4	0.90027
84	4	0.90361
87	4	0.90095
93	4	0.90716
95	4	0.90221
96	4	0.91573
101	4	0.83449
103	4	0.9082
107	4	0.8986
109	4	0.92989
110	4	0.90668
112	4	0.9229
113	4	0.90913
114	4	0.92136
116	4	0.91136
126	4	0.89977
127	4	0.8983
132	4	0.90007
135	4	0.90005
136	4	0.89962
140	4	0.67069
142	4	0.89953
143	4	0.90453
144	4	0.90633
145	4	0.89898
146	4	0.92882
147	4	0.93555
148	4	0.89785
4	5	0.95589
7	5	0.97877
12	5	0.99176
14	5	0.97998
16	5	0.99017
17	5	0.96827
18	5	0.26937
20	5	0.98018
23	5	0.979
26	5	0.26093
29	5	0.89029
32	5	0.97923
35	5	0.99119
37	5	0.98416
41	5	0.97877
45	5	0.98037
47	5	0.98936
48	5	0.98884
49	5	0.97924
50	5	0.99
52	5	0.9796
55	5	0.98045
58	5	0.97935
62	5	0.98111
75	5	0.97904
76	5	0.97903
78	5	0.98103
80	5	0.9971
83	5	0.98156
84	5	0.98447
85	5	0.9807
87	5	0.98314
91	5	0.97909
92	5	0.97907
93	5	0.98629
94	5	0.97942
95	5	0.9823
96	5	0.98652
97	5	0.97935
100	5	0.97968
101	5	0.68815
103	5	0.98254
106	5	0.98084
108	5	0.97884
109	5	0.98588
110	5	0.98161
111	5	0.97929
113	5	0.98316
114	5	0.98928
116	5	0.98707
132	5	0.98097
140	5	0.47685
143	5	0.98406
144	5	0.98657
146	5	0.9907
147	5	0.98853
148	5	0.97977
2	6	0.99553
3	6	0.97635
7	6	0.99509
9	6	0.85418
10	6	0.96989
13	6	0.99595
15	6	0.99493
19	6	0.9875
20	6	0.98958
21	6	0.94498
25	6	0.99463
27	6	0.99503
28	6	0.97138
29	6	0.90129
30	6	0.99144
31	6	0.99051
33	6	0.98395
34	6	0.98925
37	6	0.98795
38	6	0.99417
39	6	0.99925
40	6	0.9716
42	6	0.99212
43	6	0.99244
44	6	0.99351
45	6	0.98964
46	6	0.98971
48	6	0.99047
54	6	0.99319
57	6	0.98014
58	6	0.9919
61	6	0.9897
63	6	0.99406
64	6	0.98966
65	6	0.99752
70	6	0.99713
73	6	0.9905
74	6	0.98917
75	6	0.99
79	6	0.98935
81	6	0.99364
85	6	0.98917
88	6	0.992
89	6	0.99454
92	6	0.98998
95	6	0.99202
98	6	0.99026
100	6	0.99227
102	6	0.98469
105	6	0.94248
107	6	0.99698
108	6	0.99053
110	6	0.98993
112	6	0.99232
115	6	0.99749
117	6	0.99494
118	6	0.97052
121	6	0.99468
127	6	0.99306
129	6	0.99068
135	6	0.9942
138	6	0.99644
142	6	0.99025
145	6	0.99171
2	7	0.99262
3	7	0.97959
4	7	0.90128
5	7	0.97877
6	7	0.99509
9	7	0.85047
10	7	0.96969
11	7	0.99045
12	7	0.98893
13	7	0.9939
15	7	0.99419
16	7	0.98533
17	7	0.92962
19	7	0.98951
20	7	0.9972
21	7	0.94238
22	7	0.9931
24	7	0.98688
25	7	0.99721
27	7	0.99579
28	7	0.9672
29	7	0.88949
30	7	0.99702
31	7	0.99637
33	7	0.9744
34	7	0.98699
36	7	0.99403
37	7	0.99176
38	7	0.99817
39	7	0.9953
40	7	0.96891
42	7	0.98361
43	7	0.99497
44	7	0.99692
45	7	0.99755
46	7	0.9882
48	7	0.99729
50	7	0.99391
52	7	0.99409
53	7	0.9972
54	7	0.9905
55	7	0.99703
56	7	0.97816
57	7	0.97883
58	7	0.99778
59	7	0.99626
61	7	0.9957
62	7	0.99667
63	7	0.99425
65	7	0.99383
67	7	0.99557
70	7	0.99703
73	7	0.99583
74	7	0.99468
75	7	0.997
76	7	0.99608
81	7	0.9971
85	7	0.99688
86	7	0.99573
87	7	0.99671
88	7	0.99733
89	7	0.99666
90	7	0.99555
91	7	0.99669
92	7	0.99691
93	7	0.99552
95	7	0.99773
96	7	0.99632
98	7	0.99753
100	7	0.9985
102	7	0.97616
105	7	0.94301
106	7	0.99612
107	7	0.99744
108	7	0.99692
109	7	0.99202
110	7	0.99696
112	7	0.99268
113	7	0.99668
114	7	0.99573
115	7	0.99106
117	7	0.99686
118	7	0.95051
121	7	0.99737
123	7	0.99629
126	7	0.99571
127	7	0.99654
132	7	0.99578
135	7	0.99771
137	7	0.99645
138	7	0.99734
142	7	0.99661
149	7	0.96723
11	8	0.98887
14	8	0.99715
18	8	0.09927
20	8	0.9964
22	8	0.99282
23	8	0.99666
26	8	0.09211
30	8	0.99597
32	8	0.99614
36	8	0.99162
49	8	0.99658
50	8	0.99493
51	8	0.99619
53	8	0.99764
55	8	0.99718
58	8	0.99622
59	8	0.99724
61	8	0.99673
62	8	0.99627
66	8	0.99724
67	8	0.99603
68	8	0.99668
69	8	0.99643
71	8	0.99811
72	8	0.99656
75	8	0.99773
77	8	0.99831
82	8	0.99618
84	8	0.99599
85	8	0.99607
86	8	0.99753
87	8	0.99687
90	8	0.99796
91	8	0.99705
92	8	0.99702
93	8	0.99524
94	8	0.99716
95	8	0.99617
97	8	0.99642
98	8	0.99631
101	8	0.55194
104	8	0.99557
106	8	0.99715
108	8	0.99683
110	8	0.99615
113	8	0.99587
116	8	0.99729
119	8	0.9965
123	8	0.997
124	8	0.99722
125	8	0.99735
128	8	0.99634
132	8	0.99828
137	8	0.99685
139	8	0.99719
142	8	0.99721
143	8	0.99856
144	8	0.99645
149	8	0.96598
150	8	0.99643
2	9	0.87597
3	9	0.87508
6	9	0.85418
7	9	0.85047
10	9	0.91858
11	9	0.88265
12	9	0.87395
13	9	0.87091
15	9	0.87803
16	9	0.87694
17	9	0.8535
19	9	0.91153
20	9	0.84302
21	9	0.96438
22	9	0.87496
24	9	0.89303
25	9	0.84582
28	9	0.93944
29	9	0.95143
31	9	0.86786
33	9	0.92063
34	9	0.89565
36	9	0.88443
37	9	0.87322
38	9	0.85723
39	9	0.84743
40	9	0.93655
42	9	0.88552
43	9	0.86701
44	9	0.85146
46	9	0.90432
48	9	0.85189
52	9	0.88322
54	9	0.86147
56	9	0.8609
57	9	0.90382
63	9	0.85765
73	9	0.86526
74	9	0.88846
93	9	0.85625
96	9	0.86834
100	9	0.84613
102	9	0.91452
107	9	0.8611
112	9	0.86084
126	9	0.8427
135	9	0.84682
141	9	0.85039
148	9	0.84277
149	9	0.86529
2	10	0.97182
3	10	0.99107
6	10	0.96989
7	10	0.96969
9	10	0.91858
11	10	0.98756
12	10	0.97042
13	10	0.97522
15	10	0.97394
16	10	0.96631
17	10	0.92887
19	10	0.98432
21	10	0.97436
22	10	0.9673
24	10	0.98201
25	10	0.96602
28	10	0.98362
29	10	0.92404
31	10	0.97166
33	10	0.98244
34	10	0.97266
36	10	0.97512
37	10	0.97247
38	10	0.96802
39	10	0.96761
40	10	0.97654
42	10	0.97197
43	10	0.97989
44	10	0.96921
45	10	0.96577
46	10	0.98117
48	10	0.96975
52	10	0.97307
54	10	0.97246
57	10	0.98671
63	10	0.97527
70	10	0.96776
73	10	0.97928
74	10	0.97941
88	10	0.96866
96	10	0.97603
99	10	0.96846
102	10	0.98824
105	10	0.97375
107	10	0.97561
109	10	0.96806
112	10	0.97774
126	10	0.97018
127	10	0.96839
135	10	0.97223
141	10	0.96767
142	10	0.96634
145	10	0.97165
3	11	0.9941
4	11	0.90095
7	11	0.99045
8	11	0.98887
9	11	0.88265
10	11	0.98756
13	11	0.98865
17	11	0.93349
19	11	0.99169
21	11	0.95895
22	11	0.99066
23	11	0.98966
24	11	0.99206
28	11	0.9738
29	11	0.89819
31	11	0.99317
33	11	0.97405
34	11	0.98053
36	11	0.99407
38	11	0.99008
40	11	0.97352
43	11	0.99575
44	11	0.99128
45	11	0.99063
46	11	0.98634
48	11	0.99129
50	11	0.98782
52	11	0.99249
53	11	0.98998
55	11	0.98832
57	11	0.9851
58	11	0.98867
62	11	0.98853
63	11	0.99049
67	11	0.98822
71	11	0.98875
73	11	0.99382
74	11	0.99377
87	11	0.98857
88	11	0.9917
90	11	0.98778
91	11	0.98916
92	11	0.99091
93	11	0.98833
95	11	0.98828
96	11	0.99414
98	11	0.98956
99	11	0.9912
100	11	0.98861
102	11	0.9799
103	11	0.9895
105	11	0.9693
106	11	0.98867
107	11	0.9916
110	11	0.98904
112	11	0.98939
113	11	0.9895
121	11	0.98851
126	11	0.99348
127	11	0.99086
135	11	0.9924
141	11	0.99048
142	11	0.99201
145	11	0.99129
149	11	0.97124
2	12	0.9867
4	12	0.94607
5	12	0.99176
7	12	0.98893
9	12	0.87395
10	12	0.97042
13	12	0.98687
15	12	0.98851
16	12	0.99415
17	12	0.96847
18	12	0.21029
19	12	0.98609
20	12	0.98649
21	12	0.94807
22	12	0.98535
24	12	0.98848
25	12	0.98708
26	12	0.20411
27	12	0.98506
28	12	0.97936
29	12	0.92259
31	12	0.98623
33	12	0.97365
34	12	0.98576
35	12	0.9868
36	12	0.98753
37	12	0.99509
38	12	0.98844
40	12	0.97284
42	12	0.98057
43	12	0.98506
44	12	0.9859
45	12	0.98658
46	12	0.98804
47	12	0.96995
48	12	0.99324
50	12	0.99036
52	12	0.9903
55	12	0.98558
57	12	0.98393
58	12	0.98624
62	12	0.98493
63	12	0.98581
73	12	0.98879
74	12	0.99075
80	12	0.99177
84	12	0.98733
85	12	0.98616
87	12	0.98639
93	12	0.99106
95	12	0.98755
96	12	0.99309
100	12	0.98773
101	12	0.64021
102	12	0.97392
103	12	0.98671
107	12	0.98858
109	12	0.98801
110	12	0.98671
112	12	0.98779
113	12	0.98758
114	12	0.99097
116	12	0.98594
118	12	0.9404
127	12	0.98487
135	12	0.9862
140	12	0.42105
146	12	0.98531
2	13	0.99387
3	13	0.98058
6	13	0.99595
7	13	0.9939
9	13	0.87091
10	13	0.97522
11	13	0.98865
12	13	0.98687
15	13	0.9968
19	13	0.9923
20	13	0.99248
21	13	0.9492
23	13	0.99241
24	13	0.98717
25	13	0.99616
27	13	0.99503
28	13	0.9777
29	13	0.90629
31	13	0.99347
33	13	0.98513
34	13	0.99237
37	13	0.98806
38	13	0.99527
39	13	0.99699
40	13	0.9828
42	13	0.99277
43	13	0.9942
44	13	0.99506
45	13	0.99219
46	13	0.99559
48	13	0.99254
54	13	0.99841
55	13	0.99184
56	13	0.98219
57	13	0.98813
58	13	0.9936
60	13	0.99334
61	13	0.99186
63	13	0.9982
65	13	0.99461
70	13	0.9955
73	13	0.99342
74	13	0.99301
81	13	0.99326
85	13	0.99215
88	13	0.9928
89	13	0.99383
92	13	0.9926
95	13	0.99372
96	13	0.99335
98	13	0.9927
99	13	0.99325
100	13	0.9933
102	13	0.98418
105	13	0.94599
107	13	0.99757
108	13	0.99161
112	13	0.98996
115	13	0.99316
117	13	0.99345
118	13	0.95753
121	13	0.99418
127	13	0.99489
134	13	0.99461
135	13	0.99499
138	13	0.99455
142	13	0.99211
145	13	0.99409
5	14	0.97998
8	14	0.99715
20	14	0.99786
22	14	0.99056
23	14	0.99785
30	14	0.99811
32	14	0.99837
35	14	0.98832
41	14	0.99781
45	14	0.99773
47	14	0.9634
49	14	0.99783
50	14	0.9938
51	14	0.99815
53	14	0.9978
55	14	0.99874
56	14	0.97787
58	14	0.99759
59	14	0.99827
61	14	0.9984
62	14	0.99862
64	14	0.99742
66	14	0.99897
67	14	0.99855
68	14	0.99881
69	14	0.99794
71	14	0.99888
72	14	0.99781
75	14	0.99849
76	14	0.99792
77	14	0.99898
78	14	0.99802
79	14	0.99692
80	14	0.98211
82	14	0.99811
83	14	0.99881
84	14	0.99799
85	14	0.99747
86	14	0.99883
87	14	0.99891
90	14	0.99861
91	14	0.99886
92	14	0.99862
93	14	0.99604
94	14	0.99929
95	14	0.99803
97	14	0.99873
98	14	0.99807
100	14	0.9967
104	14	0.9976
106	14	0.99882
108	14	0.9988
110	14	0.99753
111	14	0.99761
113	14	0.9978
114	14	0.99677
116	14	0.99774
119	14	0.99839
120	14	0.99815
122	14	0.9977
123	14	0.9988
124	14	0.99774
125	14	0.99871
126	14	0.9965
128	14	0.99834
130	14	0.99589
132	14	0.9988
133	14	0.99603
136	14	0.99632
137	14	0.99881
139	14	0.99918
141	14	0.99572
142	14	0.99731
143	14	0.99837
144	14	0.99636
146	14	0.99338
147	14	0.98506
148	14	0.99573
150	14	0.99791
2	15	0.99799
3	15	0.97699
6	15	0.99493
7	15	0.99419
9	15	0.87803
10	15	0.97394
12	15	0.98851
13	15	0.9968
16	15	0.98547
19	15	0.99411
20	15	0.99278
21	15	0.95517
25	15	0.99619
27	15	0.99589
28	15	0.98137
29	15	0.92099
31	15	0.99089
33	15	0.98826
34	15	0.99694
36	15	0.99099
37	15	0.99257
38	15	0.99649
39	15	0.99419
40	15	0.9841
42	15	0.99548
43	15	0.99034
44	15	0.99132
45	15	0.99127
46	15	0.99657
48	15	0.99209
52	15	0.9923
54	15	0.99142
55	15	0.99122
56	15	0.98014
57	15	0.98705
58	15	0.99301
62	15	0.98925
63	15	0.99291
65	15	0.99186
70	15	0.99353
73	15	0.99414
74	15	0.99473
75	15	0.98932
76	15	0.99043
79	15	0.98945
81	15	0.9899
85	15	0.99239
87	15	0.98996
89	15	0.98957
92	15	0.98975
93	15	0.99132
95	15	0.99217
96	15	0.99301
98	15	0.98941
100	15	0.99387
102	15	0.98411
107	15	0.99708
115	15	0.9904
117	15	0.98964
118	15	0.96431
121	15	0.9911
127	15	0.99161
135	15	0.99179
138	15	0.99312
4	16	0.9303
5	16	0.99017
7	16	0.98533
9	16	0.87694
10	16	0.96631
12	16	0.99415
15	16	0.98547
17	16	0.95858
18	16	0.18797
19	16	0.98457
20	16	0.98468
21	16	0.9486
22	16	0.98536
23	16	0.98324
24	16	0.98791
25	16	0.98276
26	16	0.18046
28	16	0.97572
29	16	0.92597
31	16	0.98494
33	16	0.97014
35	16	0.98399
36	16	0.98692
37	16	0.99093
38	16	0.98531
40	16	0.97476
44	16	0.98392
45	16	0.98365
46	16	0.98705
47	16	0.96631
48	16	0.99053
50	16	0.98924
52	16	0.98762
53	16	0.98301
55	16	0.98446
56	16	0.97819
57	16	0.97984
58	16	0.9829
62	16	0.98398
73	16	0.98537
74	16	0.98934
80	16	0.98666
84	16	0.98576
85	16	0.98479
87	16	0.9848
93	16	0.99076
95	16	0.98412
96	16	0.99171
98	16	0.98311
100	16	0.98568
101	16	0.6206
102	16	0.97061
103	16	0.98561
106	16	0.98266
107	16	0.98363
109	16	0.98341
110	16	0.98357
112	16	0.98278
113	16	0.98391
114	16	0.98768
116	16	0.98429
134	16	0.98363
140	16	0.39946
143	16	0.98287
144	16	0.98433
146	16	0.98345
148	16	0.98267
3	17	0.92637
4	17	0.98772
5	17	0.96827
7	17	0.92962
9	17	0.8535
10	17	0.92887
11	17	0.93349
12	17	0.96847
16	17	0.95858
18	17	0.40229
19	17	0.93047
22	17	0.93194
24	17	0.94476
26	17	0.39699
28	17	0.9407
29	17	0.90747
31	17	0.92804
35	17	0.93842
36	17	0.93508
37	17	0.95283
38	17	0.92573
43	17	0.92998
44	17	0.92541
45	17	0.92616
46	17	0.92901
47	17	0.95663
48	17	0.94415
50	17	0.94025
52	17	0.93953
57	17	0.93753
73	17	0.92831
74	17	0.93843
80	17	0.96211
84	17	0.92864
87	17	0.92586
93	17	0.93561
95	17	0.92604
96	17	0.94338
101	17	0.77394
103	17	0.93111
107	17	0.92647
109	17	0.94472
110	17	0.93146
112	17	0.9465
113	17	0.93365
114	17	0.94446
116	17	0.93494
126	17	0.92623
135	17	0.92592
140	17	0.58998
141	17	0.92772
143	17	0.9272
144	17	0.92757
146	17	0.94181
147	17	0.94064
148	17	0.92541
4	18	0.49144
5	18	0.26937
8	18	0.09927
12	18	0.21029
16	18	0.18797
17	18	0.40229
24	18	0.11324
26	18	0.99919
28	18	0.11684
29	18	0.16867
32	18	0.10247
35	18	0.21179
37	18	0.15758
47	18	0.3518
48	18	0.13844
49	18	0.11081
50	18	0.15644
52	18	0.10158
57	18	0.11284
66	18	0.0995
72	18	0.1046
77	18	0.10104
78	18	0.10732
80	18	0.26797
83	18	0.1144
84	18	0.12091
87	18	0.10608
93	18	0.12368
95	18	0.10795
96	18	0.12271
101	18	0.88309
103	18	0.1163
104	18	0.10779
109	18	0.16019
110	18	0.1164
111	18	0.0992
112	18	0.13346
113	18	0.11927
114	18	0.15513
116	18	0.14383
119	18	0.10263
124	18	0.10112
132	18	0.1091
136	18	0.12448
140	18	0.97123
143	18	0.12526
144	18	0.15016
146	18	0.18845
147	18	0.24223
150	18	0.10444
2	19	0.99152
3	19	0.97973
6	19	0.9875
7	19	0.98951
9	19	0.91153
10	19	0.98432
11	19	0.99169
12	19	0.98609
13	19	0.9923
15	19	0.99411
16	19	0.98457
17	19	0.93047
20	19	0.98772
21	19	0.97505
22	19	0.99232
23	19	0.98596
24	19	0.99185
25	19	0.98903
28	19	0.98869
29	19	0.92906
31	19	0.99322
33	19	0.98911
34	19	0.99254
36	19	0.99548
37	19	0.98783
38	19	0.99217
39	19	0.98648
40	19	0.99101
42	19	0.98834
43	19	0.9918
44	19	0.98959
45	19	0.98721
46	19	0.99641
48	19	0.98857
52	19	0.99385
53	19	0.98608
54	19	0.98759
55	19	0.98622
56	19	0.9773
57	19	0.98904
58	19	0.98699
62	19	0.98575
63	19	0.98914
70	19	0.98568
73	19	0.99007
74	19	0.99573
85	19	0.98728
88	19	0.98633
92	19	0.98623
93	19	0.98939
95	19	0.98596
96	19	0.99234
100	19	0.98886
102	19	0.98757
105	19	0.94354
107	19	0.99196
118	19	0.94037
127	19	0.98598
135	19	0.98858
141	19	0.98678
149	19	0.96794
2	20	0.98914
5	20	0.98018
6	20	0.98958
7	20	0.9972
8	20	0.9964
9	20	0.84302
12	20	0.98649
13	20	0.99248
14	20	0.99786
15	20	0.99278
16	20	0.98468
19	20	0.98772
22	20	0.99444
23	20	0.9979
24	20	0.98711
25	20	0.99807
27	20	0.99627
28	20	0.96121
30	20	0.99751
31	20	0.99637
32	20	0.99756
34	20	0.98512
35	20	0.98936
36	20	0.99405
37	20	0.98758
38	20	0.99855
39	20	0.99157
40	20	0.96804
42	20	0.97983
44	20	0.99674
45	20	0.99857
46	20	0.98626
48	20	0.99651
50	20	0.99496
52	20	0.99402
53	20	0.99788
55	20	0.9996
56	20	0.98102
58	20	0.99938
59	20	0.99795
60	20	0.99469
61	20	0.99822
62	20	0.99856
64	20	0.99786
67	20	0.99678
68	20	0.99669
69	20	0.99704
70	20	0.99513
71	20	0.99719
72	20	0.99567
73	20	0.99324
74	20	0.99258
75	20	0.99883
76	20	0.99897
79	20	0.99787
80	20	0.98273
82	20	0.99718
83	20	0.99693
84	20	0.99856
85	20	0.99951
86	20	0.99712
87	20	0.99887
90	20	0.99796
91	20	0.99726
92	20	0.9984
93	20	0.9984
94	20	0.99727
95	20	0.99908
96	20	0.99581
97	20	0.99828
98	20	0.99806
100	20	0.99926
106	20	0.99773
107	20	0.99546
108	20	0.99845
110	20	0.99706
111	20	0.99741
113	20	0.99713
114	20	0.99645
116	20	0.99647
118	20	0.93906
123	20	0.99836
127	20	0.99676
132	20	0.9971
134	20	0.99475
135	20	0.99654
137	20	0.99734
138	20	0.99602
139	20	0.99688
141	20	0.99452
142	20	0.997
143	20	0.99666
144	20	0.99603
150	20	0.9954
2	21	0.95492
3	21	0.95209
6	21	0.94498
7	21	0.94238
9	21	0.96438
10	21	0.97436
11	21	0.95895
12	21	0.94807
13	21	0.9492
15	21	0.95517
16	21	0.9486
19	21	0.97505
22	21	0.95474
24	21	0.95813
25	21	0.93569
28	21	0.98151
29	21	0.96041
31	21	0.95023
33	21	0.97652
34	21	0.9623
36	21	0.96182
37	21	0.95215
38	21	0.94464
39	21	0.93815
40	21	0.97827
42	21	0.95482
43	21	0.95288
44	21	0.94122
45	21	0.93502
46	21	0.96652
48	21	0.94204
52	21	0.95966
53	21	0.93362
54	21	0.94275
56	21	0.93505
57	21	0.96216
63	21	0.94175
73	21	0.94725
74	21	0.96515
88	21	0.93489
93	21	0.93952
96	21	0.94973
100	21	0.93762
102	21	0.97628
107	21	0.94727
112	21	0.95007
126	21	0.93443
135	21	0.93822
141	21	0.94024
149	21	0.94726
2	22	0.98738
7	22	0.9931
8	22	0.99282
9	22	0.87496
10	22	0.9673
11	22	0.99066
12	22	0.98535
14	22	0.99056
16	22	0.98536
17	22	0.93194
19	22	0.99232
20	22	0.99444
21	22	0.95474
23	22	0.99157
24	22	0.98816
25	22	0.99055
28	22	0.96826
29	22	0.89899
31	22	0.99576
33	22	0.9687
34	22	0.98464
36	22	0.99858
37	22	0.98597
38	22	0.99532
40	22	0.97209
43	22	0.99096
44	22	0.99225
45	22	0.99361
48	22	0.99274
52	22	0.99783
53	22	0.99405
55	22	0.99321
58	22	0.9929
62	22	0.99342
71	22	0.9927
74	22	0.9948
75	22	0.99275
76	22	0.99025
84	22	0.99227
85	22	0.99401
87	22	0.99232
88	22	0.9905
90	22	0.99025
91	22	0.99069
92	22	0.99221
93	22	0.9954
95	22	0.99204
96	22	0.99385
97	22	0.99182
98	22	0.99062
100	22	0.99473
106	22	0.993
107	22	0.99093
108	22	0.99077
110	22	0.99227
113	22	0.99164
114	22	0.99253
116	22	0.99206
126	22	0.99095
132	22	0.99081
135	22	0.99109
141	22	0.99271
142	22	0.99119
143	22	0.9908
149	22	0.97712
3	23	0.97629
5	23	0.979
8	23	0.99666
11	23	0.98966
13	23	0.99241
14	23	0.99785
16	23	0.98324
19	23	0.98596
20	23	0.9979
22	23	0.99157
24	23	0.98686
25	23	0.99614
27	23	0.99364
30	23	0.9984
31	23	0.99694
32	23	0.99725
36	23	0.99229
38	23	0.99646
39	23	0.99163
40	23	0.96604
41	23	0.99763
43	23	0.99517
44	23	0.99812
45	23	0.99708
48	23	0.99589
49	23	0.99718
50	23	0.99492
51	23	0.99725
52	23	0.9909
53	23	0.99812
54	23	0.99138
55	23	0.99865
56	23	0.98101
58	23	0.99824
59	23	0.99796
60	23	0.99716
61	23	0.99906
62	23	0.99896
63	23	0.99495
64	23	0.99805
65	23	0.9917
66	23	0.99721
67	23	0.9984
68	23	0.99816
69	23	0.99833
70	23	0.99552
71	23	0.99816
73	23	0.99189
75	23	0.99873
76	23	0.9974
77	23	0.99733
78	23	0.99782
79	23	0.99668
81	23	0.9966
82	23	0.99761
84	23	0.99832
85	23	0.99796
86	23	0.99811
87	23	0.99816
88	23	0.99835
89	23	0.99728
90	23	0.99844
91	23	0.99842
92	23	0.99916
93	23	0.99682
95	23	0.99859
96	23	0.99531
97	23	0.99754
98	23	0.99856
99	23	0.99857
100	23	0.99738
103	23	0.99748
104	23	0.99598
105	23	0.94467
106	23	0.99813
107	23	0.99475
108	23	0.99898
109	23	0.992
110	23	0.99792
111	23	0.99781
113	23	0.99774
114	23	0.99583
117	23	0.99692
119	23	0.99632
120	23	0.99742
121	23	0.99794
122	23	0.99658
123	23	0.99818
124	23	0.99623
125	23	0.99816
126	23	0.99771
127	23	0.99769
128	23	0.99809
129	23	0.99833
130	23	0.99524
131	23	0.98901
132	23	0.99761
133	23	0.9941
134	23	0.99728
135	23	0.99783
136	23	0.9957
137	23	0.99765
138	23	0.99572
139	23	0.99835
141	23	0.99562
142	23	0.99875
143	23	0.99688
144	23	0.9946
145	23	0.99494
146	23	0.99303
148	23	0.99706
149	23	0.96492
3	24	0.98207
4	24	0.91109
7	24	0.98688
9	24	0.89303
10	24	0.98201
11	24	0.99206
12	24	0.98848
13	24	0.98717
16	24	0.98791
17	24	0.94476
18	24	0.11324
19	24	0.99185
20	24	0.98711
21	24	0.95813
22	24	0.98816
23	24	0.98686
26	24	0.10648
28	24	0.97992
29	24	0.90793
31	24	0.99097
33	24	0.97443
36	24	0.99264
37	24	0.98808
38	24	0.98711
40	24	0.98025
41	24	0.98691
43	24	0.99004
44	24	0.98879
45	24	0.9899
46	24	0.98927
48	24	0.99146
52	24	0.99068
55	24	0.98717
57	24	0.98721
58	24	0.9862
60	24	0.98632
62	24	0.9878
63	24	0.98816
73	24	0.98786
74	24	0.99272
84	24	0.98704
85	24	0.98668
87	24	0.98833
88	24	0.98692
92	24	0.98826
93	24	0.99059
96	24	0.99495
97	24	0.98834
98	24	0.9874
99	24	0.98857
100	24	0.98726
101	24	0.56058
102	24	0.97662
103	24	0.98674
105	24	0.95086
106	24	0.98625
107	24	0.98641
113	24	0.98906
114	24	0.98835
126	24	0.98967
127	24	0.98636
134	24	0.98757
135	24	0.98769
140	24	0.32967
141	24	0.99205
148	24	0.98766
2	25	0.99386
6	25	0.99463
7	25	0.99721
9	25	0.84582
10	25	0.96602
12	25	0.98708
13	25	0.99616
15	25	0.99619
16	25	0.98276
19	25	0.98903
20	25	0.99807
21	25	0.93569
22	25	0.99055
23	25	0.99614
27	25	0.99877
28	25	0.96756
29	25	0.88836
30	25	0.99609
32	25	0.99587
33	25	0.97477
34	25	0.98956
36	25	0.99132
37	25	0.98952
38	25	0.99871
39	25	0.99585
40	25	0.97175
42	25	0.98809
44	25	0.99646
45	25	0.99718
46	25	0.98993
48	25	0.99551
52	25	0.99156
54	25	0.993
55	25	0.99749
56	25	0.97888
57	25	0.98091
58	25	0.99893
59	25	0.99665
61	25	0.99701
62	25	0.99626
63	25	0.99626
64	25	0.99746
65	25	0.99525
67	25	0.99523
70	25	0.99808
73	25	0.99425
74	25	0.9922
75	25	0.9968
76	25	0.9977
79	25	0.99723
81	25	0.99508
82	25	0.99523
84	25	0.99593
85	25	0.99792
87	25	0.99682
88	25	0.99521
89	25	0.9965
90	25	0.99611
92	25	0.99687
93	25	0.99546
95	25	0.99829
96	25	0.99468
97	25	0.99562
98	25	0.9966
100	25	0.99848
102	25	0.97375
107	25	0.99813
108	25	0.99668
113	25	0.99523
115	25	0.99339
117	25	0.99622
118	25	0.95493
121	25	0.99695
123	25	0.99649
127	25	0.99775
134	25	0.99498
135	25	0.99714
138	25	0.99812
142	25	0.99565
145	25	0.99411
4	26	0.48402
5	26	0.26093
8	26	0.09211
12	26	0.20411
16	26	0.18046
17	26	0.39699
18	26	0.99919
24	26	0.10648
28	26	0.11257
29	26	0.16683
32	26	0.09436
35	26	0.20375
37	26	0.15086
47	26	0.34262
48	26	0.13054
49	26	0.10233
50	26	0.14851
52	26	0.09621
57	26	0.10632
66	26	0.09155
72	26	0.09647
77	26	0.09296
78	26	0.09808
80	26	0.26026
82	26	0.09128
83	26	0.10581
84	26	0.11365
87	26	0.0984
93	26	0.11701
95	26	0.10048
96	26	0.11522
101	26	0.87927
103	26	0.10743
104	26	0.09927
109	26	0.14993
110	26	0.10854
112	26	0.12411
113	26	0.11146
114	26	0.14772
116	26	0.13669
119	26	0.09408
124	26	0.09253
132	26	0.10071
136	26	0.11509
140	26	0.96723
143	26	0.11771
144	26	0.14321
146	26	0.17869
147	26	0.23171
150	26	0.09623
2	27	0.99432
6	27	0.99503
7	27	0.99579
12	27	0.98506
13	27	0.99503
15	27	0.99589
20	27	0.99627
23	27	0.99364
25	27	0.99877
28	27	0.96332
29	27	0.8874
30	27	0.99473
32	27	0.99512
33	27	0.97319
34	27	0.9897
35	27	0.98861
37	27	0.98766
38	27	0.99731
39	27	0.99615
40	27	0.96778
42	27	0.9891
44	27	0.99363
45	27	0.99392
46	27	0.98797
54	27	0.99084
55	27	0.99553
58	27	0.99719
59	27	0.99529
61	27	0.99554
62	27	0.99326
63	27	0.99387
64	27	0.99661
65	27	0.99641
69	27	0.99418
70	27	0.99742
73	27	0.99298
75	27	0.99532
76	27	0.9966
79	27	0.99733
81	27	0.99387
82	27	0.99461
84	27	0.99346
85	27	0.99587
87	27	0.99419
89	27	0.9956
90	27	0.99395
92	27	0.994
95	27	0.99687
98	27	0.99416
100	27	0.99654
107	27	0.9971
108	27	0.9951
111	27	0.99323
115	27	0.99515
117	27	0.99516
118	27	0.96278
121	27	0.99613
123	27	0.99536
127	27	0.99564
129	27	0.99363
135	27	0.99476
137	27	0.99374
138	27	0.99763
2	28	0.97984
3	28	0.96806
4	28	0.90152
6	28	0.97138
7	28	0.9672
9	28	0.93944
10	28	0.98362
11	28	0.9738
12	28	0.97936
13	28	0.9777
15	28	0.98137
16	28	0.97572
17	28	0.9407
18	28	0.11684
19	28	0.98869
20	28	0.96121
21	28	0.98151
22	28	0.96826
24	28	0.97992
25	28	0.96756
26	28	0.11257
27	28	0.96332
29	28	0.9656
31	28	0.96908
33	28	0.99223
34	28	0.98433
36	28	0.97448
37	28	0.97882
38	28	0.97012
39	28	0.96826
40	28	0.99072
42	28	0.98428
43	28	0.97072
44	28	0.96532
45	28	0.96176
46	28	0.99037
48	28	0.96824
52	28	0.97434
54	28	0.97144
57	28	0.98675
58	28	0.96097
63	28	0.97031
70	28	0.96364
73	28	0.97238
74	28	0.98011
93	28	0.96624
96	28	0.97427
100	28	0.96381
102	28	0.98783
107	28	0.97338
112	28	0.97026
118	28	0.94145
127	28	0.96178
134	28	0.96079
135	28	0.96464
140	28	0.32316
145	28	0.96138
2	29	0.92147
3	29	0.89594
5	29	0.89029
6	29	0.90129
7	29	0.88949
9	29	0.95143
10	29	0.92404
11	29	0.89819
12	29	0.92259
13	29	0.90629
15	29	0.92099
16	29	0.92597
17	29	0.90747
18	29	0.16867
19	29	0.92906
21	29	0.96041
22	29	0.89899
24	29	0.90793
25	29	0.88836
26	29	0.16683
27	29	0.8874
28	29	0.9656
31	29	0.89001
33	29	0.95157
34	29	0.93433
36	29	0.90429
37	29	0.92228
38	29	0.89532
39	29	0.89272
40	29	0.94998
42	29	0.93235
43	29	0.89142
44	29	0.88355
46	29	0.93608
48	29	0.89279
50	29	0.88313
52	29	0.90869
54	29	0.89347
56	29	0.88944
57	29	0.92861
63	29	0.88924
70	29	0.88214
73	29	0.89983
74	29	0.91715
93	29	0.89123
96	29	0.90026
100	29	0.88477
101	29	0.55254
102	29	0.94081
107	29	0.89994
112	29	0.89794
115	29	0.88231
118	29	0.89701
140	29	0.34758
6	30	0.99144
7	30	0.99702
8	30	0.99597
14	30	0.99811
20	30	0.99751
23	30	0.9984
25	30	0.99609
27	30	0.99473
31	30	0.99583
32	30	0.9981
35	30	0.98784
38	30	0.99614
39	30	0.9937
41	30	0.99806
43	30	0.99394
44	30	0.99814
45	30	0.99733
48	30	0.99572
49	30	0.99735
51	30	0.99844
53	30	0.99864
54	30	0.99008
55	30	0.99818
58	30	0.99833
59	30	0.99845
60	30	0.99576
61	30	0.99917
62	30	0.9987
63	30	0.99407
64	30	0.9982
65	30	0.99365
66	30	0.99818
67	30	0.99866
68	30	0.99887
69	30	0.99864
70	30	0.99689
71	30	0.99849
72	30	0.9958
75	30	0.9994
76	30	0.99812
77	30	0.99763
78	30	0.99779
79	30	0.99788
81	30	0.99791
82	30	0.99849
83	30	0.99815
84	30	0.99754
85	30	0.99704
86	30	0.99919
87	30	0.99785
88	30	0.99871
89	30	0.99879
90	30	0.9986
91	30	0.99902
92	30	0.99881
93	30	0.99522
94	30	0.99712
95	30	0.99889
97	30	0.99723
98	30	0.99872
99	30	0.9974
100	30	0.99772
103	30	0.99778
104	30	0.99603
106	30	0.99815
107	30	0.99481
108	30	0.9997
109	30	0.99241
110	30	0.99897
111	30	0.99812
112	30	0.98911
113	30	0.9982
114	30	0.99626
115	30	0.99007
117	30	0.99886
118	30	0.93877
119	30	0.99721
120	30	0.99807
121	30	0.99886
122	30	0.99772
123	30	0.99905
125	30	0.99879
126	30	0.9976
127	30	0.99776
128	30	0.99729
129	30	0.99906
130	30	0.99692
131	30	0.99014
132	30	0.99832
133	30	0.99501
134	30	0.99487
135	30	0.998
136	30	0.99681
137	30	0.99924
138	30	0.99739
139	30	0.99894
141	30	0.99474
142	30	0.99873
145	30	0.99467
146	30	0.99327
147	30	0.9847
148	30	0.99622
149	30	0.96584
150	30	0.99565
2	31	0.98778
3	31	0.97857
6	31	0.99051
7	31	0.99637
9	31	0.86786
10	31	0.97166
11	31	0.99317
12	31	0.98623
13	31	0.99347
15	31	0.99089
16	31	0.98494
17	31	0.92804
19	31	0.99322
20	31	0.99637
21	31	0.95023
22	31	0.99576
23	31	0.99694
24	31	0.99097
28	31	0.96908
29	31	0.89001
30	31	0.99583
33	31	0.9728
34	31	0.98428
36	31	0.9971
37	31	0.98603
38	31	0.99675
39	31	0.99194
40	31	0.975
41	31	0.99513
42	31	0.9793
43	31	0.99706
44	31	0.99857
45	31	0.99612
46	31	0.98886
48	31	0.9955
52	31	0.99533
53	31	0.99805
54	31	0.99164
55	31	0.99625
56	31	0.97996
57	31	0.97989
58	31	0.99592
60	31	0.99523
61	31	0.99494
62	31	0.99718
63	31	0.99441
71	31	0.99638
73	31	0.9922
74	31	0.99474
75	31	0.99615
81	31	0.9953
84	31	0.99606
85	31	0.99578
87	31	0.99534
88	31	0.9975
91	31	0.99582
92	31	0.99711
93	31	0.99673
95	31	0.99614
96	31	0.99607
97	31	0.99504
98	31	0.99675
99	31	0.99655
100	31	0.9966
102	31	0.97583
103	31	0.99597
105	31	0.94599
106	31	0.99647
107	31	0.99502
108	31	0.99606
110	31	0.9973
111	31	0.99593
112	31	0.9905
113	31	0.99684
121	31	0.99529
126	31	0.99686
127	31	0.99508
131	31	0.99136
135	31	0.99709
139	31	0.99507
141	31	0.99654
142	31	0.99649
148	31	0.99633
149	31	0.97712
5	32	0.97923
8	32	0.99614
14	32	0.99837
18	32	0.10247
20	32	0.99756
23	32	0.99725
25	32	0.99587
26	32	0.09436
27	32	0.99512
30	32	0.9981
35	32	0.9909
47	32	0.96337
49	32	0.99788
50	32	0.99446
51	32	0.99897
55	32	0.99831
58	32	0.99821
59	32	0.99924
61	32	0.99914
62	32	0.99717
64	32	0.99938
65	32	0.99116
66	32	0.99874
67	32	0.99805
68	32	0.99856
69	32	0.99913
72	32	0.99883
75	32	0.99851
76	32	0.99897
77	32	0.99829
78	32	0.99888
79	32	0.9994
80	32	0.98377
82	32	0.99935
83	32	0.99884
84	32	0.99737
85	32	0.99749
86	32	0.99833
87	32	0.99817
89	32	0.99649
90	32	0.99895
91	32	0.99759
92	32	0.99771
94	32	0.99873
95	32	0.99851
97	32	0.99745
98	32	0.99771
100	32	0.99666
101	32	0.55431
104	32	0.99904
108	32	0.9987
111	32	0.99686
115	32	0.98778
116	32	0.99603
117	32	0.99622
119	32	0.99877
120	32	0.99765
122	32	0.99626
123	32	0.99941
124	32	0.99842
125	32	0.99898
127	32	0.99669
128	32	0.9983
129	32	0.99748
132	32	0.99792
133	32	0.99682
134	32	0.99485
136	32	0.99649
137	32	0.99884
138	32	0.99585
139	32	0.99775
140	32	0.32431
142	32	0.99702
143	32	0.99744
144	32	0.99668
146	32	0.99287
147	32	0.98526
150	32	0.99849
2	33	0.98794
3	33	0.97087
6	33	0.98395
7	33	0.9744
9	33	0.92063
10	33	0.98244
11	33	0.97405
12	33	0.97365
13	33	0.98513
15	33	0.98826
16	33	0.97014
19	33	0.98911
21	33	0.97652
22	33	0.9687
24	33	0.97443
25	33	0.97477
27	33	0.97319
28	33	0.99223
29	33	0.95157
31	33	0.9728
34	33	0.98969
36	33	0.97434
37	33	0.98083
38	33	0.97594
39	33	0.98054
40	33	0.99026
42	33	0.99319
43	33	0.97703
44	33	0.97166
46	33	0.99282
48	33	0.97088
52	33	0.97472
54	33	0.97993
57	33	0.98772
63	33	0.97753
65	33	0.97492
70	33	0.9742
73	33	0.97704
74	33	0.98173
81	33	0.96893
96	33	0.97508
100	33	0.96995
102	33	0.99555
107	33	0.98144
112	33	0.97754
115	33	0.97445
118	33	0.96437
121	33	0.96872
127	33	0.9689
134	33	0.96753
135	33	0.97215
138	33	0.97198
145	33	0.96818
2	34	0.99729
6	34	0.98925
7	34	0.98699
9	34	0.89565
10	34	0.97266
11	34	0.98053
12	34	0.98576
13	34	0.99237
15	34	0.99694
19	34	0.99254
20	34	0.98512
21	34	0.9623
22	34	0.98464
25	34	0.98956
27	34	0.9897
28	34	0.98433
29	34	0.93433
31	34	0.98428
33	34	0.98969
36	34	0.98638
37	34	0.9886
38	34	0.99033
39	34	0.98757
40	34	0.98735
42	34	0.99623
43	34	0.98312
44	34	0.9833
45	34	0.98273
46	34	0.99499
48	34	0.98396
52	34	0.98994
54	34	0.98559
55	34	0.98199
57	34	0.98615
58	34	0.98482
63	34	0.9874
65	34	0.98327
70	34	0.98532
73	34	0.98947
74	34	0.99134
76	34	0.98166
81	34	0.98063
85	34	0.98449
93	34	0.98458
95	34	0.98347
96	34	0.98574
100	34	0.98681
102	34	0.98458
107	34	0.99228
115	34	0.98279
118	34	0.96265
121	34	0.98161
127	34	0.98265
135	34	0.98389
138	34	0.98378
4	35	0.92505
5	35	0.99119
12	35	0.9868
14	35	0.98832
16	35	0.98399
17	35	0.93842
18	35	0.21179
20	35	0.98936
26	35	0.20375
27	35	0.98861
30	35	0.98784
32	35	0.9909
47	35	0.98242
48	35	0.98952
50	35	0.99221
51	35	0.98914
55	35	0.9889
58	35	0.98868
59	35	0.98882
61	35	0.9885
64	35	0.98989
66	35	0.98882
68	35	0.9881
69	35	0.98977
72	35	0.98932
75	35	0.98908
76	35	0.98957
78	35	0.99128
79	35	0.9908
80	35	0.99501
82	35	0.99013
83	35	0.99009
84	35	0.99155
85	35	0.98946
86	35	0.98838
87	35	0.98919
93	35	0.99043
94	35	0.98845
95	35	0.9906
100	35	0.98853
101	35	0.6413
104	35	0.99061
108	35	0.98881
110	35	0.98833
111	35	0.98882
113	35	0.9878
114	35	0.99175
116	35	0.99077
119	35	0.98917
123	35	0.99005
132	35	0.98869
133	35	0.9883
137	35	0.98894
140	35	0.42547
143	35	0.98916
144	35	0.9944
146	35	0.99182
147	35	0.99187
150	35	0.98984
2	36	0.98778
3	36	0.9794
4	36	0.89846
7	36	0.99403
8	36	0.99162
9	36	0.88443
10	36	0.97512
11	36	0.99407
12	36	0.98753
15	36	0.99099
16	36	0.98692
17	36	0.93508
19	36	0.99548
20	36	0.99405
21	36	0.96182
22	36	0.99858
23	36	0.99229
24	36	0.99264
25	36	0.99132
28	36	0.97448
29	36	0.90429
31	36	0.9971
33	36	0.97434
34	36	0.98638
37	36	0.98822
38	36	0.99553
40	36	0.97844
42	36	0.97755
43	36	0.99391
44	36	0.99365
45	36	0.99462
46	36	0.98878
48	36	0.99465
50	36	0.99081
52	36	0.99864
53	36	0.99417
55	36	0.99324
56	36	0.98024
57	36	0.98053
58	36	0.99306
62	36	0.99374
71	36	0.99247
73	36	0.99169
74	36	0.99785
75	36	0.992
84	36	0.9921
85	36	0.99395
87	36	0.99285
88	36	0.99194
91	36	0.99139
92	36	0.9932
93	36	0.99556
95	36	0.99237
96	36	0.99659
97	36	0.99247
98	36	0.992
100	36	0.99471
102	36	0.97569
106	36	0.99352
107	36	0.99236
110	36	0.9923
113	36	0.99262
114	36	0.99259
116	36	0.99111
126	36	0.99268
132	36	0.99077
135	36	0.99242
141	36	0.99423
142	36	0.99226
148	36	0.99104
149	36	0.97608
2	37	0.99013
4	37	0.92519
5	37	0.98416
6	37	0.98795
7	37	0.99176
9	37	0.87322
10	37	0.97247
12	37	0.99509
13	37	0.98806
15	37	0.99257
16	37	0.99093
17	37	0.95283
18	37	0.15758
19	37	0.98783
20	37	0.98758
21	37	0.95215
22	37	0.98597
24	37	0.98808
25	37	0.98952
26	37	0.15086
27	37	0.98766
28	37	0.97882
29	37	0.92228
31	37	0.98603
33	37	0.98083
34	37	0.9886
36	37	0.98822
38	37	0.99003
39	37	0.98645
40	37	0.97416
42	37	0.98441
44	37	0.98643
45	37	0.98885
46	37	0.98966
48	37	0.99365
50	37	0.98736
52	37	0.99054
55	37	0.98696
57	37	0.98151
58	37	0.98759
62	37	0.98626
63	37	0.98591
70	37	0.98699
73	37	0.99058
74	37	0.9933
76	37	0.98611
80	37	0.98264
81	37	0.987
84	37	0.98551
85	37	0.98728
87	37	0.98797
93	37	0.98963
95	37	0.98786
96	37	0.99326
98	37	0.98551
100	37	0.99012
101	37	0.59611
102	37	0.97817
103	37	0.98541
107	37	0.99025
109	37	0.98652
110	37	0.98567
112	37	0.98913
113	37	0.98631
114	37	0.9893
118	37	0.95189
135	37	0.9866
138	37	0.98721
140	37	0.37075
2	38	0.99456
3	38	0.97656
6	38	0.99417
7	38	0.99817
9	38	0.85723
10	38	0.96802
11	38	0.99008
12	38	0.98844
13	38	0.99527
15	38	0.99649
16	38	0.98531
17	38	0.92573
19	38	0.99217
20	38	0.99855
21	38	0.94464
22	38	0.99532
23	38	0.99646
24	38	0.98711
25	38	0.99871
27	38	0.99731
28	38	0.97012
29	38	0.89532
30	38	0.99614
31	38	0.99675
33	38	0.97594
34	38	0.99033
36	38	0.99553
37	38	0.99003
39	38	0.99467
40	38	0.9738
42	38	0.98659
43	38	0.99468
44	38	0.99693
45	38	0.9975
46	38	0.9904
48	38	0.99666
50	38	0.99451
52	38	0.99552
53	38	0.99653
54	38	0.99108
55	38	0.99774
56	38	0.98056
57	38	0.98106
58	38	0.99882
59	38	0.99628
61	38	0.99649
62	38	0.99685
63	38	0.99448
64	38	0.99641
65	38	0.99297
70	38	0.99659
73	38	0.99455
74	38	0.99511
75	38	0.99748
76	38	0.99678
79	38	0.99609
84	38	0.99603
85	38	0.99828
87	38	0.99696
88	38	0.99564
89	38	0.99571
90	38	0.99604
91	38	0.9954
92	38	0.99712
93	38	0.99686
95	38	0.99835
96	38	0.99633
98	38	0.99624
100	38	0.99885
102	38	0.97542
106	38	0.99559
107	38	0.99816
108	38	0.99674
110	38	0.99582
112	38	0.98861
113	38	0.99553
115	38	0.99034
117	38	0.99567
118	38	0.94994
121	38	0.99674
123	38	0.99623
127	38	0.99703
135	38	0.9972
138	38	0.99685
142	38	0.99637
149	38	0.96564
2	39	0.99379
6	39	0.99925
7	39	0.9953
9	39	0.84743
10	39	0.96761
13	39	0.99699
15	39	0.99419
19	39	0.98648
20	39	0.99157
21	39	0.93815
23	39	0.99163
25	39	0.99585
27	39	0.99615
28	39	0.96826
29	39	0.89272
30	39	0.9937
31	39	0.99194
33	39	0.98054
34	39	0.98757
37	39	0.98645
38	39	0.99467
40	39	0.97031
42	39	0.99066
43	39	0.99314
44	39	0.99529
46	39	0.98929
54	39	0.99522
57	39	0.98009
58	39	0.99356
60	39	0.99186
61	39	0.99257
63	39	0.99582
64	39	0.99223
65	39	0.99887
70	39	0.99824
75	39	0.99214
76	39	0.99133
79	39	0.99166
81	39	0.99507
88	39	0.99399
89	39	0.99681
92	39	0.99239
95	39	0.99404
98	39	0.99266
99	39	0.99173
100	39	0.99316
102	39	0.98167
105	39	0.94291
107	39	0.99722
108	39	0.99307
110	39	0.99223
111	39	0.99162
112	39	0.99179
115	39	0.9981
117	39	0.99671
118	39	0.96654
121	39	0.99652
123	39	0.99146
127	39	0.995
129	39	0.99346
131	39	0.98708
134	39	0.99187
135	39	0.99582
137	39	0.99128
138	39	0.99777
142	39	0.99239
145	39	0.99367
2	40	0.97909
6	40	0.9716
7	40	0.96891
9	40	0.93655
10	40	0.97654
11	40	0.97352
12	40	0.97284
13	40	0.9828
15	40	0.9841
16	40	0.97476
19	40	0.99101
20	40	0.96804
21	40	0.97827
22	40	0.97209
23	40	0.96604
24	40	0.98025
25	40	0.97175
27	40	0.96778
28	40	0.99072
29	40	0.94998
31	40	0.975
33	40	0.99026
34	40	0.98735
36	40	0.97844
37	40	0.97416
38	40	0.9738
39	40	0.97031
42	40	0.98436
43	40	0.97386
44	40	0.97054
46	40	0.99363
48	40	0.96923
52	40	0.97812
54	40	0.97906
56	40	0.97618
57	40	0.98684
58	40	0.96598
60	40	0.96954
63	40	0.97618
70	40	0.96584
73	40	0.97409
74	40	0.98283
85	40	0.96828
93	40	0.97219
96	40	0.97611
99	40	0.96717
100	40	0.96924
102	40	0.98435
107	40	0.97581
112	40	0.96689
134	40	0.97069
135	40	0.96793
3	41	0.97594
5	41	0.97877
14	41	0.99781
23	41	0.99763
24	41	0.98691
30	41	0.99806
31	41	0.99513
43	41	0.99362
44	41	0.99721
45	41	0.99721
48	41	0.9956
49	41	0.99736
53	41	0.99686
54	41	0.99065
55	41	0.99681
56	41	0.97802
60	41	0.99657
61	41	0.99741
62	41	0.99849
63	41	0.99356
67	41	0.9989
68	41	0.99719
71	41	0.99781
75	41	0.99685
78	41	0.99667
81	41	0.99698
83	41	0.99781
84	41	0.99657
86	41	0.99732
87	41	0.99748
88	41	0.99783
90	41	0.997
91	41	0.99885
92	41	0.99835
95	41	0.99686
96	41	0.99404
97	41	0.99777
98	41	0.99815
99	41	0.99815
103	41	0.99791
105	41	0.94631
106	41	0.99831
108	41	0.99805
109	41	0.99387
110	41	0.99762
111	41	0.99745
112	41	0.9895
113	41	0.9981
114	41	0.99581
117	41	0.99697
120	41	0.99904
122	41	0.99816
123	41	0.99683
125	41	0.99709
126	41	0.99861
128	41	0.99764
129	41	0.9972
130	41	0.99684
131	41	0.9902
132	41	0.99709
134	41	0.99592
136	41	0.99551
137	41	0.99736
139	41	0.99856
141	41	0.99726
142	41	0.99762
145	41	0.994
146	41	0.99428
148	41	0.99805
149	41	0.96506
2	42	0.99643
6	42	0.99212
7	42	0.98361
9	42	0.88552
10	42	0.97197
12	42	0.98057
13	42	0.99277
15	42	0.99548
19	42	0.98834
20	42	0.97983
21	42	0.95482
25	42	0.98809
27	42	0.9891
28	42	0.98428
29	42	0.93235
31	42	0.9793
33	42	0.99319
34	42	0.99623
36	42	0.97755
37	42	0.98441
38	42	0.98659
39	42	0.99066
40	42	0.98436
43	42	0.9812
44	42	0.98098
46	42	0.9944
48	42	0.97906
52	42	0.97976
54	42	0.98722
57	42	0.98697
58	42	0.9811
63	42	0.98711
65	42	0.9879
70	42	0.98681
73	42	0.98509
74	42	0.98384
81	42	0.97858
85	42	0.9792
89	42	0.9801
93	42	0.97764
95	42	0.98003
96	42	0.98036
100	42	0.98197
102	42	0.98813
107	42	0.99102
112	42	0.97895
115	42	0.98877
117	42	0.9794
118	42	0.97717
121	42	0.98106
127	42	0.98136
134	42	0.97863
135	42	0.98239
138	42	0.98482
145	42	0.97885
2	43	0.98801
3	43	0.98699
4	43	0.90197
6	43	0.99244
7	43	0.99497
9	43	0.86701
10	43	0.97989
11	43	0.99575
12	43	0.98506
13	43	0.9942
15	43	0.99034
17	43	0.92998
19	43	0.9918
21	43	0.95288
22	43	0.99096
23	43	0.99517
24	43	0.99004
28	43	0.97072
29	43	0.89142
30	43	0.99394
31	43	0.99706
33	43	0.97703
34	43	0.98312
36	43	0.99391
38	43	0.99468
39	43	0.99314
40	43	0.97386
41	43	0.99362
42	43	0.9812
44	43	0.99742
45	43	0.9939
46	43	0.98859
48	43	0.99494
52	43	0.9922
53	43	0.99458
54	43	0.99375
57	43	0.98623
58	43	0.99382
62	43	0.99432
63	43	0.99585
67	43	0.99391
70	43	0.99475
71	43	0.99395
73	43	0.99272
74	43	0.9934
75	43	0.99356
81	43	0.99328
88	43	0.99719
89	43	0.99511
91	43	0.99456
92	43	0.99556
95	43	0.9941
96	43	0.99519
98	43	0.99455
99	43	0.9959
100	43	0.99339
102	43	0.9828
103	43	0.99429
105	43	0.96439
106	43	0.99347
107	43	0.99621
108	43	0.99393
109	43	0.99359
110	43	0.99513
112	43	0.99547
113	43	0.99495
117	43	0.99442
118	43	0.93902
121	43	0.99581
126	43	0.99693
127	43	0.99629
129	43	0.9944
131	43	0.99033
135	43	0.99787
138	43	0.99343
141	43	0.99487
142	43	0.9966
145	43	0.99602
149	43	0.97637
2	44	0.98839
3	44	0.979
4	44	0.89737
6	44	0.99351
7	44	0.99692
9	44	0.85146
10	44	0.96921
11	44	0.99128
12	44	0.9859
13	44	0.99506
15	44	0.99132
16	44	0.98392
17	44	0.92541
19	44	0.98959
20	44	0.99674
21	44	0.94122
22	44	0.99225
23	44	0.99812
24	44	0.98879
25	44	0.99646
27	44	0.99363
28	44	0.96532
29	44	0.88355
30	44	0.99814
31	44	0.99857
33	44	0.97166
34	44	0.9833
36	44	0.99365
37	44	0.98643
38	44	0.99693
39	44	0.99529
40	44	0.97054
41	44	0.99721
42	44	0.98098
43	44	0.99742
45	44	0.997
46	44	0.98767
48	44	0.99632
52	44	0.9924
53	44	0.99812
54	44	0.99439
55	44	0.99703
56	44	0.97769
57	44	0.97929
58	44	0.99742
60	44	0.99699
61	44	0.99744
62	44	0.99814
63	44	0.99693
65	44	0.99356
67	44	0.99719
70	44	0.9971
71	44	0.99702
73	44	0.99234
74	44	0.99279
75	44	0.99758
81	44	0.99727
84	44	0.99685
87	44	0.99658
88	44	0.99894
89	44	0.99804
90	44	0.99644
91	44	0.99733
92	44	0.99846
93	44	0.996
95	44	0.99782
96	44	0.99532
98	44	0.99809
99	44	0.99816
100	44	0.99742
102	44	0.97561
103	44	0.99744
105	44	0.94763
106	44	0.99678
107	44	0.99664
