6	2	0.9118
7	2	0.9472
12	2	0.93843
16	2	0.90494
17	2	0.89079
22	2	0.91846
23	2	0.98073
30	2	0.71253
32	2	0.64438
34	2	0.98366
36	2	0.93969
37	2	0.87183
41	2	0.85667
43	2	0.91657
45	2	0.97497
47	2	0.9714
48	2	0.89312
49	2	0.91707
51	2	0.93658
53	2	0.99203
55	2	0.91157
58	2	0.96654
60	2	0.69232
61	2	0.90043
64	2	0.9888
67	2	0.95823
68	2	0.92459
69	2	0.71981
70	2	0.82116
71	2	0.88145
72	2	0.85001
73	2	0.90872
75	2	0.86544
76	2	0.97792
77	2	0.71073
80	2	0.92488
83	2	0.9977
84	2	0.96302
86	2	0.71708
87	2	0.89305
89	2	0.9406
90	2	0.91738
91	2	0.72164
94	2	0.92065
95	2	0.91267
97	2	0.93083
98	2	0.97955
99	2	0.6208
100	2	0.98162
101	2	0.95793
102	2	0.63257
104	2	0.7863
106	2	0.32879
109	2	0.97628
111	2	0.98408
112	2	0.98142
113	2	0.89475
114	2	0.88413
116	2	0.71902
120	2	0.84766
122	2	0.69668
125	2	0.97633
126	2	0.94026
129	2	0.71773
130	2	0.98688
132	2	0.8306
135	2	0.71508
136	2	0.85599
137	2	0.94753
139	2	0.84983
142	2	0.99515
143	2	0.90005
146	2	0.82069
147	2	0.67329
148	2	0.62803
149	2	0.64892
150	2	0.91632
8	3	0.5764
10	3	0.77948
14	3	0.53164
15	3	0.55864
19	3	0.66585
20	3	0.51042
21	3	0.62588
22	3	0.54523
23	3	0.5298
24	3	0.5544
25	3	0.57095
26	3	0.56163
27	3	0.52884
28	3	0.50133
30	3	0.51683
33	3	0.58774
38	3	0.59881
39	3	0.54194
40	3	0.5528
44	3	0.50154
47	3	0.56554
55	3	0.50493
56	3	0.53531
57	3	0.50402
63	3	0.64565
68	3	0.59587
73	3	0.50727
74	3	0.55025
78	3	0.5547
79	3	0.61119
83	3	0.51723
88	3	0.68384
89	3	0.52628
90	3	0.78213
92	3	0.52317
93	3	0.56858
95	3	0.65574
96	3	0.50403
97	3	0.71962
103	3	0.90935
106	3	0.92806
109	3	0.58869
117	3	0.66867
119	3	0.55905
126	3	0.72238
127	3	0.82685
131	3	0.69484
133	3	0.54152
136	3	0.7064
148	3	0.9634
5	4	0.9952
8	4	0.84601
9	4	0.99224
10	4	0.91461
11	4	0.91478
13	4	0.99197
14	4	0.99184
15	4	0.99232
16	4	0.9588
18	4	0.99
19	4	0.96864
20	4	0.98686
21	4	0.98079
24	4	0.96992
25	4	0.97758
26	4	0.98555
27	4	0.99443
28	4	0.99721
29	4	0.9903
31	4	0.99285
33	4	0.97782
35	4	0.47052
37	4	0.95603
38	4	0.98237
39	4	0.97278
40	4	0.99183
42	4	0.99295
44	4	0.97214
46	4	0.98949
48	4	0.96844
49	4	0.94843
50	4	0.99492
52	4	0.99766
54	4	0.99586
55	4	0.95612
56	4	0.97553
57	4	0.99052
62	4	0.65241
63	4	0.66061
73	4	0.95668
74	4	0.99035
78	4	0.99075
81	4	0.96328
85	4	0.98167
87	4	0.95046
88	4	0.95466
92	4	0.98442
93	4	0.98654
96	4	0.99218
105	4	0.75634
107	4	0.31317
117	4	0.91608
121	4	0.10312
124	4	0.16873
128	4	0.99245
131	4	0.93739
133	4	0.9887
134	4	0.94647
140	4	0.99344
141	4	0.96016
143	4	0.95195
144	4	0.99233
145	4	0.32175
4	5	0.9952
8	5	0.85781
9	5	0.99639
10	5	0.9204
11	5	0.91551
13	5	0.99855
14	5	0.99461
15	5	0.98642
16	5	0.97296
17	5	0.94539
18	5	0.99811
19	5	0.97494
20	5	0.98579
21	5	0.98561
22	5	0.95135
24	5	0.98169
25	5	0.98781
26	5	0.99264
27	5	0.99279
28	5	0.996
29	5	0.99651
31	5	0.98176
33	5	0.98684
36	5	0.94356
37	5	0.97074
38	5	0.9896
39	5	0.98265
40	5	0.99384
42	5	0.99808
44	5	0.97963
46	5	0.99751
48	5	0.98038
49	5	0.96462
50	5	0.98986
52	5	0.99521
54	5	0.9906
55	5	0.97091
56	5	0.98209
57	5	0.99243
65	5	0.54157
73	5	0.97126
74	5	0.99546
78	5	0.99245
79	5	0.87363
81	5	0.9743
85	5	0.99108
87	5	0.9471
88	5	0.9577
92	5	0.99316
93	5	0.99432
95	5	0.94154
96	5	0.99523
105	5	0.76536
117	5	0.91055
127	5	0.8768
128	5	0.99482
131	5	0.92994
133	5	0.99519
134	5	0.9596
140	5	0.99893
141	5	0.95128
143	5	0.96601
144	5	0.9992
2	6	0.9118
7	6	0.97513
30	6	0.80716
32	6	0.87901
34	6	0.86716
35	6	0.54085
41	6	0.95721
43	6	0.97506
51	6	0.99306
53	6	0.93194
59	6	0.64057
60	6	0.87147
61	6	0.91998
62	6	0.62711
64	6	0.91655
66	6	0.36599
67	6	0.90242
68	6	0.90379
69	6	0.88817
70	6	0.91854
71	6	0.88583
72	6	0.96423
75	6	0.94147
76	6	0.95444
77	6	0.88354
80	6	0.96155
82	6	0.81333
83	6	0.90741
84	6	0.96073
86	6	0.897
89	6	0.9235
91	6	0.87676
94	6	0.9709
98	6	0.97005
99	6	0.86493
100	6	0.87886
102	6	0.72082
104	6	0.82446
107	6	0.31395
108	6	0.94992
110	6	0.89984
111	6	0.88807
112	6	0.95343
113	6	0.92663
114	6	0.95956
115	6	0.28799
116	6	0.89361
118	6	0.82595
120	6	0.91257
121	6	0.27192
122	6	0.8774
123	6	0.94467
124	6	0.26723
125	6	0.96731
129	6	0.89063
130	6	0.94749
132	6	0.9728
135	6	0.90574
136	6	0.81714
137	6	0.97192
138	6	0.80668
139	6	0.90981
142	6	0.89785
145	6	0.32579
146	6	0.94617
147	6	0.88616
149	6	0.74835
150	6	0.99587
2	7	0.9472
6	7	0.97513
23	7	0.87159
30	7	0.83285
32	7	0.8461
34	7	0.89697
41	7	0.97292
43	7	0.991
45	7	0.89462
51	7	0.96602
53	7	0.95731
58	7	0.85788
59	7	0.47618
60	7	0.8803
61	7	0.8661
64	7	0.92772
66	7	0.17268
67	7	0.88539
68	7	0.94425
69	7	0.89807
70	7	0.94535
71	7	0.83486
72	7	0.95912
75	7	0.97035
76	7	0.97818
77	7	0.89193
80	7	0.9859
82	7	0.70832
83	7	0.94221
84	7	0.97697
86	7	0.89717
89	7	0.96261
90	7	0.82475
91	7	0.76649
94	7	0.9919
98	7	0.98081
99	7	0.82628
100	7	0.90987
102	7	0.62295
108	7	0.90137
109	7	0.86444
110	7	0.80473
111	7	0.91397
112	7	0.97908
113	7	0.96177
114	7	0.98071
116	7	0.89754
118	7	0.71458
120	7	0.85152
122	7	0.88347
123	7	0.8836
125	7	0.98341
129	7	0.89614
130	7	0.97232
132	7	0.9584
135	7	0.8906
136	7	0.86796
137	7	0.99417
138	7	0.7181
139	7	0.94387
142	7	0.92846
146	7	0.95505
147	7	0.86902
149	7	0.78989
150	7	0.964
3	8	0.5764
4	8	0.84601
5	8	0.85781
9	8	0.85741
10	8	0.86148
13	8	0.84878
14	8	0.8404
15	8	0.85
17	8	0.8835
18	8	0.85725
19	8	0.8784
20	8	0.83832
21	8	0.86702
24	8	0.85354
25	8	0.86217
26	8	0.87073
27	8	0.86666
28	8	0.84073
29	8	0.87252
31	8	0.84272
33	8	0.87215
37	8	0.88037
38	8	0.86174
39	8	0.84062
40	8	0.86393
42	8	0.85774
46	8	0.85706
50	8	0.85437
52	8	0.8344
54	8	0.84007
55	8	0.83761
56	8	0.85058
57	8	0.84495
63	8	0.69493
73	8	0.84466
74	8	0.85061
78	8	0.86985
81	8	0.89725
85	8	0.84248
88	8	0.87779
92	8	0.85127
93	8	0.87051
95	8	0.83797
96	8	0.84474
103	8	0.74638
106	8	0.3789
127	8	0.85132
128	8	0.84774
131	8	0.83994
133	8	0.86627
134	8	0.87609
140	8	0.85995
143	8	0.84976
144	8	0.85329
148	8	0.64784
4	9	0.99224
5	9	0.99639
8	9	0.85741
10	9	0.91875
11	9	0.91231
13	9	0.9934
14	9	0.9914
15	9	0.98397
16	9	0.96412
17	9	0.93354
18	9	0.99289
19	9	0.96943
20	9	0.98026
21	9	0.98128
22	9	0.94338
24	9	0.98411
25	9	0.98085
26	9	0.9879
27	9	0.99393
28	9	0.99306
29	9	0.99181
31	9	0.97919
33	9	0.97972
37	9	0.96187
38	9	0.98431
39	9	0.97653
40	9	0.99019
42	9	0.99379
44	9	0.97473
46	9	0.99191
48	9	0.97143
49	9	0.95748
50	9	0.98787
52	9	0.99166
54	9	0.98716
55	9	0.96044
56	9	0.98196
57	9	0.99704
65	9	0.54358
73	9	0.96062
74	9	0.99147
78	9	0.98878
79	9	0.86752
81	9	0.96691
85	9	0.98525
88	9	0.95327
92	9	0.98662
93	9	0.98979
96	9	0.99005
105	9	0.77683
117	9	0.90438
128	9	0.99109
131	9	0.92423
133	9	0.9905
134	9	0.9539
140	9	0.99678
141	9	0.94619
143	9	0.95624
144	9	0.99383
3	10	0.77948
4	10	0.91461
5	10	0.9204
8	10	0.86148
9	10	0.91875
13	10	0.91988
14	10	0.92834
15	10	0.93734
18	10	0.91519
19	10	0.97776
20	10	0.91304
21	10	0.97205
22	10	0.90111
24	10	0.93472
25	10	0.94461
26	10	0.94757
27	10	0.93197
28	10	0.92244
29	10	0.91567
31	10	0.89953
33	10	0.95041
38	10	0.96222
39	10	0.91406
40	10	0.94476
42	10	0.91852
44	10	0.90315
46	10	0.92111
48	10	0.90135
50	10	0.90946
52	10	0.9152
54	10	0.91696
55	10	0.89869
56	10	0.92508
57	10	0.92194
63	10	0.71428
65	10	0.56424
73	10	0.89649
74	10	0.94543
78	10	0.94215
85	10	0.91013
88	10	0.96439
90	10	0.86298
92	10	0.92691
93	10	0.95149
95	10	0.94642
96	10	0.92018
97	10	0.91149
103	10	0.91703
106	10	0.58001
117	10	0.92706
126	10	0.88914
127	10	0.97332
128	10	0.91253
131	10	0.96053
133	10	0.93196
140	10	0.91736
144	10	0.91717
148	10	0.83025
4	11	0.91478
5	11	0.91551
9	11	0.91231
13	11	0.91372
14	11	0.91345
15	11	0.90542
16	11	0.88502
18	11	0.91319
19	11	0.88692
20	11	0.90303
21	11	0.90167
24	11	0.89355
25	11	0.9007
26	11	0.90856
27	11	0.90802
28	11	0.91526
29	11	0.91082
31	11	0.90147
33	11	0.89901
37	11	0.87538
38	11	0.90466
39	11	0.89582
40	11	0.90894
42	11	0.91413
44	11	0.89439
46	11	0.91183
48	11	0.89348
49	11	0.87563
50	11	0.90759
52	11	0.91482
54	11	0.9279
55	11	0.87977
56	11	0.89698
57	11	0.91049
73	11	0.88391
74	11	0.91287
78	11	0.90644
81	11	0.88055
85	11	0.90469
87	11	0.86542
88	11	0.86849
92	11	0.90693
93	11	0.90882
96	11	0.91167
128	11	0.9082
133	11	0.90785
140	11	0.91473
141	11	0.87067
143	11	0.87267
144	11	0.91468
2	12	0.93843
13	12	0.9363
16	12	0.98084
17	12	0.95803
18	12	0.9417
20	12	0.96504
22	12	0.97066
23	12	0.97406
24	12	0.94608
25	12	0.95041
27	12	0.93181
28	12	0.92973
33	12	0.94894
34	12	0.97377
35	12	0.54307
36	12	0.98635
37	12	0.9626
39	12	0.94679
44	12	0.96538
45	12	0.96798
46	12	0.94589
47	12	0.97113
48	12	0.97562
49	12	0.98177
51	12	0.85997
52	12	0.9343
53	12	0.93126
54	12	0.93642
55	12	0.97905
58	12	0.9865
59	12	0.49799
61	12	0.91949
62	12	0.70736
63	12	0.64804
64	12	0.96254
66	12	0.21804
67	12	0.97772
71	12	0.90127
73	12	0.97865
76	12	0.89897
81	12	0.94089
83	12	0.93689
84	12	0.87899
85	12	0.96293
87	12	0.98709
90	12	0.84582
91	12	0.72038
92	12	0.9559
93	12	0.92977
95	12	0.94683
96	12	0.95342
97	12	0.90988
98	12	0.90311
100	12	0.96766
101	12	0.98376
102	12	0.70379
104	12	0.86819
107	12	0.32562
109	12	0.96526
111	12	0.96549
112	12	0.89774
115	12	0.15818
119	12	0.85511
120	12	0.81474
121	12	0.1614
124	12	0.20378
125	12	0.87194
126	12	0.89662
128	12	0.93821
130	12	0.91049
134	12	0.95595
140	12	0.93367
141	12	0.97437
142	12	0.95246
143	12	0.97713
144	12	0.93378
145	12	0.33547
4	13	0.99197
5	13	0.99855
8	13	0.84878
9	13	0.9934
10	13	0.91988
11	13	0.91372
12	13	0.9363
14	13	0.99476
15	13	0.98529
16	13	0.97981
17	13	0.94826
18	13	0.99852
19	13	0.97663
20	13	0.9883
21	13	0.98561
22	13	0.96063
24	13	0.98539
25	13	0.99208
26	13	0.99338
27	13	0.99067
28	13	0.99448
29	13	0.99336
31	13	0.97848
33	13	0.99005
36	13	0.95497
37	13	0.97358
38	13	0.99115
39	13	0.9887
40	13	0.99268
42	13	0.99667
44	13	0.98393
46	13	0.99862
47	13	0.91867
48	13	0.98693
49	13	0.97293
50	13	0.98515
52	13	0.99418
54	13	0.98927
55	13	0.97893
56	13	0.97971
57	13	0.99105
58	13	0.91291
65	13	0.55033
73	13	0.97871
74	13	0.99493
78	13	0.99247
79	13	0.88684
81	13	0.97337
85	13	0.99412
87	13	0.95401
88	13	0.95918
92	13	0.99644
93	13	0.99501
95	13	0.95136
96	13	0.99658
101	13	0.9296
105	13	0.76245
117	13	0.91359
127	13	0.88453
128	13	0.99647
131	13	0.93344
133	13	0.99676
134	13	0.96409
140	13	0.99749
141	13	0.95513
143	13	0.97153
144	13	0.99897
3	14	0.53164
4	14	0.99184
5	14	0.99461
8	14	0.8404
9	14	0.9914
10	14	0.92834
11	14	0.91345
13	14	0.99476
15	14	0.98858
16	14	0.96243
18	14	0.99162
19	14	0.9782
20	14	0.98356
21	14	0.98741
22	14	0.94534
24	14	0.97607
25	14	0.98419
26	14	0.99145
27	14	0.98879
28	14	0.99453
29	14	0.98947
31	14	0.98196
33	14	0.98384
37	14	0.95407
38	14	0.98874
39	14	0.98808
40	14	0.99171
42	14	0.99272
44	14	0.97421
46	14	0.99108
48	14	0.9733
49	14	0.95322
50	14	0.9861
52	14	0.99309
54	14	0.98815
55	14	0.96071
56	14	0.97786
57	14	0.98934
65	14	0.57588
73	14	0.9643
74	14	0.99515
78	14	0.98866
79	14	0.90083
81	14	0.95797
85	14	0.9848
88	14	0.96807
92	14	0.98809
93	14	0.9917
96	14	0.99151
103	14	0.73764
105	14	0.76222
117	14	0.91645
127	14	0.8886
128	14	0.99198
131	14	0.93285
133	14	0.99475
134	14	0.94974
140	14	0.99233
141	14	0.94973
143	14	0.9531
144	14	0.9938
145	14	0.25209
3	15	0.55864
4	15	0.99232
5	15	0.98642
8	15	0.85
9	15	0.98397
10	15	0.93734
11	15	0.90542
13	15	0.98529
14	15	0.98858
16	15	0.95836
18	15	0.98316
19	15	0.97779
20	15	0.99194
21	15	0.9861
22	15	0.94866
24	15	0.97201
25	15	0.98156
26	15	0.98534
27	15	0.99415
28	15	0.99364
29	15	0.98035
31	15	0.99205
33	15	0.98448
35	15	0.51825
37	15	0.95096
38	15	0.98538
39	15	0.97633
40	15	0.99159
42	15	0.983
44	15	0.97811
46	15	0.98439
48	15	0.9696
49	15	0.94819
50	15	0.99071
52	15	0.99368
54	15	0.99575
55	15	0.95797
56	15	0.97535
57	15	0.9871
62	15	0.70173
63	15	0.71494
65	15	0.56823
66	15	0.17438
73	15	0.95871
74	15	0.98657
78	15	0.98896
79	15	0.88172
81	15	0.95516
85	15	0.9786
87	15	0.96279
88	15	0.96628
92	15	0.98314
93	15	0.9867
95	15	0.94589
96	15	0.99071
103	15	0.78994
104	15	0.78203
105	15	0.76914
106	15	0.30182
107	15	0.36866
115	15	0.14018
117	15	0.9451
119	15	0.83686
121	15	0.15481
124	15	0.21907
127	15	0.90471
128	15	0.98702
131	15	0.96671
133	15	0.98623
134	15	0.94553
140	15	0.98602
141	15	0.97349
144	15	0.98382
145	15	0.36822
148	15	0.62265
2	16	0.90494
4	16	0.9588
5	16	0.97296
9	16	0.96412
11	16	0.88502
12	16	0.98084
13	16	0.97981
14	16	0.96243
15	16	0.95836
17	16	0.97181
18	16	0.98371
19	16	0.94548
20	16	0.98325
21	16	0.95528
22	16	0.98456
23	16	0.96529
24	16	0.98003
25	16	0.9854
26	16	0.96984
27	16	0.96536
28	16	0.9677
29	16	0.96557
31	16	0.94419
33	16	0.9826
34	16	0.95652
36	16	0.9928
37	16	0.98419
38	16	0.96785
39	16	0.98138
40	16	0.96497
42	16	0.96737
44	16	0.98791
45	16	0.94241
46	16	0.98583
47	16	0.96875
48	16	0.99824
49	16	0.99812
50	16	0.95019
52	16	0.96944
53	16	0.89381
54	16	0.96628
55	16	0.99648
56	16	0.95053
57	16	0.96773
58	16	0.96919
61	16	0.84104
64	16	0.9218
67	16	0.93077
71	16	0.82435
73	16	0.99687
74	16	0.96513
76	16	0.84386
78	16	0.96089
79	16	0.88427
81	16	0.97132
83	16	0.90329
85	16	0.99224
87	16	0.9763
90	16	0.82797
92	16	0.9896
93	16	0.97427
95	16	0.96615
96	16	0.98417
97	16	0.90397
100	16	0.93749
101	16	0.98088
104	16	0.78277
105	16	0.74663
109	16	0.95402
111	16	0.94267
117	16	0.90392
119	16	0.80058
126	16	0.88759
128	16	0.97514
130	16	0.8638
133	16	0.97298
134	16	0.97456
140	16	0.97673
141	16	0.96546
142	16	0.92693
143	16	0.99101
144	16	0.9786
2	17	0.89079
5	17	0.94539
8	17	0.8835
9	17	0.93354
12	17	0.95803
13	17	0.94826
16	17	0.97181
18	17	0.95648
20	17	0.94878
22	17	0.94581
23	17	0.93721
24	17	0.94203
25	17	0.95322
26	17	0.93261
27	17	0.93969
28	17	0.93067
29	17	0.95209
33	17	0.95873
34	17	0.94236
36	17	0.95555
37	17	0.98882
38	17	0.93384
39	17	0.95219
40	17	0.93689
42	17	0.94119
44	17	0.95143
45	17	0.92073
46	17	0.95795
47	17	0.93778
48	17	0.96569
49	17	0.96817
52	17	0.93099
54	17	0.93293
55	17	0.97182
58	17	0.93322
64	17	0.8992
67	17	0.89817
73	17	0.97337
78	17	0.93869
79	17	0.86903
81	17	0.98677
83	17	0.88045
85	17	0.95865
87	17	0.93722
92	17	0.95702
93	17	0.94362
95	17	0.93531
96	17	0.94975
97	17	0.88199
100	17	0.9309
101	17	0.96586
102	17	0.64209
109	17	0.92317
111	17	0.92014
126	17	0.88058
128	17	0.94721
133	17	0.95097
134	17	0.98717
140	17	0.95058
141	17	0.9327
142	17	0.89579
143	17	0.9855
144	17	0.95086
4	18	0.99
5	18	0.99811
8	18	0.85725
9	18	0.99289
10	18	0.91519
11	18	0.91319
12	18	0.9417
13	18	0.99852
14	18	0.99162
15	18	0.98316
16	18	0.98371
17	18	0.95648
19	18	0.97187
20	18	0.98849
21	18	0.98275
22	18	0.96361
23	18	0.91131
24	18	0.98433
25	18	0.9914
26	18	0.99203
27	18	0.98952
28	18	0.99348
29	18	0.99497
31	18	0.97601
33	18	0.99023
36	18	0.95875
37	18	0.97935
38	18	0.9888
39	18	0.98666
40	18	0.99145
42	18	0.99623
44	18	0.98582
46	18	0.99944
47	18	0.9223
48	18	0.98873
49	18	0.97596
50	18	0.98495
52	18	0.99275
54	18	0.98828
55	18	0.98066
56	18	0.97981
57	18	0.98992
58	18	0.91625
73	18	0.98161
74	18	0.99291
78	18	0.9883
79	18	0.87957
81	18	0.97874
85	18	0.99567
87	18	0.95565
88	18	0.95206
92	18	0.99654
93	18	0.99422
95	18	0.95008
96	18	0.99657
101	18	0.93556
105	18	0.76654
117	18	0.90974
127	18	0.87741
128	18	0.9928
131	18	0.9293
133	18	0.99417
134	18	0.9669
140	18	0.99838
141	18	0.95597
143	18	0.97515
144	18	0.99922
3	19	0.66585
4	19	0.96864
5	19	0.97494
8	19	0.8784
9	19	0.96943
10	19	0.97776
11	19	0.88692
13	19	0.97663
14	19	0.9782
15	19	0.97779
16	19	0.94548
18	19	0.97187
20	19	0.96555
21	19	0.9956
22	19	0.94455
24	19	0.97359
25	19	0.98511
26	19	0.98501
27	19	0.97708
28	19	0.97183
29	19	0.97163
31	19	0.95766
33	19	0.98833
37	19	0.94541
38	19	0.99314
39	19	0.97195
40	19	0.98487
42	19	0.97423
44	19	0.95747
46	19	0.97545
48	19	0.95943
50	19	0.96373
52	19	0.96821
54	19	0.9674
55	19	0.95631
56	19	0.96822
57	19	0.9681
63	19	0.69053
65	19	0.58326
73	19	0.95482
74	19	0.98452
78	19	0.98815
79	19	0.89632
81	19	0.95079
85	19	0.96578
88	19	0.99103
90	19	0.84172
92	19	0.9772
93	19	0.98891
95	19	0.96793
96	19	0.97271
97	19	0.90463
103	19	0.84024
105	19	0.73737
106	19	0.42236
117	19	0.94051
126	19	0.88463
127	19	0.95684
128	19	0.9738
131	19	0.96587
133	19	0.98534
140	19	0.97193
144	19	0.97358
148	19	0.72298
3	20	0.51042
4	20	0.98686
5	20	0.98579
8	20	0.83832
9	20	0.98026
10	20	0.91304
11	20	0.90303
12	20	0.96504
13	20	0.9883
14	20	0.98356
15	20	0.99194
16	20	0.98325
17	20	0.94878
18	20	0.98849
19	20	0.96555
21	20	0.97657
22	20	0.96997
23	20	0.92672
24	20	0.97999
25	20	0.9881
26	20	0.98321
27	20	0.98993
28	20	0.99135
29	20	0.97742
31	20	0.98319
33	20	0.98835
34	20	0.90472
35	20	0.52078
36	20	0.96509
37	20	0.969
38	20	0.98156
39	20	0.98448
40	20	0.98643
42	20	0.98085
44	20	0.98975
45	20	0.8919
46	20	0.99022
47	20	0.93688
48	20	0.98921
49	20	0.97646
50	20	0.98125
52	20	0.99302
54	20	0.99388
55	20	0.98074
56	20	0.96583
57	20	0.98627
58	20	0.93827
61	20	0.83573
62	20	0.70158
63	20	0.68336
65	20	0.55958
66	20	0.17819
67	20	0.90954
71	20	0.83033
73	20	0.98202
74	20	0.98226
78	20	0.98179
79	20	0.88725
81	20	0.96511
85	20	0.99169
87	20	0.98546
88	20	0.94642
92	20	0.99212
93	20	0.98545
95	20	0.95885
96	20	0.99659
97	20	0.88689
101	20	0.94285
102	20	0.62244
103	20	0.75825
104	20	0.81515
105	20	0.75623
107	20	0.34715
109	20	0.92414
115	20	0.13522
117	20	0.9383
119	20	0.84747
121	20	0.14633
124	20	0.20491
127	20	0.89142
128	20	0.98899
131	20	0.95926
133	20	0.98468
134	20	0.9627
140	20	0.98753
141	20	0.98802
143	20	0.97269
144	20	0.98658
145	20	0.35173
3	21	0.62588
4	21	0.98079
5	21	0.98561
8	21	0.86702
9	21	0.98128
10	21	0.97205
11	21	0.90167
13	21	0.98561
14	21	0.98741
15	21	0.9861
16	21	0.95528
18	21	0.98275
19	21	0.9956
20	21	0.97657
22	21	0.9523
24	21	0.98067
25	21	0.99046
26	21	0.99414
27	21	0.98543
28	21	0.98551
29	21	0.9806
31	21	0.96633
33	21	0.99179
37	21	0.94879
38	21	0.9985
39	21	0.97502
40	21	0.99314
42	21	0.98356
44	21	0.96866
46	21	0.98516
48	21	0.96858
49	21	0.94654
50	21	0.9747
52	21	0.9823
54	21	0.97987
55	21	0.96184
56	21	0.97641
57	21	0.98117
63	21	0.66834
65	21	0.56348
73	21	0.96104
74	21	0.99487
78	21	0.99019
79	21	0.88024
81	21	0.9514
85	21	0.97786
88	21	0.97896
90	21	0.82208
92	21	0.98614
93	21	0.99617
95	21	0.96518
96	21	0.98457
97	21	0.89677
103	21	0.82071
105	21	0.75166
106	21	0.38134
117	21	0.93753
126	21	0.87113
127	21	0.9364
128	21	0.98007
131	21	0.9637
133	21	0.988
140	21	0.9833
144	21	0.98443
148	21	0.69077
2	22	0.91846
3	22	0.54523
5	22	0.95135
9	22	0.94338
10	22	0.90111
12	22	0.97066
13	22	0.96063
14	22	0.94534
15	22	0.94866
16	22	0.98456
17	22	0.94581
18	22	0.96361
19	22	0.94455
20	22	0.96997
21	22	0.9523
23	22	0.97406
24	22	0.97249
25	22	0.97937
26	22	0.96159
27	22	0.94626
28	22	0.94936
33	22	0.97627
34	22	0.95245
36	22	0.9862
37	22	0.96064
38	22	0.96314
39	22	0.96697
40	22	0.95176
42	22	0.94466
44	22	0.98909
45	22	0.94138
46	22	0.96853
47	22	0.98091
48	22	0.98654
49	22	0.98376
52	22	0.95068
53	22	0.90317
54	22	0.94722
55	22	0.98705
56	22	0.95547
57	22	0.94889
58	22	0.97052
61	22	0.8412
64	22	0.92773
67	22	0.92999
71	22	0.82864
73	22	0.98616
74	22	0.95365
76	22	0.85235
79	22	0.8768
81	22	0.94255
83	22	0.92302
85	22	0.97816
87	22	0.967
90	22	0.8761
92	22	0.97731
93	22	0.96423
95	22	0.978
96	22	0.96849
97	22	0.93457
98	22	0.85373
100	22	0.93414
101	22	0.97079
103	22	0.75985
104	22	0.77464
105	22	0.80871
106	22	0.31442
109	22	0.97026
111	22	0.93897
112	22	0.85755
117	22	0.91249
119	22	0.80653
126	22	0.91919
127	22	0.89838
128	22	0.95336
130	22	0.87635
131	22	0.93588
133	22	0.95465
134	22	0.94761
140	22	0.95431
141	22	0.95114
142	22	0.94039
143	22	0.97072
144	22	0.95771
148	22	0.64537
2	23	0.98073
3	23	0.5298
7	23	0.87159
12	23	0.97406
16	23	0.96529
17	23	0.93721
18	23	0.91131
20	23	0.92672
22	23	0.97406
24	23	0.93527
25	23	0.94146
33	23	0.93816
34	23	0.98875
36	23	0.98378
37	23	0.93642
39	23	0.92729
44	23	0.94173
45	23	0.97846
46	23	0.91924
47	23	0.99827
48	23	0.96049
49	23	0.97123
51	23	0.88097
53	23	0.96809
55	23	0.97094
58	23	0.98901
61	23	0.88748
64	23	0.97873
67	23	0.96353
68	23	0.86202
71	23	0.87089
73	23	0.96822
76	23	0.93431
80	23	0.84432
83	23	0.98258
84	23	0.91193
85	23	0.93728
87	23	0.94945
89	23	0.87798
90	23	0.92015
92	23	0.93553
93	23	0.91239
94	23	0.83608
95	23	0.96751
96	23	0.91911
97	23	0.95609
98	23	0.9361
100	23	0.97798
101	23	0.98495
103	23	0.74117
104	23	0.79347
106	23	0.33695
109	23	0.99613
111	23	0.98153
112	23	0.93851
119	23	0.80998
120	23	0.80916
125	23	0.92615
126	23	0.95292
127	23	0.88078
130	23	0.95197
134	23	0.9282
136	23	0.7949
137	23	0.8764
141	23	0.92283
142	23	0.98963
143	23	0.95468
148	23	0.65738
150	23	0.85323
3	24	0.5544
4	24	0.96992
5	24	0.98169
8	24	0.85354
9	24	0.98411
10	24	0.93472
11	24	0.89355
12	24	0.94608
13	24	0.98539
14	24	0.97607
15	24	0.97201
16	24	0.98003
17	24	0.94203
18	24	0.98433
19	24	0.97359
20	24	0.97999
21	24	0.98067
22	24	0.97249
23	24	0.93527
25	24	0.99186
26	24	0.9852
27	24	0.98353
28	24	0.97751
29	24	0.97092
31	24	0.95195
33	24	0.98867
34	24	0.90414
36	24	0.96416
37	24	0.96496
38	24	0.98691
39	24	0.98032
40	24	0.98049
42	24	0.97637
44	24	0.98012
45	24	0.90134
46	24	0.98737
47	24	0.94689
48	24	0.9855
49	24	0.98024
50	24	0.95957
52	24	0.97643
54	24	0.97295
55	24	0.9818
56	24	0.96635
57	24	0.98893
58	24	0.93298
63	24	0.65511
65	24	0.55141
73	24	0.97949
74	24	0.98268
78	24	0.98029
79	24	0.88311
81	24	0.95869
85	24	0.98824
87	24	0.95584
88	24	0.94926
90	24	0.83275
92	24	0.99072
93	24	0.98901
95	24	0.97063
96	24	0.98571
97	24	0.91353
101	24	0.94253
103	24	0.76838
105	24	0.75466
106	24	0.30863
109	24	0.93379
111	24	0.88675
117	24	0.92182
126	24	0.88441
127	24	0.91208
128	24	0.98273
131	24	0.94597
133	24	0.98308
134	24	0.9602
140	24	0.98408
141	24	0.95172
143	24	0.96911
144	24	0.98204
148	24	0.63962
3	25	0.57095
4	25	0.97758
5	25	0.98781
8	25	0.86217
9	25	0.98085
10	25	0.94461
11	25	0.9007
12	25	0.95041
13	25	0.99208
14	25	0.98419
15	25	0.98156
16	25	0.9854
17	25	0.95322
18	25	0.9914
19	25	0.98511
20	25	0.9881
21	25	0.99046
22	25	0.97937
23	25	0.94146
24	25	0.99186
26	25	0.99419
27	25	0.98415
28	25	0.98474
29	25	0.98051
31	25	0.96205
33	25	0.99859
34	25	0.91056
36	25	0.96941
37	25	0.97352
38	25	0.99579
39	25	0.98782
40	25	0.98909
42	25	0.9843
44	25	0.98703
45	25	0.89803
46	25	0.99437
47	25	0.95364
48	25	0.99252
49	25	0.98083
50	25	0.96942
52	25	0.9839
54	25	0.98096
55	25	0.98908
56	25	0.97332
57	25	0.983
58	25	0.93854
65	25	0.56141
73	25	0.98793
74	25	0.99066
78	25	0.98726
79	25	0.89471
81	25	0.96775
85	25	0.99352
87	25	0.96286
88	25	0.96266
90	25	0.84488
92	25	0.99773
93	25	0.99655
95	25	0.98068
96	25	0.9929
97	25	0.91725
100	25	0.88652
101	25	0.94864
103	25	0.78446
105	25	0.75534
106	25	0.32558
109	25	0.94019
111	25	0.88854
117	25	0.93445
119	25	0.79554
126	25	0.89648
127	25	0.92397
128	25	0.98716
131	25	0.9579
133	25	0.99081
134	25	0.96299
140	25	0.98797
141	25	0.95829
142	25	0.88611
143	25	0.97475
144	25	0.9899
148	25	0.65586
3	26	0.56163
4	26	0.98555
5	26	0.99264
8	26	0.87073
9	26	0.9879
10	26	0.94757
11	26	0.90856
13	26	0.99338
14	26	0.99145
15	26	0.98534
16	26	0.96984
17	26	0.93261
18	26	0.99203
19	26	0.98501
20	26	0.98321
21	26	0.99414
22	26	0.96159
24	26	0.9852
25	26	0.99419
27	26	0.98671
28	26	0.99114
29	26	0.98673
31	26	0.96911
33	26	0.99212
36	26	0.94608
37	26	0.96176
38	26	0.99664
39	26	0.98137
40	26	0.99386
42	26	0.99029
44	26	0.97942
46	26	0.99311
47	26	0.92083
48	26	0.98015
49	26	0.96208
50	26	0.97882
52	26	0.98934
54	26	0.98434
55	26	0.97222
56	26	0.98012
57	26	0.98705
65	26	0.54836
73	26	0.97182
74	26	0.99709
78	26	0.98971
79	26	0.88217
81	26	0.95883
85	26	0.98858
87	26	0.94586
88	26	0.964
92	26	0.99315
93	26	0.99809
95	26	0.96047
96	26	0.99201
97	26	0.88425
101	26	0.91904
103	26	0.7732
105	26	0.76516
106	26	0.30779
117	26	0.92314
127	26	0.90887
128	26	0.98699
131	26	0.9477
133	26	0.99099
134	26	0.94528
140	26	0.99105
141	26	0.9463
143	26	0.95674
144	26	0.99275
148	26	0.63429
3	27	0.52884
4	27	0.99443
5	27	0.99279
8	27	0.86666
9	27	0.99393
10	27	0.93197
11	27	0.90802
12	27	0.93181
13	27	0.99067
14	27	0.98879
15	27	0.99415
16	27	0.96536
17	27	0.93969
18	27	0.98952
19	27	0.97708
20	27	0.98993
21	27	0.98543
22	27	0.94626
24	27	0.98353
25	27	0.98415
26	27	0.98671
28	27	0.99473
29	27	0.98785
31	27	0.9898
33	27	0.98582
35	27	0.48375
37	27	0.96377
38	27	0.98667
39	27	0.97738
40	27	0.99391
42	27	0.99012
44	27	0.97567
46	27	0.99004
48	27	0.97375
49	27	0.95796
50	27	0.99016
52	27	0.9939
54	27	0.99466
55	27	0.96445
56	27	0.97393
57	27	0.99573
62	27	0.66813
63	27	0.70683
65	27	0.56045
73	27	0.96397
74	27	0.98902
78	27	0.99351
79	27	0.87545
81	27	0.96939
85	27	0.98424
87	27	0.95827
88	27	0.96362
92	27	0.98746
93	27	0.9901
95	27	0.94478
96	27	0.99278
103	27	0.76555
105	27	0.75048
107	27	0.32018
117	27	0.93247
119	27	0.80664
121	27	0.10949
124	27	0.17337
127	27	0.89648
128	27	0.99177
131	27	0.95463
133	27	0.99071
134	27	0.95898
140	27	0.99348
141	27	0.9671
143	27	0.9586
144	27	0.98965
145	27	0.32487
148	27	0.6017
3	28	0.50133
4	28	0.99721
5	28	0.996
8	28	0.84073
9	28	0.99306
10	28	0.92244
11	28	0.91526
12	28	0.92973
13	28	0.99448
14	28	0.99453
15	28	0.99364
16	28	0.9677
17	28	0.93067
18	28	0.99348
19	28	0.97183
20	28	0.99135
21	28	0.98551
22	28	0.94936
24	28	0.97751
25	28	0.98474
26	28	0.99114
27	28	0.99473
29	28	0.9911
31	28	0.98866
33	28	0.98426
35	28	0.46284
37	28	0.96118
38	28	0.98778
39	28	0.97903
40	28	0.99602
42	28	0.99384
44	28	0.97973
46	28	0.99301
48	28	0.97693
49	28	0.95762
50	28	0.99249
52	28	0.9994
54	28	0.99645
55	28	0.96562
56	28	0.97679
57	28	0.99357
62	28	0.64832
63	28	0.65084
65	28	0.54534
73	28	0.96543
74	28	0.99454
78	28	0.98973
79	28	0.86867
81	28	0.96126
85	28	0.989
87	28	0.95822
88	28	0.95395
92	28	0.9904
93	28	0.99146
96	28	0.99672
103	28	0.74067
105	28	0.76133
107	28	0.29984
117	28	0.92132
124	28	0.15716
127	28	0.87754
128	28	0.9916
131	28	0.94286
133	28	0.98981
134	28	0.9466
140	28	0.99549
141	28	0.96491
143	28	0.95605
144	28	0.99492
145	28	0.30957
4	29	0.9903
5	29	0.99651
8	29	0.87252
9	29	0.99181
10	29	0.91567
11	29	0.91082
13	29	0.99336
14	29	0.98947
15	29	0.98035
16	29	0.96557
17	29	0.95209
18	29	0.99497
19	29	0.97163
20	29	0.97742
21	29	0.9806
24	29	0.97092
25	29	0.98051
26	29	0.98673
27	29	0.98785
28	29	0.9911
31	29	0.97913
33	29	0.98208
37	29	0.9761
38	29	0.98351
39	29	0.97646
40	29	0.99231
42	29	0.99695
44	29	0.97078
46	29	0.99298
48	29	0.97201
49	29	0.95447
50	29	0.99038
52	29	0.98861
54	29	0.98424
55	29	0.96423
56	29	0.97884
57	29	0.98405
73	29	0.96453
74	29	0.99005
78	29	0.98849
79	29	0.86865
81	29	0.97993
85	29	0.98479
88	29	0.95797
92	29	0.98639
93	29	0.98947
96	29	0.9888
105	29	0.75859
128	29	0.98769
133	29	0.99176
134	29	0.96023
140	29	0.99612
141	29	0.9404
143	29	0.96183
144	29	0.99634
2	30	0.71253
3	30	0.51683
6	30	0.80716
7	30	0.83285
32	30	0.8262
41	30	0.86107
43	30	0.87369
51	30	0.78778
53	30	0.69196
60	30	0.86795
66	30	0.20971
68	30	0.91832
69	30	0.86378
70	30	0.9199
72	30	0.81031
75	30	0.92421
76	30	0.72343
77	30	0.86199
80	30	0.77293
82	30	0.76599
83	30	0.7246
84	30	0.7283
86	30	0.85568
89	30	0.87077
90	30	0.75525
94	30	0.82312
98	30	0.74428
99	30	0.86871
106	30	0.58991
108	30	0.87691
110	30	0.78089
112	30	0.74488
113	30	0.94544
114	30	0.85978
115	30	0.14777
116	30	0.84176
118	30	0.71926
120	30	0.76873
121	30	0.12702
122	30	0.8531
123	30	0.84398
125	30	0.82207
126	30	0.6901
129	30	0.83981
130	30	0.72374
132	30	0.8582
135	30	0.86911
136	30	0.93564
137	30	0.79079
138	30	0.71413
139	30	0.96051
146	30	0.90096
147	30	0.84123
148	30	0.63907
149	30	0.99022
150	30	0.75694
4	31	0.99285
5	31	0.98176
8	31	0.84272
9	31	0.97919
10	31	0.89953
11	31	0.90147
13	31	0.97848
14	31	0.98196
15	31	0.99205
16	31	0.94419
18	31	0.97601
19	31	0.95766
20	31	0.98319
21	31	0.96633
24	31	0.95195
25	31	0.96205
26	31	0.96911
27	31	0.9898
28	31	0.98866
29	31	0.97913
33	31	0.96579
35	31	0.54264
37	31	0.94702
38	31	0.96605
39	31	0.96536
40	31	0.98234
42	31	0.98084
44	31	0.9609
46	31	0.97492
48	31	0.95398
50	31	0.9926
52	31	0.98959
54	31	0.99266
55	31	0.94027
56	31	0.96003
57	31	0.97973
62	31	0.71264
63	31	0.71408
65	31	0.56732
66	31	0.20229
73	31	0.94177
74	31	0.97339
78	31	0.98311
79	31	0.87174
81	31	0.95728
85	31	0.96629
87	31	0.95169
88	31	0.95392
92	31	0.96917
93	31	0.97069
96	31	0.98174
103	31	0.73292
104	31	0.78444
105	31	0.73939
107	31	0.40353
115	31	0.17145
117	31	0.92357
119	31	0.82887
121	31	0.18771
124	31	0.25198
128	31	0.98382
131	31	0.94023
133	31	0.97978
134	31	0.94466
140	31	0.98085
141	31	0.96799
143	31	0.93838
144	31	0.9776
145	31	0.40099
2	32	0.64438
6	32	0.87901
7	32	0.8461
30	32	0.8262
41	32	0.92281
43	32	0.87655
51	32	0.82443
53	32	0.6811
59	32	0.56765
60	32	0.95919
61	32	0.67019
64	32	0.6359
66	32	0.37775
68	32	0.75358
69	32	0.95764
70	32	0.90319
72	32	0.91617
75	32	0.89857
76	32	0.74853
77	32	0.95825
80	32	0.84519
82	32	0.76561
84	32	0.77157
86	32	0.96705
89	32	0.76167
91	32	0.75276
94	32	0.86557
98	32	0.76388
99	32	0.98177
108	32	0.95091
110	32	0.87688
112	32	0.75395
113	32	0.83693
114	32	0.89515
115	32	0.29983
116	32	0.96036
118	32	0.90452
120	32	0.73145
121	32	0.27354
122	32	0.96103
123	32	0.95574
124	32	0.23246
125	32	0.77341
129	32	0.95852
130	32	0.72241
132	32	0.95012
135	32	0.96614
136	32	0.67844
137	32	0.83221
138	32	0.72017
139	32	0.86164
146	32	0.94415
147	32	0.98089
149	32	0.80813
150	32	0.8497
3	33	0.58774
4	33	0.97782
5	33	0.98684
8	33	0.87215
9	33	0.97972
10	33	0.95041
11	33	0.89901
12	33	0.94894
13	33	0.99005
14	33	0.98384
15	33	0.98448
16	33	0.9826
17	33	0.95873
18	33	0.99023
19	33	0.98833
20	33	0.98835
21	33	0.99179
22	33	0.97627
23	33	0.93816
24	33	0.98867
25	33	0.99859
26	33	0.99212
27	33	0.98582
28	33	0.98426
29	33	0.98208
31	33	0.96579
34	33	0.90797
36	33	0.96393
37	33	0.97496
38	33	0.99541
39	33	0.988
40	33	0.99006
42	33	0.98341
44	33	0.9852
45	33	0.8922
46	33	0.99319
47	33	0.95099
48	33	0.98977
49	33	0.97672
50	33	0.97224
52	33	0.98278
54	33	0.98186
55	33	0.98632
56	33	0.97356
57	33	0.98137
58	33	0.93319
62	33	0.62549
63	33	0.66515
65	33	0.57266
73	33	0.9864
74	33	0.98912
78	33	0.98771
79	33	0.89992
81	33	0.97223
85	33	0.99091
87	33	0.96203
88	33	0.96969
90	33	0.84845
92	33	0.9957
93	33	0.99607
95	33	0.9809
96	33	0.99176
97	33	0.9185
101	33	0.9446
103	33	0.79828
105	33	0.75281
106	33	0.34274
109	33	0.93829
117	33	0.94075
119	33	0.8062
126	33	0.90066
127	33	0.93199
128	33	0.9857
131	33	0.96368
133	33	0.99143
134	33	0.96676
140	33	0.98731
141	33	0.96056
143	33	0.97418
144	33	0.98864
148	33	0.66958
2	34	0.98366
6	34	0.86716
7	34	0.89697
12	34	0.97377
16	34	0.95652
17	34	0.94236
20	34	0.90472
22	34	0.95245
23	34	0.98875
24	34	0.90414
25	34	0.91056
33	34	0.90797
36	34	0.9768
37	34	0.93198
39	34	0.90913
41	34	0.7883
43	34	0.85275
44	34	0.92261
45	34	0.98416
46	34	0.89698
47	34	0.98039
48	34	0.94469
49	34	0.96346
51	34	0.90016
53	34	0.98144
55	34	0.9553
58	34	0.98408
61	34	0.90231
64	34	0.98513
67	34	0.96871
68	34	0.84611
71	34	0.87968
73	34	0.95604
76	34	0.95977
80	34	0.88909
81	34	0.9027
83	34	0.978
84	34	0.94494
85	34	0.91759
87	34	0.93552
89	34	0.88092
90	34	0.87378
92	34	0.91075
94	34	0.87013
95	34	0.93177
97	34	0.91359
98	34	0.95731
100	34	0.99139
101	34	0.98802
102	34	0.63813
104	34	0.80108
109	34	0.97543
111	34	0.99577
112	34	0.95733
114	34	0.8182
119	34	0.79681
125	34	0.93289
126	34	0.91666
130	34	0.96797
134	34	0.9294
136	34	0.76063
137	34	0.90867
141	34	0.90843
142	34	0.98845
143	34	0.95177
150	34	0.88477
4	35	0.47052
6	35	0.54085
12	35	0.54307
15	35	0.51825
20	35	0.52078
27	35	0.48375
28	35	0.46284
31	35	0.54264
44	35	0.45806
50	35	0.48111
51	35	0.58052
52	35	0.47573
54	35	0.51357
57	35	0.44759
58	35	0.46327
59	35	0.95523
61	35	0.73284
62	35	0.96457
63	35	0.76481
64	35	0.50729
66	35	0.92458
67	35	0.61087
71	35	0.74153
82	35	0.82186
87	35	0.60146
91	35	0.85592
96	35	0.45951
98	35	0.45047
102	35	0.90373
103	35	0.46935
104	35	0.87282
107	35	0.93985
108	35	0.56952
109	35	0.43923
110	35	0.74647
115	35	0.9071
117	35	0.55568
118	35	0.69706
119	35	0.77199
120	35	0.77294
121	35	0.91042
123	35	0.58193
124	35	0.92649
125	35	0.4454
128	35	0.43729
131	35	0.56952
138	35	0.76988
141	35	0.63182
145	35	0.9621
150	35	0.56907
2	36	0.93969
5	36	0.94356
12	36	0.98635
13	36	0.95497
16	36	0.9928
17	36	0.95555
18	36	0.95875
20	36	0.96509
22	36	0.9862
23	36	0.98378
24	36	0.96416
25	36	0.96941
26	36	0.94608
33	36	0.96393
34	36	0.9768
37	36	0.96494
38	36	0.94487
39	36	0.96375
44	36	0.97534
45	36	0.96924
46	36	0.96299
47	36	0.98393
48	36	0.98949
49	36	0.99478
52	36	0.94235
53	36	0.93458
55	36	0.99128
57	36	0.93966
58	36	0.98911
61	36	0.86752
64	36	0.9505
67	36	0.95222
71	36	0.84662
73	36	0.99134
76	36	0.89261
79	36	0.87144
81	36	0.94326
83	36	0.93955
84	36	0.86861
85	36	0.97681
87	36	0.97246
90	36	0.85605
92	36	0.97243
93	36	0.95017
95	36	0.96491
96	36	0.96313
97	36	0.91999
98	36	0.89084
100	36	0.96388
101	36	0.98892
104	36	0.79154
105	36	0.7302
109	36	0.97251
111	36	0.96897
112	36	0.89069
119	36	0.80198
125	36	0.86105
126	36	0.90451
128	36	0.94964
130	36	0.91111
133	36	0.945
134	36	0.95547
140	36	0.94774
141	36	0.95338
142	36	0.95983
143	36	0.98294
144	36	0.95208
2	37	0.87183
4	37	0.95603
5	37	0.97074
8	37	0.88037
9	37	0.96187
11	37	0.87538
12	37	0.9626
13	37	0.97358
14	37	0.95407
15	37	0.95096
16	37	0.98419
17	37	0.98882
18	37	0.97935
19	37	0.94541
20	37	0.969
21	37	0.94879
22	37	0.96064
23	37	0.93642
24	37	0.96496
25	37	0.97352
26	37	0.96176
27	37	0.96377
28	37	0.96118
29	37	0.9761
31	37	0.94702
33	37	0.97496
34	37	0.93198
36	37	0.96494
38	37	0.95906
39	37	0.96901
40	37	0.96673
42	37	0.97005
44	37	0.97141
45	37	0.91166
46	37	0.97933
47	37	0.93859
48	37	0.98145
49	37	0.97872
50	37	0.9581
52	37	0.9603
54	37	0.95799
55	37	0.98521
56	37	0.95008
57	37	0.9571
58	37	0.93456
67	37	0.89291
73	37	0.98306
74	37	0.95721
78	37	0.96363
79	37	0.87451
81	37	0.99012
85	37	0.98115
87	37	0.95187
88	37	0.92675
92	37	0.97841
93	37	0.96764
95	37	0.94501
96	37	0.97391
100	37	0.9162
101	37	0.96456
105	37	0.73874
109	37	0.92253
111	37	0.91007
128	37	0.9694
133	37	0.97164
134	37	0.98325
140	37	0.97483
141	37	0.94635
142	37	0.88659
143	37	0.98691
144	37	0.97556
3	38	0.59881
4	38	0.98237
5	38	0.9896
8	38	0.86174
9	38	0.98431
10	38	0.96222
11	38	0.90466
13	38	0.99115
14	38	0.98874
15	38	0.98538
16	38	0.96785
17	38	0.93384
18	38	0.9888
19	38	0.99314
20	38	0.98156
21	38	0.9985
22	38	0.96314
24	38	0.98691
25	38	0.99579
26	38	0.99664
27	38	0.98667
28	38	0.98778
29	38	0.98351
31	38	0.96605
33	38	0.99541
36	38	0.94487
37	38	0.95906
39	38	0.98062
40	38	0.99387
42	38	0.98743
44	38	0.97713
46	38	0.99122
47	38	0.92766
48	38	0.979
49	38	0.96065
50	38	0.97499
52	38	0.98547
54	38	0.9821
55	38	0.97334
56	38	0.97845
57	38	0.98446
63	38	0.64898
65	38	0.56007
73	38	0.97157
74	38	0.99642
78	38	0.9918
79	38	0.88245
81	38	0.95855
85	38	0.98574
87	38	0.9448
88	38	0.97335
90	38	0.82542
92	38	0.99265
93	38	0.99862
95	38	0.97094
96	38	0.98968
97	38	0.90082
103	38	0.80183
105	38	0.75634
106	38	0.35294
109	38	0.91305
117	38	0.93383
126	38	0.87613
127	38	0.92903
128	38	0.98513
131	38	0.95987
133	38	0.99124
134	38	0.94648
140	38	0.98783
141	38	0.94479
143	38	0.95649
144	38	0.98957
148	38	0.67188
3	39	0.54194
4	39	0.97278
5	39	0.98265
8	39	0.84062
9	39	0.97653
10	39	0.91406
11	39	0.89582
12	39	0.94679
13	39	0.9887
14	39	0.98808
15	39	0.97633
16	39	0.98138
17	39	0.95219
18	39	0.98666
19	39	0.97195
20	39	0.98448
21	39	0.97502
22	39	0.96697
23	39	0.92729
24	39	0.98032
25	39	0.98782
26	39	0.98137
27	39	0.97738
28	39	0.97903
29	39	0.97646
31	39	0.96536
33	39	0.988
34	39	0.90913
36	39	0.96375
37	39	0.96901
38	39	0.98062
40	39	0.97807
42	39	0.97875
44	39	0.98091
45	39	0.89114
46	39	0.98808
47	39	0.93754
48	39	0.98739
49	39	0.97727
50	39	0.96662
52	39	0.97864
54	39	0.97528
55	39	0.98006
56	39	0.96368
57	39	0.97767
58	39	0.93005
65	39	0.6073
73	39	0.98553
74	39	0.97996
78	39	0.97756
79	39	0.93969
81	39	0.9664
85	39	0.98765
87	39	0.95653
88	39	0.96392
92	39	0.98935
93	39	0.9845
95	39	0.96184
96	39	0.98706
97	39	0.8879
101	39	0.94428
103	39	0.73688
105	39	0.74967
109	39	0.92102
117	39	0.92184
119	39	0.82352
126	39	0.8694
127	39	0.90434
128	39	0.98831
131	39	0.93367
133	39	0.99188
134	39	0.97509
140	39	0.98282
141	39	0.95974
143	39	0.97501
144	39	0.98541
148	39	0.60076
3	40	0.5528
4	40	0.99183
5	40	0.99384
8	40	0.86393
9	40	0.99019
10	40	0.94476
11	40	0.90894
13	40	0.99268
14	40	0.99171
15	40	0.99159
16	40	0.96497
17	40	0.93689
18	40	0.99145
19	40	0.98487
20	40	0.98643
21	40	0.99314
22	40	0.95176
24	40	0.98049
25	40	0.98909
26	40	0.99386
27	40	0.99391
28	40	0.99602
29	40	0.99231
31	40	0.98234
33	40	0.99006
37	40	0.96673
38	40	0.99387
39	40	0.97807
42	40	0.99347
44	40	0.97606
46	40	0.99188
48	40	0.97515
49	40	0.95475
50	40	0.98944
52	40	0.99351
54	40	0.99082
55	40	0.96859
56	40	0.97808
57	40	0.98945
62	40	0.63283
63	40	0.66637
65	40	0.55416
73	40	0.96612
74	40	0.99595
78	40	0.99398
79	40	0.87412
81	40	0.9654
85	40	0.987
87	40	0.95011
88	40	0.96839
92	40	0.99061
93	40	0.99535
95	40	0.95209
96	40	0.99356
103	40	0.7762
105	40	0.75511
106	40	0.30078
107	40	0.27179
117	40	0.92876
127	40	0.90605
128	40	0.98835
131	40	0.95319
133	40	0.99162
134	40	0.94887
140	40	0.99323
141	40	0.95562
143	40	0.95591
144	40	0.99316
145	40	0.27783
148	40	0.62493
2	41	0.85667
6	41	0.95721
7	41	0.97292
30	41	0.86107
32	41	0.92281
34	41	0.7883
43	41	0.98723
45	41	0.78651
51	41	0.92545
53	41	0.88207
59	41	0.44841
60	41	0.96376
64	41	0.82853
68	41	0.89898
69	41	0.97375
70	41	0.97729
72	41	0.9829
75	41	0.98601
76	41	0.92354
77	41	0.97077
80	41	0.97082
82	41	0.69635
83	41	0.84922
84	41	0.93092
86	41	0.97305
89	41	0.9227
91	41	0.73146
94	41	0.98745
98	41	0.92445
99	41	0.91421
100	41	0.80744
108	41	0.93169
110	41	0.81815
111	41	0.8152
112	41	0.92016
113	41	0.94803
114	41	0.99062
116	41	0.97391
118	41	0.77335
122	41	0.9662
123	41	0.92168
125	41	0.92966
129	41	0.97328
130	41	0.90967
132	41	0.98945
135	41	0.9523
136	41	0.81896
137	41	0.97161
138	41	0.6944
139	41	0.95571
142	41	0.83165
146	41	0.99369
147	41	0.95415
149	41	0.83897
150	41	0.93528
4	42	0.99295
5	42	0.99808
8	42	0.85774
9	42	0.99379
10	42	0.91852
11	42	0.91413
13	42	0.99667
14	42	0.99272
15	42	0.983
16	42	0.96737
17	42	0.94119
18	42	0.99623
19	42	0.97423
20	42	0.98085
21	42	0.98356
22	42	0.94466
24	42	0.97637
25	42	0.9843
26	42	0.99029
27	42	0.99012
28	42	0.99384
29	42	0.99695
31	42	0.98084
33	42	0.98341
37	42	0.97005
38	42	0.98743
39	42	0.97875
40	42	0.99347
44	42	0.97407
46	42	0.99487
48	42	0.97508
49	42	0.95727
50	42	0.98926
52	42	0.99216
54	42	0.98745
55	42	0.9659
56	42	0.97975
57	42	0.98859
73	42	0.9655
74	42	0.9937
78	42	0.99274
79	42	0.87039
81	42	0.97438
85	42	0.98673
88	42	0.95933
92	42	0.98948
93	42	0.99165
96	42	0.99145
105	42	0.75936
117	42	0.90319
128	42	0.99092
131	42	0.92365
133	42	0.99418
134	42	0.95591
140	42	0.99669
141	42	0.94253
143	42	0.95951
144	42	0.99733
2	43	0.91657
6	43	0.97506
7	43	0.991
30	43	0.87369
32	43	0.87655
34	43	0.85275
41	43	0.98723
45	43	0.84953
51	43	0.96118
53	43	0.93149
59	43	0.48065
60	43	0.91936
61	43	0.83785
64	43	0.89281
66	43	0.1853
67	43	0.84645
68	43	0.94742
69	43	0.93307
70	43	0.96781
72	43	0.97081
75	43	0.98693
76	43	0.95613
77	43	0.9287
80	43	0.97327
82	43	0.73111
83	43	0.91456
84	43	0.95619
86	43	0.9319
89	43	0.9611
91	43	0.76641
94	43	0.99296
98	43	0.96201
99	43	0.87168
100	43	0.86554
108	43	0.92553
110	43	0.8259
111	43	0.87313
112	43	0.95648
113	43	0.97307
114	43	0.98965
115	43	0.10532
116	43	0.93084
118	43	0.74814
120	43	0.84509
122	43	0.92076
123	43	0.91066
125	43	0.9738
129	43	0.92945
130	43	0.95157
132	43	0.97701
135	43	0.91983
136	43	0.87656
137	43	0.98622
138	43	0.72646
139	43	0.96872
142	43	0.89792
146	43	0.9797
147	43	0.90693
149	43	0.83929
150	43	0.95799
3	44	0.50154
4	44	0.97214
5	44	0.97963
9	44	0.97473
10	44	0.90315
11	44	0.89439
12	44	0.96538
13	44	0.98393
14	44	0.97421
15	44	0.97811
16	44	0.98791
17	44	0.95143
18	44	0.98582
19	44	0.95747
20	44	0.98975
21	44	0.96866
22	44	0.98909
23	44	0.94173
24	44	0.98012
25	44	0.98703
26	44	0.97942
27	44	0.97567
28	44	0.97973
29	44	0.97078
31	44	0.9609
33	44	0.9852
34	44	0.92261
35	44	0.45806
36	44	0.97534
37	44	0.97141
38	44	0.97713
39	44	0.98091
40	44	0.97606
42	44	0.97407
45	44	0.90754
46	44	0.98806
47	44	0.95088
48	44	0.99157
49	44	0.98328
50	44	0.97103
52	44	0.9816
54	44	0.97884
55	44	0.98554
56	44	0.97951
57	44	0.97692
58	44	0.94764
62	44	0.64584
64	44	0.8916
65	44	0.55067
67	44	0.90997
73	44	0.98533
74	44	0.97604
78	44	0.97119
79	44	0.88168
81	44	0.9627
85	44	0.99139
87	44	0.97574
88	44	0.93259
92	44	0.9903
93	44	0.98083
95	44	0.96312
96	44	0.98955
97	44	0.89242
