6	2	0.98671
13	2	0.96356
23	2	0.98031
25	2	0.95933
27	2	0.97998
30	2	0.97517
31	2	0.95618
36	2	0.96962
38	2	0.98114
39	2	0.97917
42	2	0.98122
43	2	0.97707
45	2	0.96784
48	2	0.96062
51	2	0.90353
54	2	0.97077
59	2	0.983
61	2	0.89545
63	2	0.86149
65	2	0.96465
66	2	0.93194
68	2	0.9671
70	2	0.96865
72	2	0.97657
73	2	0.97705
75	2	0.97098
76	2	0.96032
77	2	0.97038
79	2	0.97287
80	2	0.97655
82	2	0.94056
83	2	0.95139
86	2	0.96751
87	2	0.97076
89	2	0.91495
90	2	0.93091
92	2	0.96412
94	2	0.95585
95	2	0.94439
96	2	0.95821
100	2	0.96598
101	2	0.95529
105	2	0.49753
106	2	0.95695
107	2	0.97452
108	2	0.97443
110	2	0.90244
114	2	0.96514
116	2	0.97662
117	2	0.95734
119	2	0.95881
121	2	0.95712
123	2	0.95833
127	2	0.96393
129	2	0.97676
133	2	0.95706
136	2	0.97185
137	2	0.9553
139	2	0.95616
145	2	0.95673
149	2	0.96628
4	3	0.99175
5	3	0.98935
8	3	0.41912
9	3	0.96726
10	3	0.98707
11	3	0.91111
13	3	0.98562
14	3	0.99208
15	3	0.98575
16	3	0.98601
17	3	0.92675
18	3	0.99166
19	3	0.98971
20	3	0.99351
21	3	0.99484
22	3	0.9756
24	3	0.98809
25	3	0.98666
26	3	0.99173
28	3	0.98458
29	3	0.95486
31	3	0.99347
32	3	0.98888
33	3	0.99327
34	3	0.97013
35	3	0.97757
36	3	0.98165
37	3	0.97333
40	3	0.98375
41	3	0.98873
44	3	0.98884
46	3	0.99272
47	3	0.99087
48	3	0.98939
50	3	0.21509
52	3	0.98926
53	3	0.94397
54	3	0.9831
56	3	0.99422
57	3	0.95271
60	3	0.98173
74	3	0.98603
78	3	0.98905
81	3	0.9931
84	3	0.97448
85	3	0.97944
88	3	0.98859
93	3	0.98593
96	3	0.99271
101	3	0.99128
102	3	0.99604
103	3	0.97285
104	3	0.93785
111	3	0.97986
114	3	0.98281
115	3	0.98842
124	3	0.99461
131	3	0.98567
133	3	0.98375
134	3	0.9911
137	3	0.98145
140	3	0.98204
141	3	0.98743
143	3	0.92384
144	3	0.99122
146	3	0.98581
148	3	0.99077
150	3	0.98388
3	4	0.99175
5	4	0.98816
7	4	0.94916
9	4	0.95985
10	4	0.98243
11	4	0.9133
12	4	0.96938
13	4	0.98656
14	4	0.99745
15	4	0.98365
16	4	0.97273
17	4	0.93636
18	4	0.98798
19	4	0.98787
20	4	0.98956
21	4	0.98624
22	4	0.95583
24	4	0.99767
26	4	0.98182
28	4	0.98485
29	4	0.9292
31	4	0.99265
32	4	0.99237
33	4	0.98926
35	4	0.96153
37	4	0.94949
39	4	0.98541
40	4	0.97792
41	4	0.99322
43	4	0.98515
44	4	0.99106
46	4	0.99395
47	4	0.98067
48	4	0.99122
50	4	0.2312
52	4	0.98136
53	4	0.94854
54	4	0.98556
55	4	0.98219
56	4	0.97955
57	4	0.95242
60	4	0.99106
62	4	0.97154
64	4	0.98232
65	4	0.99185
66	4	0.93653
67	4	0.96271
69	4	0.95122
70	4	0.98567
71	4	0.97804
74	4	0.98136
77	4	0.9823
78	4	0.97946
80	4	0.96837
81	4	0.99797
84	4	0.99324
85	4	0.98719
86	4	0.98152
88	4	0.99792
93	4	0.98202
96	4	0.99307
97	4	0.96735
98	4	0.99268
99	4	0.86493
100	4	0.98652
101	4	0.99589
102	4	0.99526
103	4	0.94768
108	4	0.98504
109	4	0.99117
111	4	0.98483
112	4	0.97714
113	4	0.97982
114	4	0.99596
115	4	0.99037
117	4	0.97664
122	4	0.98512
123	4	0.98475
124	4	0.99684
126	4	0.98731
128	4	0.97489
130	4	0.97929
131	4	0.99261
132	4	0.98407
133	4	0.98932
134	4	0.98673
137	4	0.98772
138	4	0.97992
139	4	0.98466
140	4	0.99069
141	4	0.99702
143	4	0.92058
146	4	0.99417
147	4	0.96737
148	4	0.98615
150	4	0.98207
3	5	0.98935
4	5	0.98816
6	5	0.98323
8	5	0.41857
9	5	0.94628
10	5	0.97784
11	5	0.89075
13	5	0.98988
14	5	0.98593
15	5	0.99769
16	5	0.99254
18	5	0.99697
19	5	0.99795
20	5	0.99665
21	5	0.99676
22	5	0.96041
23	5	0.99205
24	5	0.99077
25	5	0.9907
26	5	0.98061
27	5	0.98652
28	5	0.99497
29	5	0.93429
30	5	0.99185
31	5	0.99785
32	5	0.98744
33	5	0.99655
34	5	0.96066
35	5	0.95567
36	5	0.99239
37	5	0.95789
39	5	0.98641
40	5	0.96989
41	5	0.98417
42	5	0.96597
43	5	0.99102
44	5	0.99504
45	5	0.97612
46	5	0.99764
47	5	0.96897
48	5	0.99447
51	5	0.89602
52	5	0.99767
54	5	0.9876
56	5	0.98712
60	5	0.97565
64	5	0.98187
66	5	0.93454
68	5	0.98592
70	5	0.99097
72	5	0.9716
73	5	0.98544
74	5	0.99017
75	5	0.89234
78	5	0.98375
80	5	0.97371
81	5	0.98707
84	5	0.97416
85	5	0.99362
88	5	0.99073
92	5	0.97245
93	5	0.99687
96	5	0.99616
101	5	0.99071
102	5	0.98986
103	5	0.95455
107	5	0.9746
108	5	0.99305
111	5	0.97684
112	5	0.96895
115	5	0.98369
121	5	0.98891
124	5	0.9864
131	5	0.98927
133	5	0.98762
134	5	0.98844
141	5	0.98751
142	5	0.99303
144	5	0.99256
146	5	0.9917
148	5	0.9966
149	5	0.98828
150	5	0.99331
2	6	0.98671
5	6	0.98323
7	6	0.9436
12	6	0.95603
13	6	0.98698
23	6	0.99474
25	6	0.98488
27	6	0.99552
30	6	0.99428
31	6	0.98524
32	6	0.98513
36	6	0.98637
38	6	0.98507
39	6	0.99756
42	6	0.97828
43	6	0.99514
44	6	0.9825
45	6	0.98999
46	6	0.98131
48	6	0.98729
49	6	0.93755
51	6	0.90496
54	6	0.98877
58	6	0.93246
59	6	0.99286
61	6	0.8247
62	6	0.97346
63	6	0.86739
65	6	0.98829
66	6	0.9574
67	6	0.94187
68	6	0.99268
70	6	0.99127
71	6	0.98304
72	6	0.97628
73	6	0.98501
75	6	0.93844
76	6	0.92947
77	6	0.99465
79	6	0.9724
80	6	0.98461
82	6	0.93573
83	6	0.96831
86	6	0.99065
87	6	0.99317
88	6	0.98353
89	6	0.92648
90	6	0.92088
91	6	0.98413
92	6	0.98617
94	6	0.94449
95	6	0.95457
96	6	0.98694
97	6	0.95419
100	6	0.98283
101	6	0.98061
104	6	0.9361
106	6	0.97455
107	6	0.98442
108	6	0.99494
109	6	0.9837
110	6	0.83837
112	6	0.9768
114	6	0.98796
116	6	0.96346
117	6	0.98043
118	6	0.96081
119	6	0.98641
121	6	0.98684
122	6	0.97558
123	6	0.98418
125	6	0.97336
127	6	0.98353
128	6	0.95249
129	6	0.96192
131	6	0.98182
133	6	0.98503
135	6	0.90552
136	6	0.97837
137	6	0.98224
138	6	0.98085
139	6	0.98141
141	6	0.98273
142	6	0.98532
145	6	0.97822
149	6	0.98962
4	7	0.94916
6	7	0.9436
24	7	0.94673
27	7	0.94824
39	7	0.94884
40	7	0.94867
41	7	0.94505
55	7	0.96702
59	7	0.95271
60	7	0.95733
63	7	0.95331
64	7	0.94121
65	7	0.96542
67	7	0.98488
69	7	0.98556
71	7	0.94365
76	7	0.94968
77	7	0.95653
79	7	0.95286
81	7	0.94588
82	7	0.95227
84	7	0.9531
86	7	0.94228
88	7	0.95026
98	7	0.97435
99	7	0.932
100	7	0.96674
101	7	0.94525
102	7	0.94479
104	7	0.94149
105	7	0.49512
106	7	0.97083
109	7	0.94971
112	7	0.95475
113	7	0.98509
114	7	0.95578
120	7	0.9064
122	7	0.98176
123	7	0.96215
126	7	0.97638
128	7	0.95055
130	7	0.97356
131	7	0.94757
132	7	0.96797
133	7	0.95036
135	7	0.95315
136	7	0.97809
137	7	0.96351
138	7	0.95566
139	7	0.97127
140	7	0.9485
141	7	0.9565
147	7	0.98085
3	8	0.41912
5	8	0.41857
9	8	0.3982
10	8	0.40348
14	8	0.40936
15	8	0.42482
16	8	0.42133
18	8	0.42245
19	8	0.42627
20	8	0.4245
21	8	0.43668
22	8	0.41301
24	8	0.39787
25	8	0.4
26	8	0.4188
28	8	0.41454
29	8	0.40312
31	8	0.41259
33	8	0.42145
34	8	0.42425
35	8	0.41475
36	8	0.41872
37	8	0.40434
40	8	0.4045
44	8	0.41359
46	8	0.41794
47	8	0.39855
48	8	0.41261
52	8	0.43878
56	8	0.43483
73	8	0.45772
74	8	0.42837
78	8	0.41455
81	8	0.41112
85	8	0.41542
93	8	0.43054
96	8	0.41606
101	8	0.40648
102	8	0.40098
103	8	0.42657
108	8	0.39651
121	8	0.40017
124	8	0.40306
133	8	0.39946
134	8	0.40771
142	8	0.4111
144	8	0.44345
146	8	0.40011
148	8	0.42928
150	8	0.42796
3	9	0.96726
4	9	0.95985
5	9	0.94628
8	9	0.3982
10	9	0.98995
11	9	0.97604
12	9	0.97035
13	9	0.96622
14	9	0.96462
17	9	0.97657
20	9	0.9627
21	9	0.95282
22	9	0.98351
24	9	0.9559
26	9	0.95103
28	9	0.96025
29	9	0.98305
31	9	0.95887
32	9	0.95648
34	9	0.9559
35	9	0.95308
37	9	0.9579
40	9	0.95927
46	9	0.9504
47	9	0.98897
48	9	0.95291
50	9	0.39891
53	9	0.977
56	9	0.96239
57	9	0.9752
60	9	0.96845
74	9	0.96699
78	9	0.95057
80	9	0.95691
81	9	0.96032
84	9	0.95639
88	9	0.95305
96	9	0.96109
97	9	0.96435
101	9	0.9493
102	9	0.96677
103	9	0.97854
111	9	0.98241
114	9	0.95428
124	9	0.96802
128	9	0.96195
132	9	0.9471
134	9	0.9601
143	9	0.96812
144	9	0.95055
146	9	0.9488
148	9	0.95464
3	10	0.98707
4	10	0.98243
5	10	0.97784
8	10	0.40348
9	10	0.98995
11	10	0.95502
12	10	0.96898
13	10	0.98716
14	10	0.98153
16	10	0.97478
17	10	0.95192
18	10	0.9723
19	10	0.97216
20	10	0.98439
21	10	0.98
22	10	0.98251
24	10	0.98232
26	10	0.97714
28	10	0.9868
29	10	0.97316
31	10	0.9844
32	10	0.9805
33	10	0.97611
34	10	0.97141
35	10	0.97059
37	10	0.97281
40	10	0.97841
41	10	0.9708
46	10	0.98017
47	10	0.99268
48	10	0.97601
50	10	0.28571
52	10	0.97315
53	10	0.9579
56	10	0.98592
57	10	0.97126
60	10	0.98845
66	10	0.93028
74	10	0.9812
78	10	0.97657
80	10	0.96988
81	10	0.98106
84	10	0.97373
88	10	0.9782
96	10	0.9854
97	10	0.96159
99	10	0.83439
101	10	0.97359
102	10	0.9885
103	10	0.98071
111	10	0.99255
114	10	0.97463
115	10	0.97234
124	10	0.98332
128	10	0.97209
130	10	0.95713
134	10	0.98786
141	10	0.97184
143	10	0.94222
144	10	0.97842
146	10	0.97361
148	10	0.98005
3	11	0.91111
4	11	0.9133
5	11	0.89075
9	11	0.97604
10	11	0.95502
12	11	0.95646
13	11	0.90946
14	11	0.92188
16	11	0.8877
17	11	0.97438
20	11	0.9115
21	11	0.89099
22	11	0.93378
24	11	0.91194
28	11	0.92286
29	11	0.94571
31	11	0.9019
32	11	0.90302
46	11	0.89438
47	11	0.94437
48	11	0.89883
50	11	0.53553
53	11	0.97512
56	11	0.89788
57	11	0.95533
60	11	0.927
72	11	0.89373
74	11	0.92466
80	11	0.91503
81	11	0.90893
84	11	0.92443
85	11	0.90226
88	11	0.9021
96	11	0.90376
97	11	0.93792
101	11	0.88952
102	11	0.909
103	11	0.93146
111	11	0.96486
114	11	0.90421
124	11	0.92121
128	11	0.94706
130	11	0.91204
132	11	0.89637
134	11	0.90381
140	11	0.89647
143	11	0.97158
144	11	0.88828
146	11	0.90953
148	11	0.90928
150	11	0.8911
4	12	0.96938
6	12	0.95603
9	12	0.97035
10	12	0.96898
11	12	0.95646
13	12	0.96719
14	12	0.97424
17	12	0.98276
20	12	0.96472
22	12	0.95354
23	12	0.95929
24	12	0.9671
28	12	0.9635
29	12	0.93774
30	12	0.96221
31	12	0.96256
32	12	0.96023
39	12	0.95989
45	12	0.95752
46	12	0.95486
47	12	0.96242
48	12	0.96635
50	12	0.402
53	12	0.97782
54	12	0.96442
57	12	0.96884
60	12	0.96517
61	12	0.79512
66	12	0.94531
67	12	0.94968
70	12	0.95966
72	12	0.9746
74	12	0.97369
77	12	0.95538
80	12	0.98145
81	12	0.96393
84	12	0.98078
85	12	0.96555
88	12	0.96528
95	12	0.93757
96	12	0.96414
97	12	0.98338
98	12	0.95742
99	12	0.86225
101	12	0.9606
102	12	0.95835
109	12	0.95544
110	12	0.83306
111	12	0.98435
114	12	0.97616
116	12	0.96023
124	12	0.97359
128	12	0.98026
130	12	0.96028
132	12	0.96971
141	12	0.95568
143	12	0.9656
146	12	0.97074
148	12	0.95703
2	13	0.96356
3	13	0.98562
4	13	0.98656
5	13	0.98988
6	13	0.98698
9	13	0.96622
10	13	0.98716
11	13	0.90946
12	13	0.96719
14	13	0.98276
15	13	0.98316
16	13	0.98158
17	13	0.92951
19	13	0.9835
20	13	0.99064
21	13	0.98788
22	13	0.97521
23	13	0.98738
24	13	0.98719
25	13	0.98795
26	13	0.98422
27	13	0.99186
28	13	0.98842
29	13	0.95356
30	13	0.98833
31	13	0.99528
32	13	0.98871
33	13	0.98947
34	13	0.9702
35	13	0.97051
36	13	0.99057
37	13	0.97228
38	13	0.95995
39	13	0.98782
40	13	0.98329
42	13	0.97278
43	13	0.9849
46	13	0.98954
47	13	0.97978
48	13	0.98897
51	13	0.91972
52	13	0.98327
53	13	0.93021
54	13	0.98868
56	13	0.98478
57	13	0.95819
60	13	0.9864
61	13	0.7813
66	13	0.947
67	13	0.94253
70	13	0.98326
72	13	0.97408
73	13	0.97878
74	13	0.98496
75	13	0.9207
76	13	0.90586
77	13	0.98769
78	13	0.98895
79	13	0.96302
80	13	0.98663
81	13	0.9839
84	13	0.97634
85	13	0.9797
88	13	0.98723
93	13	0.9813
96	13	0.9961
97	13	0.96124
101	13	0.98538
102	13	0.99161
103	13	0.96464
104	13	0.94325
105	13	0.50476
107	13	0.98588
108	13	0.98477
110	13	0.81533
111	13	0.97957
112	13	0.97219
114	13	0.98764
115	13	0.98239
116	13	0.94967
124	13	0.98497
128	13	0.96581
130	13	0.95534
132	13	0.96675
134	13	0.98654
137	13	0.98309
141	13	0.98261
143	13	0.91318
144	13	0.98231
145	13	0.96427
148	13	0.98242
3	14	0.99208
4	14	0.99745
5	14	0.98593
8	14	0.40936
9	14	0.96462
10	14	0.98153
11	14	0.92188
12	14	0.97424
13	14	0.98276
15	14	0.98522
16	14	0.97211
17	14	0.94614
18	14	0.98773
19	14	0.98735
20	14	0.99167
21	14	0.98668
22	14	0.9605
24	14	0.9946
26	14	0.97786
28	14	0.98368
29	14	0.93579
31	14	0.99131
32	14	0.98986
33	14	0.98661
35	14	0.95585
40	14	0.97218
41	14	0.98867
43	14	0.98272
44	14	0.9903
46	14	0.99178
47	14	0.98257
48	14	0.99308
50	14	0.26825
52	14	0.98273
53	14	0.96164
54	14	0.98584
55	14	0.97629
56	14	0.97715
57	14	0.95415
60	14	0.98491
62	14	0.97001
65	14	0.98453
67	14	0.95134
70	14	0.98624
72	14	0.96513
74	14	0.98691
80	14	0.96805
81	14	0.99742
84	14	0.99213
85	14	0.98796
88	14	0.99444
93	14	0.98464
96	14	0.99154
97	14	0.9694
98	14	0.98654
99	14	0.84914
100	14	0.97996
101	14	0.99442
102	14	0.99112
103	14	0.95231
105	14	0.50732
108	14	0.98269
109	14	0.98825
111	14	0.98702
112	14	0.96726
113	14	0.97011
114	14	0.99453
115	14	0.989
116	14	0.94033
117	14	0.97797
124	14	0.99902
126	14	0.98265
128	14	0.96813
130	14	0.9704
131	14	0.98825
132	14	0.98303
133	14	0.98547
134	14	0.97975
137	14	0.9827
140	14	0.98895
141	14	0.99269
143	14	0.936
146	14	0.99508
148	14	0.98797
150	14	0.98627
3	15	0.98575
4	15	0.98365
5	15	0.99769
8	15	0.42482
13	15	0.98316
14	15	0.98522
16	15	0.99051
18	15	0.99703
19	15	0.99734
20	15	0.99617
21	15	0.99503
22	15	0.95646
23	15	0.99312
24	15	0.98571
25	15	0.98566
27	15	0.98166
28	15	0.99095
29	15	0.92889
30	15	0.99196
31	15	0.99476
32	15	0.9823
33	15	0.99312
34	15	0.95172
36	15	0.99131
38	15	0.96006
39	15	0.98142
42	15	0.96555
43	15	0.99138
44	15	0.99519
45	15	0.97649
46	15	0.99437
48	15	0.99519
52	15	0.99833
54	15	0.98851
56	15	0.97974
61	15	0.76606
68	15	0.98537
70	15	0.9929
72	15	0.97659
73	15	0.98855
74	15	0.99263
80	15	0.97108
81	15	0.98361
85	15	0.99477
88	15	0.9866
92	15	0.97438
93	15	0.99964
96	15	0.99215
101	15	0.98892
102	15	0.98256
103	15	0.9485
107	15	0.97199
108	15	0.99314
111	15	0.9724
119	15	0.97976
121	15	0.99018
124	15	0.98546
131	15	0.98526
133	15	0.98499
134	15	0.97775
141	15	0.98281
142	15	0.99466
143	15	0.90159
144	15	0.98969
146	15	0.99253
148	15	0.99685
149	15	0.98817
150	15	0.99745
3	16	0.98601
4	16	0.97273
5	16	0.99254
8	16	0.42133
10	16	0.97478
11	16	0.8877
13	16	0.98158
14	16	0.97211
15	16	0.99051
18	16	0.99248
19	16	0.9899
20	16	0.99094
21	16	0.99304
22	16	0.96845
23	16	0.97849
24	16	0.97415
25	16	0.98309
26	16	0.97766
28	16	0.98994
29	16	0.94951
30	16	0.97911
31	16	0.98916
32	16	0.97854
33	16	0.98872
34	16	0.97478
35	16	0.95465
36	16	0.98723
37	16	0.96768
42	16	0.95977
43	16	0.97366
44	16	0.98235
46	16	0.98623
47	16	0.96862
48	16	0.98383
49	16	0.92689
51	16	0.91233
52	16	0.9947
54	16	0.98017
56	16	0.98743
57	16	0.93594
70	16	0.97959
73	16	0.97352
74	16	0.9853
78	16	0.97888
85	16	0.98101
88	16	0.97215
93	16	0.99126
96	16	0.98607
101	16	0.9734
102	16	0.97897
103	16	0.96881
107	16	0.97131
108	16	0.97757
111	16	0.96898
115	16	0.97485
121	16	0.97971
124	16	0.97457
131	16	0.973
134	16	0.98177
142	16	0.98369
144	16	0.99598
146	16	0.97676
148	16	0.99195
150	16	0.98749
3	17	0.92675
4	17	0.93636
9	17	0.97657
10	17	0.95192
11	17	0.97438
12	17	0.98276
13	17	0.92951
14	17	0.94614
20	17	0.92767
22	17	0.94696
24	17	0.92786
28	17	0.92044
29	17	0.94294
30	17	0.91221
31	17	0.92184
32	17	0.92203
46	17	0.91138
47	17	0.95668
48	17	0.92517
50	17	0.53286
53	17	0.99226
54	17	0.92126
57	17	0.96661
60	17	0.93677
67	17	0.92991
72	17	0.93656
74	17	0.94256
80	17	0.94326
81	17	0.93412
84	17	0.95022
85	17	0.91647
88	17	0.92715
96	17	0.92443
97	17	0.97085
98	17	0.92468
99	17	0.84876
101	17	0.92455
102	17	0.92909
103	17	0.92514
110	17	0.79288
111	17	0.96274
114	17	0.93953
116	17	0.93139
124	17	0.94852
126	17	0.915
128	17	0.95853
130	17	0.93482
132	17	0.94978
140	17	0.93145
141	17	0.91578
143	17	0.98547
146	17	0.93071
148	17	0.91771
3	18	0.99166
4	18	0.98798
5	18	0.99697
8	18	0.42245
10	18	0.9723
14	18	0.98773
15	18	0.99703
16	18	0.99248
19	18	0.99809
20	18	0.99443
21	18	0.9961
22	18	0.9555
23	18	0.98607
24	18	0.98887
25	18	0.98535
26	18	0.98083
28	18	0.99028
30	18	0.98526
31	18	0.99451
32	18	0.98397
33	18	0.99541
34	18	0.95331
36	18	0.98563
37	18	0.9509
41	18	0.98384
43	18	0.98642
44	18	0.99583
46	18	0.9961
47	18	0.96902
48	18	0.99211
52	18	0.997
54	18	0.98616
56	18	0.98487
64	18	0.98015
68	18	0.9827
70	18	0.98835
72	18	0.96265
73	18	0.97749
74	18	0.98742
78	18	0.97921
81	18	0.98754
85	18	0.99294
88	18	0.98813
93	18	0.99667
96	18	0.99152
101	18	0.99052
102	18	0.98733
103	18	0.95043
108	18	0.98829
111	18	0.97357
115	18	0.98367
121	18	0.98753
124	18	0.98823
131	18	0.98907
133	18	0.98685
134	18	0.98413
140	18	0.97308
141	18	0.98598
142	18	0.99189
144	18	0.99143
146	18	0.99242
148	18	0.99647
149	18	0.98597
150	18	0.99487
3	19	0.98971
4	19	0.98787
5	19	0.99795
8	19	0.42627
10	19	0.97216
13	19	0.9835
14	19	0.98735
15	19	0.99734
16	19	0.9899
18	19	0.99809
20	19	0.99531
21	19	0.99735
23	19	0.98827
24	19	0.9907
25	19	0.98854
26	19	0.98083
27	19	0.98272
28	19	0.99153
30	19	0.98866
31	19	0.99571
32	19	0.98645
33	19	0.99688
34	19	0.95451
35	19	0.95383
36	19	0.98716
37	19	0.95174
40	19	0.96826
41	19	0.98618
43	19	0.99008
44	19	0.99793
46	19	0.99809
48	19	0.99419
52	19	0.99768
54	19	0.98409
56	19	0.98613
64	19	0.9834
65	19	0.98414
68	19	0.98769
70	19	0.99012
73	19	0.97954
74	19	0.98653
78	19	0.98209
81	19	0.98884
85	19	0.99296
87	19	0.98018
88	19	0.99067
91	19	0.98061
92	19	0.97287
93	19	0.99725
96	19	0.99396
101	19	0.99097
102	19	0.98766
103	19	0.94879
105	19	0.49645
108	19	0.99164
111	19	0.9725
115	19	0.98673
119	19	0.98303
121	19	0.99112
124	19	0.98641
131	19	0.9931
133	19	0.99057
134	19	0.98627
140	19	0.96797
141	19	0.98889
142	19	0.99457
144	19	0.99212
146	19	0.99192
148	19	0.99599
149	19	0.98979
150	19	0.99524
3	20	0.99351
4	20	0.98956
5	20	0.99665
8	20	0.4245
9	20	0.9627
10	20	0.98439
11	20	0.9115
12	20	0.96472
13	20	0.99064
14	20	0.99167
15	20	0.99617
16	20	0.99094
17	20	0.92767
18	20	0.99443
19	20	0.99531
21	20	0.9972
22	20	0.97352
23	20	0.99028
24	20	0.98938
25	20	0.98884
26	20	0.98088
27	20	0.98321
28	20	0.99384
29	20	0.952
30	20	0.99178
31	20	0.99769
32	20	0.99107
33	20	0.99389
34	20	0.96705
35	20	0.95922
36	20	0.99175
37	20	0.96416
39	20	0.98331
40	20	0.97168
41	20	0.98476
42	20	0.96082
43	20	0.98805
44	20	0.99327
45	20	0.97857
46	20	0.9954
47	20	0.98021
48	20	0.99776
49	20	0.9302
50	20	0.20729
51	20	0.90202
52	20	0.99686
53	20	0.94182
54	20	0.98983
56	20	0.98865
57	20	0.94548
60	20	0.97619
70	20	0.99232
72	20	0.97691
73	20	0.98439
74	20	0.99648
78	20	0.98384
80	20	0.97858
81	20	0.98958
84	20	0.97633
85	20	0.99093
87	20	0.98017
88	20	0.99017
92	20	0.97475
93	20	0.9965
96	20	0.99695
101	20	0.9906
102	20	0.99059
103	20	0.96915
107	20	0.97918
108	20	0.98982
111	20	0.98397
114	20	0.98672
115	20	0.98735
121	20	0.9881
124	20	0.99234
128	20	0.95162
131	20	0.98591
134	20	0.98597
140	20	0.96838
141	20	0.98651
142	20	0.99182
143	20	0.92461
144	20	0.99325
146	20	0.99234
148	20	0.99744
150	20	0.99498
3	21	0.99484
4	21	0.98624
5	21	0.99676
8	21	0.43668
9	21	0.95282
10	21	0.98
11	21	0.89099
13	21	0.98788
14	21	0.98668
15	21	0.99503
16	21	0.99304
18	21	0.9961
19	21	0.99735
20	21	0.9972
22	21	0.96837
23	21	0.98594
24	21	0.9872
25	21	0.99208
26	21	0.98829
27	21	0.98339
28	21	0.99051
29	21	0.94467
30	21	0.98624
31	21	0.99704
32	21	0.98729
33	21	0.99796
34	21	0.97193
35	21	0.96858
36	21	0.99131
37	21	0.96951
40	21	0.97777
41	21	0.98483
42	21	0.96007
43	21	0.98573
44	21	0.99422
46	21	0.99663
47	21	0.97677
48	21	0.99358
51	21	0.90296
52	21	0.99807
54	21	0.98492
56	21	0.99421
60	21	0.97388
70	21	0.98696
72	21	0.96353
73	21	0.97913
74	21	0.98952
78	21	0.99004
81	21	0.98851
85	21	0.98635
88	21	0.98765
93	21	0.99536
96	21	0.99576
101	21	0.99007
102	21	0.99142
103	21	0.96632
105	21	0.49883
107	21	0.97469
108	21	0.98706
111	21	0.97373
115	21	0.98694
121	21	0.987
124	21	0.98796
131	21	0.98851
133	21	0.9876
134	21	0.98986
140	21	0.96687
141	21	0.9856
142	21	0.99018
143	21	0.90155
144	21	0.99733
146	21	0.98664
148	21	0.99551
150	21	0.99174
3	22	0.9756
4	22	0.95583
5	22	0.96041
8	22	0.41301
9	22	0.98351
10	22	0.98251
11	22	0.93378
12	22	0.95354
13	22	0.97521
14	22	0.9605
15	22	0.95646
16	22	0.96845
17	22	0.94696
18	22	0.9555
20	22	0.97352
21	22	0.96837
25	22	0.96067
26	22	0.9655
28	22	0.96294
29	22	0.99439
30	22	0.95368
31	22	0.96952
32	22	0.96112
33	22	0.96023
34	22	0.98231
35	22	0.96426
36	22	0.97016
37	22	0.9805
40	22	0.96286
46	22	0.95674
47	22	0.9888
48	22	0.96323
50	22	0.30022
51	22	0.93029
52	22	0.96259
53	22	0.94806
54	22	0.96459
56	22	0.9749
57	22	0.97084
60	22	0.9542
72	22	0.96028
74	22	0.978
78	22	0.96826
80	22	0.96636
81	22	0.95588
93	22	0.95733
96	22	0.96941
101	22	0.95502
102	22	0.96971
103	22	0.99146
107	22	0.97102
110	22	0.80925
111	22	0.96744
124	22	0.96843
134	22	0.96207
143	22	0.95238
144	22	0.97118
148	22	0.96461
2	23	0.98031
5	23	0.99205
6	23	0.99474
12	23	0.95929
13	23	0.98738
15	23	0.99312
16	23	0.97849
18	23	0.98607
19	23	0.98827
20	23	0.99028
21	23	0.98594
25	23	0.98837
27	23	0.99283
28	23	0.98162
30	23	0.9981
31	23	0.99185
32	23	0.98434
33	23	0.98786
36	23	0.99445
38	23	0.98121
39	23	0.99314
42	23	0.98196
43	23	0.99808
44	23	0.99063
45	23	0.98686
46	23	0.98816
48	23	0.99457
49	23	0.93348
51	23	0.90636
52	23	0.9884
54	23	0.99427
58	23	0.92105
59	23	0.98444
61	23	0.82095
62	23	0.96951
64	23	0.9808
65	23	0.98607
66	23	0.93837
68	23	0.99168
70	23	0.99669
72	23	0.98689
73	23	0.9945
74	23	0.9866
75	23	0.92846
76	23	0.91038
77	23	0.9836
79	23	0.95704
80	23	0.98431
83	23	0.95748
85	23	0.98711
86	23	0.98767
87	23	0.99011
88	23	0.98623
90	23	0.89567
91	23	0.98119
92	23	0.98481
93	23	0.99096
94	23	0.92332
95	23	0.94612
96	23	0.99112
100	23	0.98285
101	23	0.98772
105	23	0.49835
107	23	0.98528
108	23	0.99822
110	23	0.83343
114	23	0.98707
116	23	0.95568
117	23	0.97776
119	23	0.98592
121	23	0.99131
127	23	0.97803
129	23	0.95421
133	23	0.98682
136	23	0.96135
142	23	0.9928
144	23	0.97736
145	23	0.97169
146	23	0.98686
148	23	0.98512
149	23	0.99216
150	23	0.98782
3	24	0.98809
4	24	0.99767
5	24	0.99077
7	24	0.94673
8	24	0.39787
9	24	0.9559
10	24	0.98232
11	24	0.91194
12	24	0.9671
13	24	0.98719
14	24	0.9946
15	24	0.98571
16	24	0.97415
17	24	0.92786
18	24	0.98887
19	24	0.9907
20	24	0.98938
21	24	0.9872
26	24	0.97998
28	24	0.98997
31	24	0.99363
32	24	0.98863
33	24	0.99041
35	24	0.95746
39	24	0.98479
40	24	0.9764
41	24	0.98849
43	24	0.98516
44	24	0.99113
46	24	0.99626
47	24	0.97363
48	24	0.98978
50	24	0.21044
52	24	0.98333
53	24	0.94058
55	24	0.98052
56	24	0.97917
57	24	0.94505
60	24	0.99242
64	24	0.97924
65	24	0.99008
66	24	0.945
67	24	0.95751
69	24	0.94814
74	24	0.98057
77	24	0.98328
78	24	0.97801
80	24	0.96732
81	24	0.9966
84	24	0.99397
85	24	0.99171
88	24	0.9973
93	24	0.98402
96	24	0.9938
97	24	0.96087
98	24	0.98995
99	24	0.86527
100	24	0.98442
101	24	0.99394
102	24	0.99325
105	24	0.49697
108	24	0.98562
109	24	0.98829
111	24	0.9857
112	24	0.98414
113	24	0.97628
114	24	0.99382
115	24	0.98683
122	24	0.98592
124	24	0.99254
126	24	0.98539
128	24	0.97506
130	24	0.97783
131	24	0.99334
132	24	0.978
133	24	0.98878
134	24	0.98797
137	24	0.98468
139	24	0.98301
140	24	0.984
141	24	0.99511
143	24	0.90806
144	24	0.97655
146	24	0.99405
147	24	0.96497
148	24	0.98745
149	24	0.98341
150	24	0.98284
2	25	0.95933
3	25	0.98666
5	25	0.9907
6	25	0.98488
8	25	0.4
13	25	0.98795
15	25	0.98566
16	25	0.98309
18	25	0.98535
19	25	0.98854
20	25	0.98884
21	25	0.99208
22	25	0.96067
23	25	0.98837
26	25	0.98629
27	25	0.99271
28	25	0.97777
29	25	0.9329
30	25	0.98871
31	25	0.99175
32	25	0.98932
33	25	0.99409
34	25	0.97165
35	25	0.9716
36	25	0.99341
37	25	0.97492
38	25	0.96494
39	25	0.9876
40	25	0.97999
41	25	0.98809
42	25	0.97221
43	25	0.98916
44	25	0.98983
46	25	0.98965
47	25	0.96759
48	25	0.98934
49	25	0.93375
51	25	0.9242
52	25	0.98864
54	25	0.98488
56	25	0.98916
64	25	0.98622
65	25	0.98737
68	25	0.98677
70	25	0.98748
71	25	0.97764
72	25	0.96215
73	25	0.9787
75	25	0.91073
77	25	0.98151
78	25	0.99377
79	25	0.96607
80	25	0.96774
83	25	0.94927
86	25	0.9808
87	25	0.9828
88	25	0.9853
91	25	0.9818
92	25	0.9782
93	25	0.98462
96	25	0.99228
100	25	0.98163
101	25	0.98675
102	25	0.98924
103	25	0.95791
104	25	0.95834
106	25	0.96639
107	25	0.98577
108	25	0.98945
115	25	0.98724
118	25	0.95457
119	25	0.98223
121	25	0.98903
123	25	0.98419
127	25	0.97189
129	25	0.93051
131	25	0.98744
133	25	0.99004
134	25	0.9873
136	25	0.96353
137	25	0.98509
141	25	0.98647
142	25	0.98875
144	25	0.98947
145	25	0.97519
148	25	0.98291
149	25	0.98587
150	25	0.97949
3	26	0.99173
4	26	0.98182
5	26	0.98061
8	26	0.4188
9	26	0.95103
10	26	0.97714
13	26	0.98422
14	26	0.97786
16	26	0.97766
18	26	0.98083
19	26	0.98083
20	26	0.98088
21	26	0.98829
22	26	0.9655
24	26	0.97998
25	26	0.98629
27	26	0.9795
29	26	0.94039
31	26	0.98759
32	26	0.9813
33	26	0.99189
34	26	0.97301
35	26	0.9923
36	26	0.97799
37	26	0.98016
40	26	0.99479
41	26	0.97957
44	26	0.97962
46	26	0.98631
47	26	0.98071
48	26	0.97695
51	26	0.89587
52	26	0.97816
54	26	0.97583
55	26	0.97524
56	26	0.99265
57	26	0.94064
60	26	0.98111
65	26	0.97616
69	26	0.9452
78	26	0.99699
79	26	0.95487
81	26	0.98473
88	26	0.97843
96	26	0.98815
101	26	0.98363
102	26	0.99219
103	26	0.96178
104	26	0.95913
114	26	0.97503
115	26	0.98502
123	26	0.97439
124	26	0.98122
126	26	0.97522
131	26	0.98267
133	26	0.98436
134	26	0.98871
137	26	0.98888
140	26	0.97317
141	26	0.98052
144	26	0.98444
148	26	0.9734
2	27	0.97998
5	27	0.98652
6	27	0.99552
7	27	0.94824
13	27	0.99186
15	27	0.98166
19	27	0.98272
20	27	0.98321
21	27	0.98339
23	27	0.99283
25	27	0.99271
26	27	0.9795
30	27	0.99105
31	27	0.9905
32	27	0.9851
33	27	0.98948
34	27	0.95314
35	27	0.96157
36	27	0.99147
37	27	0.95798
38	27	0.97511
39	27	0.99356
40	27	0.97787
42	27	0.98169
43	27	0.99435
44	27	0.98573
45	27	0.97791
46	27	0.98702
48	27	0.98765
51	27	0.91617
54	27	0.98815
55	27	0.97963
59	27	0.98564
60	27	0.97296
61	27	0.80094
63	27	0.86468
64	27	0.97975
65	27	0.99056
66	27	0.93702
67	27	0.94168
68	27	0.98997
69	27	0.95159
70	27	0.98721
71	27	0.97981
72	27	0.96999
73	27	0.98319
75	27	0.93381
76	27	0.93286
77	27	0.99146
78	27	0.98783
79	27	0.97927
80	27	0.97757
82	27	0.93162
83	27	0.95058
86	27	0.98523
87	27	0.98694
88	27	0.98599
90	27	0.8994
91	27	0.98235
92	27	0.97854
94	27	0.92319
95	27	0.93475
96	27	0.99191
100	27	0.98777
101	27	0.98669
102	27	0.98464
104	27	0.95271
105	27	0.51911
106	27	0.97221
107	27	0.98651
108	27	0.99273
110	27	0.81939
112	27	0.96937
113	27	0.96429
114	27	0.98732
115	27	0.9827
116	27	0.95393
119	27	0.98251
121	27	0.98463
122	27	0.97774
123	27	0.98629
125	27	0.96787
126	27	0.97726
127	27	0.97577
129	27	0.945
131	27	0.98618
132	27	0.96762
133	27	0.99123
134	27	0.97706
135	27	0.90339
136	27	0.97687
137	27	0.98976
138	27	0.9784
139	27	0.9832
141	27	0.9857
142	27	0.98326
145	27	0.97365
147	27	0.9626
149	27	0.98891
3	28	0.98458
4	28	0.98485
5	28	0.99497
8	28	0.41454
9	28	0.96025
10	28	0.9868
11	28	0.92286
12	28	0.9635
13	28	0.98842
14	28	0.98368
15	28	0.99095
16	28	0.98994
17	28	0.92044
18	28	0.99028
19	28	0.99153
20	28	0.99384
21	28	0.99051
22	28	0.96294
23	28	0.98162
24	28	0.98997
25	28	0.97777
29	28	0.94467
30	28	0.98481
31	28	0.99324
32	28	0.98394
33	28	0.98737
34	28	0.95934
36	28	0.98199
37	28	0.95379
39	28	0.97891
43	28	0.97875
44	28	0.98493
46	28	0.99242
47	28	0.97136
48	28	0.98869
50	28	0.20205
52	28	0.99154
53	28	0.93314
54	28	0.97834
56	28	0.98301
57	28	0.94546
60	28	0.97979
66	28	0.9492
70	28	0.98207
72	28	0.96661
73	28	0.97514
74	28	0.98998
80	28	0.97557
81	28	0.98209
84	28	0.97589
85	28	0.993
88	28	0.98579
93	28	0.99113
96	28	0.99193
101	28	0.98061
102	28	0.98493
103	28	0.96069
108	28	0.98217
111	28	0.98912
112	28	0.97306
114	28	0.97897
124	28	0.98254
128	28	0.96097
131	28	0.98002
134	28	0.98686
141	28	0.97918
142	28	0.98336
143	28	0.91416
144	28	0.98784
146	28	0.98898
148	28	0.99484
150	28	0.98894
3	29	0.95486
4	29	0.9292
5	29	0.93429
8	29	0.40312
9	29	0.98305
10	29	0.97316
11	29	0.94571
12	29	0.93774
13	29	0.95356
14	29	0.93579
15	29	0.92889
16	29	0.94951
17	29	0.94294
20	29	0.952
21	29	0.94467
22	29	0.99439
25	29	0.9329
26	29	0.94039
28	29	0.94467
31	29	0.94425
32	29	0.93813
33	29	0.93154
34	29	0.97563
35	29	0.94544
36	29	0.94364
37	29	0.97089
40	29	0.93963
46	29	0.92917
47	29	0.97805
48	29	0.93722
50	29	0.3486
51	29	0.92284
52	29	0.93828
53	29	0.94302
54	29	0.93549
56	29	0.95728
57	29	0.96419
60	29	0.93284
72	29	0.93639
74	29	0.95982
78	29	0.94339
80	29	0.94718
93	29	0.93158
96	29	0.94443
102	29	0.94595
103	29	0.99192
107	29	0.94857
110	29	0.78752
111	29	0.95596
124	29	0.94433
134	29	0.94227
143	29	0.95578
144	29	0.95235
148	29	0.94348
2	30	0.97517
5	30	0.99185
6	30	0.99428
12	30	0.96221
13	30	0.98833
15	30	0.99196
16	30	0.97911
17	30	0.91221
18	30	0.98526
19	30	0.98866
20	30	0.99178
21	30	0.98624
22	30	0.95368
23	30	0.9981
25	30	0.98871
27	30	0.99105
28	30	0.98481
31	30	0.99158
32	30	0.98904
33	30	0.98638
34	30	0.94815
36	30	0.99176
38	30	0.98209
39	30	0.99519
42	30	0.97349
43	30	0.99669
44	30	0.99074
45	30	0.9908
46	30	0.98837
48	30	0.99607
49	30	0.94336
51	30	0.90843
52	30	0.98824
54	30	0.99204
58	30	0.93104
59	30	0.9841
61	30	0.80959
62	30	0.97601
64	30	0.98289
65	30	0.98574
66	30	0.94558
68	30	0.99169
70	30	0.99756
71	30	0.97958
72	30	0.9846
73	30	0.98972
74	30	0.98766
75	30	0.92039
77	30	0.98632
79	30	0.95311
80	30	0.98569
83	30	0.96424
85	30	0.98691
86	30	0.98933
87	30	0.99236
88	30	0.9887
90	30	0.89816
91	30	0.98276
92	30	0.98841
93	30	0.99088
94	30	0.92547
95	30	0.95489
96	30	0.99142
101	30	0.98584
105	30	0.5078
107	30	0.98512
108	30	0.9969
109	30	0.98495
110	30	0.82371
111	30	0.9694
112	30	0.96722
114	30	0.98761
116	30	0.95344
117	30	0.98077
118	30	0.95615
119	30	0.98849
121	30	0.99288
125	30	0.96775
127	30	0.97956
129	30	0.95189
136	30	0.95992
141	30	0.98515
142	30	0.99423
143	30	0.90258
144	30	0.97893
145	30	0.97402
146	30	0.98824
148	30	0.9869
149	30	0.98975
150	30	0.98944
2	31	0.95618
3	31	0.99347
4	31	0.99265
5	31	0.99785
6	31	0.98524
8	31	0.41259
9	31	0.95887
10	31	0.9844
11	31	0.9019
12	31	0.96256
13	31	0.99528
14	31	0.99131
15	31	0.99476
16	31	0.98916
17	31	0.92184
18	31	0.99451
19	31	0.99571
20	31	0.99769
21	31	0.99704
22	31	0.96952
23	31	0.99185
24	31	0.99363
25	31	0.99175
26	31	0.98759
27	31	0.9905
28	31	0.99324
29	31	0.94425
30	31	0.99158
32	31	0.99127
33	31	0.99761
34	31	0.96536
35	31	0.96737
36	31	0.99302
37	31	0.96559
39	31	0.98755
40	31	0.98072
41	31	0.98626
42	31	0.96807
43	31	0.9913
44	31	0.9942
45	31	0.97618
46	31	0.9982
47	31	0.97911
48	31	0.99615
51	31	0.90027
52	31	0.99473
53	31	0.93263
54	31	0.99149
56	31	0.98973
57	31	0.9471
60	31	0.98394
64	31	0.97889
65	31	0.98728
66	31	0.93437
68	31	0.98611
70	31	0.99078
72	31	0.97356
73	31	0.98408
74	31	0.99128
75	31	0.89804
77	31	0.98344
78	31	0.9897
80	31	0.97825
81	31	0.99244
84	31	0.98082
85	31	0.9909
87	31	0.98064
88	31	0.99346
93	31	0.99363
96	31	0.99945
98	31	0.97695
100	31	0.98208
101	31	0.99433
102	31	0.99492
103	31	0.96136
105	31	0.49835
107	31	0.97957
108	31	0.99203
110	31	0.78467
111	31	0.98114
112	31	0.9708
114	31	0.99048
115	31	0.98848
121	31	0.98677
124	31	0.99233
126	31	0.97513
128	31	0.9576
130	31	0.95397
131	31	0.99058
132	31	0.96826
133	31	0.99031
134	31	0.98998
137	31	0.98546
140	31	0.97392
141	31	0.99058
142	31	0.9897
143	31	0.91069
144	31	0.99104
145	31	0.96213
146	31	0.99121
148	31	0.99391
149	31	0.98608
150	31	0.9898
3	32	0.98888
4	32	0.99237
5	32	0.98744
6	32	0.98513
9	32	0.95648
10	32	0.9805
11	32	0.90302
12	32	0.96023
13	32	0.98871
14	32	0.98986
15	32	0.9823
16	32	0.97854
17	32	0.92203
18	32	0.98397
19	32	0.98645
20	32	0.99107
21	32	0.98729
22	32	0.96112
23	32	0.98434
24	32	0.98863
25	32	0.98932
26	32	0.9813
27	32	0.9851
28	32	0.98394
29	32	0.93813
30	32	0.98904
31	32	0.99127
33	32	0.98795
34	32	0.96015
35	32	0.9639
36	32	0.9819
37	32	0.96532
38	32	0.96294
39	32	0.98994
40	32	0.97589
41	32	0.99312
43	32	0.9861
44	32	0.98916
45	32	0.98636
46	32	0.98963
47	32	0.97755
48	32	0.99361
49	32	0.95559
50	32	0.19003
51	32	0.89558
52	32	0.98312
53	32	0.93339
54	32	0.98758
55	32	0.97731
56	32	0.98278
57	32	0.94329
58	32	0.9346
59	32	0.97678
60	32	0.9828
62	32	0.9837
64	32	0.98184
65	32	0.9875
66	32	0.94293
67	32	0.94242
68	32	0.98911
70	32	0.99124
71	32	0.98546
74	32	0.98075
77	32	0.99014
78	32	0.98451
79	32	0.95602
80	32	0.97567
81	32	0.98855
83	32	0.95741
84	32	0.9776
85	32	0.97894
86	32	0.98674
87	32	0.98883
88	32	0.99133
89	32	0.91759
91	32	0.98634
92	32	0.98259
93	32	0.98204
95	32	0.95482
96	32	0.99348
97	32	0.96702
98	32	0.97784
101	32	0.98673
102	32	0.99021
103	32	0.96237
104	32	0.95051
106	32	0.97183
107	32	0.97913
108	32	0.9877
109	32	0.98917
111	32	0.97836
112	32	0.97264
114	32	0.99142
115	32	0.99725
116	32	0.94627
117	32	0.98211
118	32	0.97086
119	32	0.98559
121	32	0.98965
122	32	0.97882
123	32	0.98945
124	32	0.989
125	32	0.97417
126	32	0.97901
127	32	0.97526
128	32	0.96243
130	32	0.96166
131	32	0.9902
132	32	0.96873
133	32	0.98679
134	32	0.98586
137	32	0.98736
138	32	0.98519
139	32	0.97934
140	32	0.97207
141	32	0.99222
142	32	0.989
143	32	0.91407
144	32	0.98213
145	32	0.97831
146	32	0.98591
148	32	0.98413
150	32	0.98314
3	33	0.99327
4	33	0.98926
5	33	0.99655
8	33	0.42145
10	33	0.97611
13	33	0.98947
14	33	0.98661
15	33	0.99312
16	33	0.98872
18	33	0.99541
19	33	0.99688
20	33	0.99389
21	33	0.99796
22	33	0.96023
23	33	0.98786
24	33	0.99041
25	33	0.99409
26	33	0.99189
27	33	0.98948
28	33	0.98737
29	33	0.93154
30	33	0.98638
31	33	0.99761
32	33	0.98795
34	33	0.96487
35	33	0.972
36	33	0.99101
37	33	0.96618
40	33	0.98283
41	33	0.98755
42	33	0.9655
43	33	0.98976
44	33	0.99568
46	33	0.99807
47	33	0.97285
48	33	0.9923
51	33	0.89574
52	33	0.99472
54	33	0.98691
55	33	0.9798
56	33	0.99187
60	33	0.97878
64	33	0.98249
65	33	0.9878
68	33	0.98662
70	33	0.98713
73	33	0.97871
74	33	0.98323
77	33	0.97887
78	33	0.99295
81	33	0.99095
85	33	0.9859
88	33	0.99075
93	33	0.99196
96	33	0.99669
98	33	0.97506
100	33	0.98382
101	33	0.99374
102	33	0.99381
103	33	0.95463
104	33	0.93815
105	33	0.49755
107	33	0.97403
108	33	0.99026
111	33	0.96894
115	33	0.98881
121	33	0.98757
124	33	0.98786
131	33	0.99338
133	33	0.99405
134	33	0.99078
137	33	0.9876
139	33	0.97898
140	33	0.97295
141	33	0.99042
142	33	0.98957
144	33	0.99264
146	33	0.98634
148	33	0.99101
149	33	0.98837
150	33	0.98723
3	34	0.97013
5	34	0.96066
8	34	0.42425
9	34	0.9559
10	34	0.97141
13	34	0.9702
15	34	0.95172
16	34	0.97478
18	34	0.95331
19	34	0.95451
20	34	0.96705
21	34	0.97193
22	34	0.98231
25	34	0.97165
26	34	0.97301
27	34	0.95314
28	34	0.95934
29	34	0.97563
30	34	0.94815
31	34	0.96536
32	34	0.96015
33	34	0.96487
35	34	0.97618
36	34	0.97051
37	34	0.99656
40	34	0.96828
41	34	0.94533
44	34	0.94532
46	34	0.95598
47	34	0.97064
48	34	0.95511
51	34	0.95661
52	34	0.96477
54	34	0.95006
56	34	0.98542
60	34	0.9447
74	34	0.95972
78	34	0.97989
80	34	0.94548
93	34	0.9538
96	34	0.9662
102	34	0.96475
103	34	0.98993
104	34	0.94095
107	34	0.97103
115	34	0.95482
124	34	0.94793
134	34	0.97123
142	34	0.9454
144	34	0.98191
148	34	0.95875
150	34	0.94547
3	35	0.97757
4	35	0.96153
5	35	0.95567
8	35	0.41475
9	35	0.95308
10	35	0.97059
13	35	0.97051
14	35	0.95585
16	35	0.95465
19	35	0.95383
20	35	0.95922
21	35	0.96858
22	35	0.96426
24	35	0.95746
25	35	0.9716
26	35	0.9923
27	35	0.96157
29	35	0.94544
31	35	0.96737
32	35	0.9639
33	35	0.972
34	35	0.97618
36	35	0.95831
37	35	0.98751
40	35	0.9955
41	35	0.96219
46	35	0.96376
47	35	0.97731
51	35	0.90121
55	35	0.95426
56	35	0.98503
60	35	0.97056
65	35	0.95497
78	35	0.99051
79	35	0.95199
81	35	0.96649
88	35	0.95694
96	35	0.96999
101	35	0.96233
102	35	0.98047
103	35	0.96353
104	35	0.97222
107	35	0.9535
114	35	0.95381
115	35	0.96665
123	35	0.95698
124	35	0.96164
126	35	0.95927
131	35	0.95898
133	35	0.9616
134	35	0.97901
137	35	0.97404
140	35	0.95375
141	35	0.95989
144	35	0.96768
2	36	0.96962
3	36	0.98165
5	36	0.99239
6	36	0.98637
8	36	0.41872
13	36	0.99057
15	36	0.99131
16	36	0.98723
18	36	0.98563
19	36	0.98716
20	36	0.99175
21	36	0.99131
22	36	0.97016
23	36	0.99445
25	36	0.99341
26	36	0.97799
27	36	0.99147
28	36	0.98199
29	36	0.94364
30	36	0.99176
31	36	0.99302
32	36	0.9819
33	36	0.99101
34	36	0.97051
35	36	0.95831
37	36	0.96778
38	36	0.97275
39	36	0.98441
40	36	0.96901
42	36	0.98621
43	36	0.98991
44	36	0.98569
45	36	0.97526
46	36	0.98693
48	36	0.9908
51	36	0.93531
52	36	0.99172
54	36	0.99076
56	36	0.98229
61	36	0.80898
68	36	0.98221
70	36	0.98931
72	36	0.98162
73	36	0.99291
74	36	0.98769
75	36	0.93283
78	36	0.98641
79	36	0.95956
80	36	0.98116
85	36	0.97847
87	36	0.97997
88	36	0.97871
92	36	0.97726
93	36	0.98992
96	36	0.99224
101	36	0.98334
102	36	0.98243
103	36	0.95916
107	36	0.99202
108	36	0.99084
110	36	0.82945
116	36	0.94447
121	36	0.98562
129	36	0.94366
133	36	0.98183
134	36	0.97665
142	36	0.98725
144	36	0.98833
145	36	0.97086
148	36	0.98564
149	36	0.9821
150	36	0.98355
3	37	0.97333
4	37	0.94949
5	37	0.95789
8	37	0.40434
9	37	0.9579
10	37	0.97281
13	37	0.97228
16	37	0.96768
18	37	0.9509
19	37	0.95174
20	37	0.96416
21	37	0.96951
22	37	0.9805
25	37	0.97492
26	37	0.98016
27	37	0.95798
28	37	0.95379
29	37	0.97089
31	37	0.96559
32	37	0.96532
33	37	0.96618
34	37	0.99656
35	37	0.98751
36	37	0.96778
40	37	0.97922
41	37	0.95411
46	37	0.95683
47	37	0.97623
48	37	0.95455
51	37	0.94784
52	37	0.95879
54	37	0.95227
56	37	0.98618
57	37	0.93352
60	37	0.95414
74	37	0.95351
78	37	0.98553
81	37	0.95063
93	37	0.94716
96	37	0.96765
101	37	0.94897
102	37	0.9715
103	37	0.98625
104	37	0.96281
107	37	0.97104
115	37	0.96115
124	37	0.95282
134	37	0.97519
137	37	0.95564
144	37	0.97687
145	37	0.94863
148	37	0.95338
2	38	0.98114
6	38	0.98507
13	38	0.95995
15	38	0.96006
23	38	0.98121
25	38	0.96494
27	38	0.97511
30	38	0.98209
32	38	0.96294
36	38	0.97275
39	38	0.97667
42	38	0.97185
43	38	0.97815
45	38	0.98662
48	38	0.96973
49	38	0.94683
51	38	0.92571
54	38	0.97322
58	38	0.95649
59	38	0.98088
61	38	0.8685
62	38	0.96498
66	38	0.93018
68	38	0.97787
70	38	0.97993
71	38	0.96644
72	38	0.97014
73	38	0.97606
75	38	0.94955
76	38	0.90599
77	38	0.97203
79	38	0.9577
80	38	0.97223
82	38	0.92592
83	38	0.97791
86	38	0.97628
87	38	0.98739
89	38	0.93662
90	38	0.9547
91	38	0.96834
92	38	0.99185
93	38	0.95849
94	38	0.97071
95	38	0.97185
96	38	0.95967
107	38	0.98239
108	38	0.97824
110	38	0.86816
114	38	0.95822
116	38	0.96234
117	38	0.97058
118	38	0.95833
119	38	0.97649
121	38	0.97774
123	38	0.96094
125	38	0.96322
127	38	0.98508
129	38	0.98764
138	38	0.96019
142	38	0.97264
145	38	0.98338
149	38	0.96837
2	39	0.97917
4	39	0.98541
5	39	0.98641
6	39	0.99756
7	39	0.94884
12	39	0.95989
13	39	0.98782
15	39	0.98142
20	39	0.98331
23	39	0.99314
24	39	0.98479
25	39	0.9876
27	39	0.99356
28	39	0.97891
30	39	0.99519
31	39	0.98755
32	39	0.98994
36	39	0.98441
38	39	0.97667
41	39	0.98499
42	39	0.96794
43	39	0.99453
44	39	0.98619
45	39	0.98898
46	39	0.98569
48	39	0.9896
49	39	0.94039
51	39	0.89624
54	39	0.98611
58	39	0.93032
59	39	0.98956
60	39	0.97391
61	39	0.80094
62	39	0.97861
63	39	0.86549
64	39	0.98695
65	39	0.99311
66	39	0.95874
67	39	0.95234
68	39	0.99209
70	39	0.99184
71	39	0.9844
72	39	0.97348
73	39	0.98106
75	39	0.92281
76	39	0.92008
77	39	0.99472
79	39	0.96597
80	39	0.98308
82	39	0.9328
83	39	0.9685
84	39	0.97629
85	39	0.97998
86	39	0.99193
87	39	0.9917
88	39	0.99056
89	39	0.92108
90	39	0.90829
91	39	0.98571
92	39	0.98341
94	39	0.93426
95	39	0.95284
96	39	0.98925
97	39	0.95852
98	39	0.97909
100	39	0.98619
101	39	0.98506
104	39	0.93966
106	39	0.97904
107	39	0.98008
108	39	0.9946
109	39	0.98887
110	39	0.81785
112	39	0.97939
113	39	0.96609
114	39	0.99077
115	39	0.98321
116	39	0.95578
117	39	0.98156
118	39	0.96479
119	39	0.98764
121	39	0.9875
122	39	0.98053
123	39	0.98721
125	39	0.97451
126	39	0.97479
127	39	0.98059
128	39	0.96297
129	39	0.94923
130	39	0.96147
131	39	0.98658
132	39	0.96868
133	39	0.98665
135	39	0.89928
136	39	0.97947
137	39	0.98223
138	39	0.98394
139	39	0.98491
141	39	0.98954
142	39	0.98753
145	39	0.97296
146	39	0.98343
147	39	0.96426
149	39	0.99004
3	40	0.98375
4	40	0.97792
5	40	0.96989
7	40	0.94867
8	40	0.4045
9	40	0.95927
10	40	0.97841
13	40	0.98329
14	40	0.97218
19	40	0.96826
20	40	0.97168
21	40	0.97777
22	40	0.96286
24	40	0.9764
25	40	0.97999
26	40	0.99479
27	40	0.97787
29	40	0.93963
31	40	0.98072
32	40	0.97589
33	40	0.98283
34	40	0.96828
35	40	0.9955
36	40	0.96901
37	40	0.97922
41	40	0.97513
44	40	0.96831
46	40	0.97874
47	40	0.97984
51	40	0.89397
55	40	0.9721
56	40	0.98714
57	40	0.93945
60	40	0.98514
65	40	0.97431
67	40	0.94349
69	40	0.95072
76	40	0.90313
77	40	0.96974
78	40	0.99435
79	40	0.96266
81	40	0.9821
88	40	0.97601
96	40	0.98341
98	40	0.97093
99	40	0.83997
100	40	0.97093
101	40	0.97872
102	40	0.99066
103	40	0.95725
104	40	0.96989
105	40	0.51451
113	40	0.96627
114	40	0.97411
115	40	0.97753
122	40	0.97286
123	40	0.97294
124	40	0.97559
126	40	0.97829
131	40	0.97573
133	40	0.97771
134	40	0.98663
137	40	0.98674
140	40	0.96818
141	40	0.97743
144	40	0.97179
3	41	0.98873
4	41	0.99322
5	41	0.98417
7	41	0.94505
10	41	0.9708
14	41	0.98867
18	41	0.98384
19	41	0.98618
20	41	0.98476
21	41	0.98483
24	41	0.98849
25	41	0.98809
26	41	0.97957
31	41	0.98626
32	41	0.99312
33	41	0.98755
34	41	0.94533
35	41	0.96219
37	41	0.95411
39	41	0.98499
40	41	0.97513
44	41	0.99162
46	41	0.98973
47	41	0.97121
48	41	0.98797
49	41	0.93693
53	41	0.92499
55	41	0.98514
56	41	0.98131
58	41	0.91831
60	41	0.97834
