5	2	0.91038
8	2	0.63788
9	2	0.82551
12	2	0.95337
13	2	0.92215
14	2	0.93408
15	2	0.91933
17	2	0.89563
20	2	0.93538
21	2	0.78688
22	2	0.88193
23	2	0.90669
24	2	0.9189
25	2	0.88161
27	2	0.93516
29	2	0.90729
31	2	0.81507
33	2	0.92977
34	2	0.88611
36	2	0.94566
37	2	0.87453
38	2	0.88153
41	2	0.87179
42	2	0.94326
45	2	0.94777
46	2	0.90245
47	2	0.91934
48	2	0.92742
49	2	0.72879
52	2	0.7499
54	2	0.94311
55	2	0.94214
58	2	0.95463
62	2	0.91825
65	2	0.85989
68	2	0.88133
71	2	0.81713
73	2	0.80183
74	2	0.93831
75	2	0.93248
77	2	0.92392
79	2	0.92386
80	2	0.91193
81	2	0.92672
82	2	0.88788
83	2	0.94258
86	2	0.90254
87	2	0.95589
89	2	0.89266
90	2	0.86763
91	2	0.89412
92	2	0.96011
93	2	0.95541
94	2	0.95256
95	2	0.91766
96	2	0.94987
97	2	0.95379
99	2	0.88512
100	2	0.95508
102	2	0.88889
103	2	0.90386
106	2	0.7964
107	2	0.91663
108	2	0.94955
111	2	0.90673
114	2	0.92107
115	2	0.93418
116	2	0.92845
117	2	0.90251
119	2	0.89919
120	2	0.88527
123	2	0.95902
125	2	0.82861
126	2	0.93274
129	2	0.92632
132	2	0.91688
138	2	0.91475
139	2	0.93227
142	2	0.93111
143	2	0.88356
144	2	0.80647
145	2	0.88683
146	2	0.91071
148	2	0.95159
150	2	0.91456
4	3	0.72343
7	3	0.69464
8	3	0.80554
9	3	0.59135
10	3	0.69797
11	3	0.74504
16	3	0.58388
19	3	0.71068
20	3	0.60967
21	3	0.63169
22	3	0.62327
25	3	0.72474
26	3	0.79044
27	3	0.54124
37	3	0.56708
38	3	0.66707
41	3	0.5465
42	3	0.62372
48	3	0.53946
50	3	0.63724
52	3	0.76135
54	3	0.57314
59	3	0.59294
60	3	0.57893
62	3	0.6619
64	3	0.70875
67	3	0.58357
73	3	0.6222
77	3	0.60298
87	3	0.54246
90	3	0.59944
91	3	0.60443
101	3	0.63948
104	3	0.58768
106	3	0.57201
108	3	0.62476
112	3	0.73028
113	3	0.54336
114	3	0.69254
120	3	0.57459
121	3	0.59637
122	3	0.57097
124	3	0.67293
128	3	0.53531
132	3	0.55677
134	3	0.66108
138	3	0.61134
139	3	0.60173
141	3	0.70523
150	3	0.57663
3	4	0.72343
7	4	0.90066
8	4	0.80433
9	4	0.90553
10	4	0.9134
11	4	0.85911
14	4	0.84824
16	4	0.84549
17	4	0.8605
18	4	0.87928
19	4	0.84331
20	4	0.90191
21	4	0.78151
23	4	0.84166
25	4	0.94012
26	4	0.88075
38	4	0.87337
41	4	0.91171
46	4	0.82952
48	4	0.87215
49	4	0.78402
50	4	0.90085
52	4	0.73383
54	4	0.8578
59	4	0.83618
60	4	0.84156
62	4	0.93686
64	4	0.9104
67	4	0.8562
71	4	0.79686
73	4	0.8718
77	4	0.86672
87	4	0.8456
90	4	0.84638
91	4	0.84608
94	4	0.87823
96	4	0.84393
99	4	0.85945
101	4	0.92602
102	4	0.85454
106	4	0.85758
108	4	0.86371
109	4	0.83603
111	4	0.87844
112	4	0.96365
113	4	0.93524
114	4	0.92688
120	4	0.94696
121	4	0.82477
122	4	0.81554
123	4	0.82889
124	4	0.87714
128	4	0.92014
134	4	0.8791
139	4	0.91284
140	4	0.91473
141	4	0.89878
143	4	0.87334
2	5	0.91038
6	5	0.92798
12	5	0.94812
13	5	0.95324
15	5	0.90154
23	5	0.92343
24	5	0.95515
28	5	0.9421
29	5	0.90427
30	5	0.89583
32	5	0.87736
33	5	0.974
34	5	0.9371
35	5	0.94713
36	5	0.90552
37	5	0.88651
39	5	0.89424
40	5	0.87747
43	5	0.93708
44	5	0.89664
45	5	0.94457
46	5	0.91302
47	5	0.91187
51	5	0.83588
53	5	0.92563
55	5	0.9519
56	5	0.9485
61	5	0.92302
63	5	0.92346
66	5	0.86463
69	5	0.94439
70	5	0.90965
72	5	0.81142
74	5	0.86596
75	5	0.92024
76	5	0.92327
78	5	0.92845
79	5	0.94238
80	5	0.89716
81	5	0.97992
83	5	0.91402
84	5	0.91365
85	5	0.96308
88	5	0.91868
89	5	0.87527
93	5	0.94447
95	5	0.92282
96	5	0.92001
97	5	0.94611
98	5	0.92749
100	5	0.93938
102	5	0.89148
103	5	0.8926
105	5	0.8634
107	5	0.94507
110	5	0.946
116	5	0.94983
117	5	0.91999
118	5	0.89967
123	5	0.90956
126	5	0.88969
127	5	0.85721
129	5	0.90623
130	5	0.91164
135	5	0.9401
142	5	0.91378
144	5	0.9058
145	5	0.89415
146	5	0.91343
147	5	0.91814
148	5	0.94847
5	6	0.92798
13	6	0.94994
24	6	0.91753
28	6	0.9431
30	6	0.9846
32	6	0.93005
33	6	0.95213
34	6	0.91246
35	6	0.94923
36	6	0.8876
39	6	0.97929
43	6	0.95013
44	6	0.97822
45	6	0.93789
51	6	0.94785
53	6	0.92072
55	6	0.92967
61	6	0.98237
63	6	0.96112
66	6	0.96025
69	6	0.96047
70	6	0.96054
72	6	0.9072
75	6	0.93847
76	6	0.96401
78	6	0.8968
79	6	0.91912
81	6	0.91828
85	6	0.96874
88	6	0.94783
89	6	0.92878
92	6	0.89279
95	6	0.90031
97	6	0.89391
98	6	0.93735
105	6	0.89054
107	6	0.97154
110	6	0.97344
115	6	0.92021
116	6	0.91688
117	6	0.92005
118	6	0.96247
127	6	0.95943
129	6	0.92403
130	6	0.91221
132	6	0.9034
135	6	0.93415
136	6	0.86126
142	6	0.9455
145	6	0.94532
147	6	0.93555
150	6	0.87111
3	7	0.69464
4	7	0.90066
10	7	0.78462
11	7	0.91684
16	7	0.89919
19	7	0.80709
20	7	0.85351
23	7	0.88919
25	7	0.94451
26	7	0.91398
27	7	0.8521
31	7	0.82948
32	7	0.83153
37	7	0.83308
40	7	0.84965
42	7	0.83546
50	7	0.8134
54	7	0.8795
56	7	0.84829
57	7	0.85863
59	7	0.85869
60	7	0.93189
62	7	0.89347
64	7	0.91494
67	7	0.9046
77	7	0.89253
78	7	0.84972
79	7	0.86353
84	7	0.87985
86	7	0.85279
98	7	0.84934
101	7	0.91702
102	7	0.88843
104	7	0.93932
108	7	0.88377
109	7	0.92136
111	7	0.85355
112	7	0.91805
113	7	0.92772
114	7	0.90916
120	7	0.91122
121	7	0.86939
122	7	0.7588
123	7	0.87771
124	7	0.93648
128	7	0.9151
132	7	0.8912
133	7	0.88111
134	7	0.91596
137	7	0.84842
138	7	0.884
139	7	0.86824
140	7	0.92598
141	7	0.93252
146	7	0.83096
148	7	0.85465
2	8	0.63788
3	8	0.80554
4	8	0.80433
9	8	0.80327
10	8	0.78833
11	8	0.6527
14	8	0.7363
17	8	0.77695
18	8	0.73396
19	8	0.67857
20	8	0.76419
21	8	0.75464
22	8	0.76068
25	8	0.74051
26	8	0.72831
29	8	0.68313
36	8	0.67219
37	8	0.65076
38	8	0.79309
41	8	0.77578
42	8	0.67438
46	8	0.62499
48	8	0.78959
49	8	0.78068
50	8	0.74861
52	8	0.74212
54	8	0.63716
58	8	0.64676
62	8	0.76004
64	8	0.69585
73	8	0.83357
74	8	0.70253
80	8	0.68723
87	8	0.70189
90	8	0.74756
91	8	0.67937
93	8	0.62759
94	8	0.70603
96	8	0.67601
100	8	0.65533
101	8	0.66371
103	8	0.65516
106	8	0.69376
108	8	0.66858
112	8	0.72656
114	8	0.73486
120	8	0.66816
139	8	0.72693
141	8	0.65582
143	8	0.70512
2	9	0.82551
3	9	0.59135
4	9	0.90553
8	9	0.80327
10	9	0.91903
12	9	0.8778
14	9	0.89101
15	9	0.86252
17	9	0.9597
18	9	0.9468
19	9	0.79376
20	9	0.92675
21	9	0.84939
22	9	0.87324
23	9	0.82713
25	9	0.84657
29	9	0.88636
36	9	0.84056
37	9	0.88604
38	9	0.85906
41	9	0.91905
46	9	0.90722
47	9	0.88815
48	9	0.92495
49	9	0.90524
50	9	0.77572
52	9	0.72778
56	9	0.81233
58	9	0.81698
62	9	0.91008
73	9	0.90213
74	9	0.8494
80	9	0.89436
87	9	0.87891
93	9	0.87579
94	9	0.88228
95	9	0.81865
96	9	0.92798
97	9	0.8618
99	9	0.86116
100	9	0.9029
101	9	0.8612
102	9	0.83159
103	9	0.8866
106	9	0.80287
111	9	0.86319
112	9	0.84749
113	9	0.84684
114	9	0.87398
120	9	0.86905
126	9	0.84832
128	9	0.83925
139	9	0.88822
141	9	0.83517
143	9	0.92082
148	9	0.82808
3	10	0.69797
4	10	0.9134
7	10	0.78462
8	10	0.78833
9	10	0.91903
11	10	0.79867
14	10	0.78234
16	10	0.84053
17	10	0.88818
18	10	0.91807
19	10	0.83627
20	10	0.8414
21	10	0.86212
22	10	0.82443
23	10	0.81898
25	10	0.866
26	10	0.84189
37	10	0.89007
38	10	0.84332
41	10	0.8827
42	10	0.80934
46	10	0.81114
47	10	0.78301
48	10	0.82231
49	10	0.78145
50	10	0.85612
52	10	0.83749
62	10	0.89074
64	10	0.80548
73	10	0.8676
77	10	0.81399
90	10	0.78043
93	10	0.78646
94	10	0.78099
96	10	0.82758
99	10	0.84083
100	10	0.81291
101	10	0.92789
102	10	0.83894
106	10	0.84985
111	10	0.78693
112	10	0.86152
113	10	0.814
114	10	0.85647
120	10	0.86955
122	10	0.71183
128	10	0.78937
134	10	0.86709
139	10	0.85705
140	10	0.80593
141	10	0.88949
143	10	0.83812
3	11	0.74504
4	11	0.85911
7	11	0.91684
8	11	0.6527
10	11	0.79867
16	11	0.90497
19	11	0.91519
20	11	0.85203
21	11	0.82832
23	11	0.85742
25	11	0.95538
26	11	0.95205
27	11	0.88833
31	11	0.87249
32	11	0.84312
37	11	0.8348
38	11	0.91524
40	11	0.82789
42	11	0.91042
50	11	0.80974
52	11	0.85003
54	11	0.89499
59	11	0.91043
60	11	0.90205
62	11	0.89959
64	11	0.9619
67	11	0.90746
71	11	0.78653
77	11	0.91208
79	11	0.86702
82	11	0.85169
86	11	0.88113
90	11	0.83505
91	11	0.88448
101	11	0.87752
104	11	0.92484
106	11	0.83129
108	11	0.92281
109	11	0.85727
112	11	0.91188
114	11	0.93229
119	11	0.85106
120	11	0.86835
121	11	0.89677
122	11	0.75702
123	11	0.86173
124	11	0.9624
128	11	0.83984
132	11	0.86448
133	11	0.76576
134	11	0.89585
137	11	0.84405
138	11	0.91695
139	11	0.89501
140	11	0.8321
141	11	0.94771
150	11	0.87401
2	12	0.95337
5	12	0.94812
9	12	0.8778
13	12	0.9634
14	12	0.93324
15	12	0.92933
17	12	0.91824
18	12	0.83924
20	12	0.96449
21	12	0.76476
22	12	0.89168
23	12	0.92207
24	12	0.96844
26	12	0.82458
28	12	0.95038
29	12	0.93425
33	12	0.93243
34	12	0.90257
35	12	0.88585
36	12	0.96579
37	12	0.90429
40	12	0.86387
41	12	0.84132
43	12	0.92539
45	12	0.9621
46	12	0.94582
47	12	0.94112
48	12	0.91921
49	12	0.75835
55	12	0.96468
56	12	0.92332
58	12	0.91811
60	12	0.91516
61	12	0.87447
62	12	0.92314
73	12	0.81971
74	12	0.9364
75	12	0.9208
76	12	0.88289
77	12	0.8854
78	12	0.89241
79	12	0.93219
80	12	0.96096
81	12	0.95233
82	12	0.83852
83	12	0.93825
84	12	0.90261
85	12	0.93116
87	12	0.97245
92	12	0.94322
93	12	0.96374
94	12	0.95774
95	12	0.95913
96	12	0.97563
97	12	0.99455
98	12	0.91862
99	12	0.85525
100	12	0.9884
102	12	0.92388
103	12	0.95495
107	12	0.92294
108	12	0.92576
110	12	0.8972
111	12	0.9466
113	12	0.90432
114	12	0.92804
116	12	0.95989
117	12	0.92858
120	12	0.87971
123	12	0.94938
126	12	0.95229
128	12	0.9075
132	12	0.92252
135	12	0.95048
138	12	0.89974
139	12	0.92987
141	12	0.87007
143	12	0.9453
144	12	0.81216
146	12	0.91977
147	12	0.9065
148	12	0.96609
2	13	0.92215
5	13	0.95324
6	13	0.94994
12	13	0.9634
14	13	0.90951
15	13	0.88732
17	13	0.84725
20	13	0.91755
22	13	0.87661
24	13	0.94833
28	13	0.94786
29	13	0.92193
30	13	0.91269
32	13	0.89647
33	13	0.96234
34	13	0.91794
35	13	0.90398
36	13	0.97312
39	13	0.90789
43	13	0.96181
44	13	0.92209
45	13	0.96575
46	13	0.90602
47	13	0.90892
51	13	0.83533
53	13	0.89276
55	13	0.96303
56	13	0.88203
61	13	0.94408
63	13	0.92162
66	13	0.87181
69	13	0.90293
70	13	0.90597
72	13	0.82768
74	13	0.91702
75	13	0.93193
76	13	0.93507
78	13	0.88709
79	13	0.93479
80	13	0.93323
81	13	0.96007
83	13	0.92913
84	13	0.86675
85	13	0.96224
87	13	0.96134
88	13	0.8971
89	13	0.89591
92	13	0.94921
93	13	0.94728
94	13	0.91854
95	13	0.96615
96	13	0.93
97	13	0.9668
98	13	0.91982
100	13	0.94488
103	13	0.92856
105	13	0.88228
107	13	0.9661
110	13	0.93535
115	13	0.92262
116	13	0.96732
117	13	0.9516
118	13	0.91173
123	13	0.93685
126	13	0.91408
127	13	0.87031
129	13	0.9524
132	13	0.92472
135	13	0.94228
138	13	0.90895
142	13	0.945
143	13	0.8793
144	13	0.81542
145	13	0.93388
147	13	0.92731
148	13	0.93182
150	13	0.90293
2	14	0.93408
4	14	0.84824
8	14	0.7363
9	14	0.89101
10	14	0.78234
12	14	0.93324
13	14	0.90951
15	14	0.93587
17	14	0.9293
18	14	0.88077
20	14	0.96986
21	14	0.83431
22	14	0.88625
25	14	0.89756
29	14	0.91996
31	14	0.83901
36	14	0.93933
37	14	0.86263
38	14	0.92925
41	14	0.91544
42	14	0.90347
45	14	0.9194
46	14	0.91658
47	14	0.92956
48	14	0.99092
49	14	0.85017
50	14	0.79397
52	14	0.72135
54	14	0.90415
55	14	0.91031
58	14	0.95167
59	14	0.82835
62	14	0.94865
68	14	0.85264
71	14	0.824
73	14	0.85481
74	14	0.94177
80	14	0.93078
82	14	0.8844
83	14	0.90462
87	14	0.97261
90	14	0.89987
91	14	0.88126
92	14	0.94989
93	14	0.93725
94	14	0.98331
95	14	0.92573
96	14	0.96155
97	14	0.92699
100	14	0.92957
103	14	0.93468
106	14	0.83694
108	14	0.91779
112	14	0.84175
114	14	0.91427
116	14	0.90192
117	14	0.88688
119	14	0.88936
120	14	0.88884
121	14	0.80126
123	14	0.90944
126	14	0.90943
128	14	0.90195
129	14	0.89048
139	14	0.94839
143	14	0.90173
148	14	0.90307
150	14	0.89174
2	15	0.91933
5	15	0.90154
9	15	0.86252
12	15	0.92933
13	15	0.88732
14	15	0.93587
17	15	0.90025
18	15	0.86829
20	15	0.93547
21	15	0.84646
22	15	0.88376
23	15	0.86583
24	15	0.86699
28	15	0.86838
29	15	0.94407
31	15	0.84318
33	15	0.88961
34	15	0.87508
36	15	0.90855
37	15	0.89703
38	15	0.88558
45	15	0.92413
46	15	0.90177
47	15	0.91434
48	15	0.92505
49	15	0.77223
55	15	0.87514
56	15	0.86226
58	15	0.85515
62	15	0.8615
73	15	0.77492
74	15	0.95546
75	15	0.87497
79	15	0.86304
80	15	0.90965
81	15	0.88959
82	15	0.86578
87	15	0.90472
92	15	0.89015
93	15	0.93954
94	15	0.9133
95	15	0.89752
96	15	0.95003
97	15	0.90991
100	15	0.93583
103	15	0.92018
106	15	0.82115
108	15	0.85588
114	15	0.85182
116	15	0.9151
117	15	0.85459
126	15	0.86263
139	15	0.88913
143	15	0.86658
144	15	0.81988
148	15	0.87933
3	16	0.58388
4	16	0.84549
7	16	0.89919
10	16	0.84053
11	16	0.90497
18	16	0.86798
19	16	0.8856
20	16	0.85518
21	16	0.83506
23	16	0.93145
25	16	0.90396
26	16	0.88052
27	16	0.82892
31	16	0.8294
37	16	0.92953
38	16	0.88404
40	16	0.91704
42	16	0.86382
46	16	0.86599
50	16	0.81222
52	16	0.73889
53	16	0.83398
54	16	0.84823
56	16	0.90007
57	16	0.88546
60	16	0.90319
62	16	0.88274
64	16	0.91381
67	16	0.83755
77	16	0.83777
78	16	0.85083
79	16	0.86254
96	16	0.83503
99	16	0.83798
101	16	0.96161
102	16	0.85979
104	16	0.93695
106	16	0.84544
108	16	0.84812
109	16	0.82938
112	16	0.8659
113	16	0.84184
114	16	0.86598
120	16	0.8978
121	16	0.8271
122	16	0.69087
124	16	0.88383
128	16	0.83433
133	16	0.79205
134	16	0.9033
137	16	0.7953
138	16	0.83644
139	16	0.88852
140	16	0.88922
141	16	0.93705
144	16	0.85903
148	16	0.84338
2	17	0.89563
4	17	0.8605
8	17	0.77695
9	17	0.9597
10	17	0.88818
12	17	0.91824
13	17	0.84725
14	17	0.9293
15	17	0.90025
18	17	0.94969
20	17	0.93759
21	17	0.82277
22	17	0.89154
23	17	0.8643
24	17	0.84578
29	17	0.94496
36	17	0.90283
37	17	0.91102
38	17	0.8544
41	17	0.93341
46	17	0.92175
47	17	0.95718
48	17	0.9531
49	17	0.92814
50	17	0.79793
52	17	0.70562
58	17	0.86894
62	17	0.92312
73	17	0.9477
74	17	0.88112
80	17	0.96372
81	17	0.85949
83	17	0.85089
87	17	0.92529
92	17	0.86377
93	17	0.93888
94	17	0.91356
95	17	0.89609
96	17	0.9668
97	17	0.91475
99	17	0.8712
100	17	0.9499
101	17	0.83247
102	17	0.85304
103	17	0.95841
106	17	0.78334
111	17	0.89449
113	17	0.84993
114	17	0.86335
116	17	0.86641
120	17	0.8687
126	17	0.92134
128	17	0.84909
139	17	0.90704
143	17	0.96884
148	17	0.8926
4	18	0.87928
8	18	0.73396
9	18	0.9468
10	18	0.91807
12	18	0.83924
14	18	0.88077
15	18	0.86829
16	18	0.86798
17	18	0.94969
19	18	0.78609
20	18	0.89531
21	18	0.85489
22	18	0.83041
23	18	0.88217
25	18	0.83939
29	18	0.88373
37	18	0.92665
38	18	0.86294
40	18	0.80842
41	18	0.91443
46	18	0.90875
47	18	0.90724
48	18	0.90459
49	18	0.88747
50	18	0.83709
56	18	0.85583
62	18	0.90436
73	18	0.90754
80	18	0.87794
87	18	0.8437
93	18	0.87841
94	18	0.85104
96	18	0.92011
97	18	0.82811
99	18	0.86721
100	18	0.8774
101	18	0.90909
102	18	0.8322
103	18	0.86844
106	18	0.84961
111	18	0.85134
112	18	0.84264
113	18	0.83943
114	18	0.82489
120	18	0.88902
126	18	0.81627
128	18	0.84867
139	18	0.89376
140	18	0.86005
141	18	0.85554
143	18	0.90549
144	18	0.77712
148	18	0.84456
3	19	0.71068
4	19	0.84331
7	19	0.80709
8	19	0.67857
9	19	0.79376
10	19	0.83627
11	19	0.91519
16	19	0.8856
18	19	0.78609
20	19	0.81134
21	19	0.88533
22	19	0.77551
23	19	0.79905
25	19	0.88293
26	19	0.8658
27	19	0.80219
31	19	0.87447
37	19	0.80723
38	19	0.90409
40	19	0.83131
42	19	0.84949
46	19	0.77966
52	19	0.85938
54	19	0.81362
59	19	0.85141
60	19	0.82826
62	19	0.84849
64	19	0.93299
67	19	0.82795
71	19	0.77842
77	19	0.82192
82	19	0.79297
86	19	0.77909
90	19	0.8191
91	19	0.85861
99	19	0.78962
101	19	0.87763
104	19	0.8319
106	19	0.88783
108	19	0.83892
112	19	0.88283
114	19	0.86547
120	19	0.84474
121	19	0.82927
122	19	0.78985
124	19	0.86696
134	19	0.90161
137	19	0.77089
138	19	0.79532
139	19	0.84353
140	19	0.7712
141	19	0.88743
2	20	0.93538
3	20	0.60967
4	20	0.90191
7	20	0.85351
8	20	0.76419
9	20	0.92675
10	20	0.8414
11	20	0.85203
12	20	0.96449
13	20	0.91755
14	20	0.96986
15	20	0.93547
16	20	0.85518
17	20	0.93759
18	20	0.89531
19	20	0.81134
21	20	0.86662
22	20	0.92952
23	20	0.90821
25	20	0.9378
26	20	0.89556
27	20	0.9009
29	20	0.9312
31	20	0.86573
36	20	0.94819
37	20	0.92057
38	20	0.94538
40	20	0.85697
41	20	0.89405
42	20	0.91253
45	20	0.91587
46	20	0.9395
47	20	0.9109
48	20	0.9656
49	20	0.81028
50	20	0.78372
52	20	0.756
54	20	0.91333
55	20	0.90687
56	20	0.87977
58	20	0.91357
60	20	0.90056
62	20	0.96909
64	20	0.86405
71	20	0.78881
73	20	0.86643
74	20	0.95058
77	20	0.89615
79	20	0.90195
80	20	0.93573
82	20	0.87761
87	20	0.97163
90	20	0.85287
91	20	0.85821
92	20	0.91436
93	20	0.94272
94	20	0.9718
95	20	0.90832
96	20	0.97164
97	20	0.95149
99	20	0.85604
100	20	0.95967
101	20	0.8658
102	20	0.88137
103	20	0.92687
106	20	0.84541
108	20	0.94647
111	20	0.90907
112	20	0.88408
113	20	0.90162
114	20	0.96383
120	20	0.914
121	20	0.79945
123	20	0.92587
126	20	0.89895
128	20	0.91405
132	20	0.9011
134	20	0.80384
138	20	0.91155
139	20	0.9631
140	20	0.85868
141	20	0.90397
143	20	0.9344
148	20	0.92287
150	20	0.88908
2	21	0.78688
3	21	0.63169
4	21	0.78151
8	21	0.75464
9	21	0.84939
10	21	0.86212
11	21	0.82832
12	21	0.76476
14	21	0.83431
15	21	0.84646
16	21	0.83506
17	21	0.82277
18	21	0.85489
19	21	0.88533
20	21	0.86662
22	21	0.92516
23	21	0.79667
25	21	0.83638
26	21	0.86047
27	21	0.77455
29	21	0.84024
31	21	0.78735
36	21	0.78823
37	21	0.89217
38	21	0.94448
40	21	0.79967
41	21	0.76532
42	21	0.87623
46	21	0.8125
48	21	0.83552
52	21	0.89611
62	21	0.8707
64	21	0.83525
74	21	0.85782
77	21	0.77684
87	21	0.79913
90	21	0.79384
91	21	0.7855
93	21	0.82941
94	21	0.7912
96	21	0.82902
100	21	0.80738
101	21	0.81642
106	21	0.8622
108	21	0.82121
112	21	0.80034
114	21	0.84832
134	21	0.76878
138	21	0.77541
139	21	0.86201
141	21	0.86259
144	21	0.79019
2	22	0.88193
3	22	0.62327
8	22	0.76068
9	22	0.87324
10	22	0.82443
12	22	0.89168
13	22	0.87661
14	22	0.88625
15	22	0.88376
17	22	0.89154
18	22	0.83041
19	22	0.77551
20	22	0.92952
21	22	0.92516
23	22	0.84197
25	22	0.85972
26	22	0.89359
27	22	0.84494
29	22	0.94199
33	22	0.84972
34	22	0.83189
36	22	0.93378
37	22	0.92424
38	22	0.91894
40	22	0.83146
42	22	0.90254
46	22	0.89029
47	22	0.85935
48	22	0.88042
49	22	0.7185
52	22	0.84757
62	22	0.90825
73	22	0.77115
74	22	0.93966
79	22	0.86586
80	22	0.87322
81	22	0.84682
87	22	0.91282
92	22	0.83477
93	22	0.93136
94	22	0.86429
95	22	0.84198
96	22	0.91154
97	22	0.88191
100	22	0.92041
103	22	0.86295
107	22	0.85294
108	22	0.88685
114	22	0.89992
123	22	0.84567
138	22	0.8533
139	22	0.89824
141	22	0.87394
143	22	0.83986
144	22	0.83195
150	22	0.84352
2	23	0.90669
4	23	0.84166
5	23	0.92343
7	23	0.88919
9	23	0.82713
10	23	0.81898
11	23	0.85742
12	23	0.92207
15	23	0.86583
16	23	0.93145
17	23	0.8643
18	23	0.88217
19	23	0.79905
20	23	0.90821
21	23	0.79667
22	23	0.84197
24	23	0.90651
25	23	0.90639
26	23	0.85294
27	23	0.90253
29	23	0.87457
31	23	0.82467
33	23	0.91154
37	23	0.94843
38	23	0.86543
40	23	0.93334
42	23	0.90561
46	23	0.95021
47	23	0.91114
50	23	0.79657
53	23	0.90663
54	23	0.91815
55	23	0.92027
56	23	0.97079
57	23	0.86176
60	23	0.9562
62	23	0.93421
64	23	0.85341
65	23	0.84082
67	23	0.90734
68	23	0.86338
73	23	0.77506
77	23	0.91226
78	23	0.9033
79	23	0.93365
81	23	0.90672
83	23	0.91173
84	23	0.91794
86	23	0.89974
87	23	0.90672
93	23	0.93439
96	23	0.934
97	23	0.92119
99	23	0.90566
100	23	0.92758
101	23	0.90828
102	23	0.95584
104	23	0.90684
106	23	0.80108
108	23	0.91168
109	23	0.92976
111	23	0.92662
112	23	0.87759
113	23	0.91751
114	23	0.90633
120	23	0.93018
121	23	0.79016
122	23	0.67993
123	23	0.93926
124	23	0.8871
128	23	0.92742
130	23	0.90236
133	23	0.84241
134	23	0.88432
137	23	0.82298
138	23	0.89582
139	23	0.94921
140	23	0.93734
141	23	0.94895
143	23	0.8778
144	23	0.91258
146	23	0.95725
148	23	0.96614
2	24	0.9189
5	24	0.95515
6	24	0.91753
12	24	0.96844
13	24	0.94833
15	24	0.86699
17	24	0.84578
23	24	0.90651
28	24	0.97893
29	24	0.88413
30	24	0.87504
33	24	0.94346
34	24	0.88414
35	24	0.91771
36	24	0.91964
39	24	0.91115
40	24	0.84531
43	24	0.95867
44	24	0.90053
45	24	0.95204
46	24	0.93101
47	24	0.92914
51	24	0.81486
55	24	0.9879
56	24	0.92018
58	24	0.90577
60	24	0.908
61	24	0.92344
63	24	0.92933
66	24	0.86195
69	24	0.92979
70	24	0.92657
72	24	0.77972
75	24	0.9153
76	24	0.93305
78	24	0.87514
79	24	0.91027
80	24	0.92375
81	24	0.96884
83	24	0.97023
84	24	0.89646
85	24	0.95563
87	24	0.93746
88	24	0.93375
89	24	0.90673
92	24	0.94216
93	24	0.93433
94	24	0.91506
95	24	0.96284
96	24	0.93565
97	24	0.97583
98	24	0.94111
99	24	0.85439
100	24	0.9479
102	24	0.90023
103	24	0.9165
105	24	0.83007
107	24	0.91881
109	24	0.89615
110	24	0.93998
111	24	0.94787
113	24	0.88583
115	24	0.93224
116	24	0.95986
117	24	0.96254
118	24	0.87024
123	24	0.94224
126	24	0.9595
127	24	0.86863
128	24	0.88882
129	24	0.92693
130	24	0.93649
132	24	0.90408
135	24	0.97634
136	24	0.91204
142	24	0.94072
143	24	0.89064
144	24	0.79196
145	24	0.91662
146	24	0.93561
147	24	0.94988
148	24	0.96798
2	25	0.88161
3	25	0.72474
4	25	0.94012
7	25	0.94451
8	25	0.74051
9	25	0.84657
10	25	0.866
11	25	0.95538
14	25	0.89756
16	25	0.90396
18	25	0.83939
19	25	0.88293
20	25	0.9378
21	25	0.83638
22	25	0.85972
23	25	0.90639
26	25	0.95659
27	25	0.91642
31	25	0.86709
37	25	0.88224
38	25	0.93936
40	25	0.84001
41	25	0.8811
42	25	0.9443
48	25	0.89032
50	25	0.88537
52	25	0.83334
54	25	0.94444
57	25	0.77933
59	25	0.91738
60	25	0.92838
62	25	0.97678
64	25	0.94495
67	25	0.93168
68	25	0.86398
71	25	0.83242
73	25	0.80979
77	25	0.9593
82	25	0.87516
86	25	0.89406
87	25	0.90634
90	25	0.89945
91	25	0.92184
94	25	0.91348
96	25	0.8831
99	25	0.87656
101	25	0.91657
102	25	0.88377
104	25	0.90198
106	25	0.8692
108	25	0.95832
109	25	0.90035
112	25	0.94667
113	25	0.92201
114	25	0.97476
119	25	0.87217
120	25	0.94612
121	25	0.91199
122	25	0.79309
123	25	0.92756
124	25	0.9499
128	25	0.92636
132	25	0.90263
134	25	0.90959
137	25	0.80925
138	25	0.92411
139	25	0.94795
140	25	0.91299
141	25	0.95592
148	25	0.88392
150	25	0.89219
3	26	0.79044
4	26	0.88075
7	26	0.91398
8	26	0.72831
10	26	0.84189
11	26	0.95205
12	26	0.82458
16	26	0.88052
19	26	0.8658
20	26	0.89556
21	26	0.86047
22	26	0.89359
23	26	0.85294
25	26	0.95659
27	26	0.85634
32	26	0.82584
37	26	0.88468
38	26	0.90622
40	26	0.85132
42	26	0.89696
46	26	0.84833
50	26	0.78084
52	26	0.85509
54	26	0.84795
60	26	0.89665
62	26	0.9317
64	26	0.91285
67	26	0.85844
77	26	0.88611
79	26	0.85459
84	26	0.8278
87	26	0.85347
94	26	0.82249
96	26	0.82499
101	26	0.87509
102	26	0.82782
104	26	0.87667
108	26	0.90406
109	26	0.82544
112	26	0.91091
113	26	0.82422
114	26	0.93647
120	26	0.83482
121	26	0.82866
123	26	0.85541
124	26	0.89668
128	26	0.84493
132	26	0.84794
134	26	0.89093
138	26	0.8881
139	26	0.88623
141	26	0.95175
150	26	0.84385
2	27	0.93516
3	27	0.54124
7	27	0.8521
11	27	0.88833
16	27	0.82892
19	27	0.80219
20	27	0.9009
21	27	0.77455
22	27	0.84494
23	27	0.90253
25	27	0.91642
26	27	0.85634
31	27	0.88011
32	27	0.91977
33	27	0.92366
38	27	0.89459
40	27	0.85458
42	27	0.95486
43	27	0.89849
45	27	0.91378
52	27	0.75406
53	27	0.921
54	27	0.97681
55	27	0.9244
57	27	0.78131
58	27	0.92036
59	27	0.91423
60	27	0.93233
62	27	0.90957
64	27	0.86665
65	27	0.90222
67	27	0.95839
68	27	0.89253
71	27	0.85488
74	27	0.87965
75	27	0.92916
77	27	0.93969
78	27	0.90045
79	27	0.95623
82	27	0.90384
83	27	0.90396
84	27	0.88373
86	27	0.97398
87	27	0.92028
88	27	0.89644
90	27	0.86502
91	27	0.92444
92	27	0.91411
94	27	0.91369
98	27	0.91898
104	27	0.85276
107	27	0.93409
108	27	0.98182
109	27	0.92477
114	27	0.93414
115	27	0.9451
119	27	0.9588
121	27	0.83119
123	27	0.97118
124	27	0.92164
125	27	0.89532
129	27	0.92965
130	27	0.90835
131	27	0.91724
132	27	0.9642
133	27	0.78731
134	27	0.81184
136	27	0.86746
137	27	0.84443
138	27	0.98003
139	27	0.92295
141	27	0.88395
142	27	0.91574
144	27	0.78741
146	27	0.90923
148	27	0.9104
149	27	0.22734
150	27	0.97126
5	28	0.9421
6	28	0.9431
12	28	0.95038
13	28	0.94786
15	28	0.86838
24	28	0.97893
29	28	0.88107
30	28	0.90677
32	28	0.87427
33	28	0.94821
34	28	0.89298
35	28	0.93958
36	28	0.91765
39	28	0.93012
40	28	0.85766
43	28	0.93612
44	28	0.91414
45	28	0.95106
46	28	0.91768
47	28	0.88379
51	28	0.84714
53	28	0.87966
55	28	0.9654
56	28	0.89841
60	28	0.89561
61	28	0.92231
63	28	0.91186
66	28	0.88062
69	28	0.9199
70	28	0.91407
72	28	0.8224
74	28	0.87714
75	28	0.92365
76	28	0.93475
78	28	0.88497
79	28	0.91045
80	28	0.89091
81	28	0.94901
83	28	0.9233
84	28	0.87569
85	28	0.95641
87	28	0.91885
88	28	0.91447
89	28	0.88218
92	28	0.91903
93	28	0.91217
95	28	0.94699
96	28	0.90761
97	28	0.95193
98	28	0.93769
100	28	0.92227
103	28	0.88229
105	28	0.83607
107	28	0.93006
110	28	0.93239
115	28	0.90996
116	28	0.94245
117	28	0.93784
118	28	0.87433
123	28	0.90964
126	28	0.90519
127	28	0.87735
129	28	0.89566
130	28	0.91443
132	28	0.89509
135	28	0.94987
136	28	0.85593
142	28	0.9162
144	28	0.78183
145	28	0.89191
147	28	0.93246
148	28	0.91791
2	29	0.90729
5	29	0.90427
8	29	0.68313
9	29	0.88636
12	29	0.93425
13	29	0.92193
14	29	0.91996
15	29	0.94407
17	29	0.94496
18	29	0.88373
20	29	0.9312
21	29	0.84024
22	29	0.94199
23	29	0.87457
24	29	0.88413
28	29	0.88107
33	29	0.90557
34	29	0.86985
36	29	0.94951
37	29	0.92548
38	29	0.85811
40	29	0.83443
43	29	0.85642
45	29	0.88505
46	29	0.94253
47	29	0.95809
48	29	0.91564
49	29	0.81461
55	29	0.88291
56	29	0.88604
62	29	0.88386
73	29	0.83265
74	29	0.93365
79	29	0.85504
80	29	0.96079
81	29	0.93091
83	29	0.86007
85	29	0.86715
87	29	0.93627
92	29	0.89433
93	29	0.97985
94	29	0.89188
95	29	0.93957
96	29	0.96751
97	29	0.93386
100	29	0.96394
103	29	0.95671
107	29	0.85623
116	29	0.92227
117	29	0.89076
123	29	0.85131
126	29	0.89867
139	29	0.89252
143	29	0.91036
144	29	0.85052
148	29	0.89396
5	30	0.89583
6	30	0.9846
13	30	0.91269
24	30	0.87504
28	30	0.90677
32	30	0.93432
33	30	0.91577
34	30	0.91383
35	30	0.94574
39	30	0.97053
43	30	0.9042
44	30	0.97245
45	30	0.92139
51	30	0.95218
53	30	0.89888
55	30	0.88707
61	30	0.96262
63	30	0.95358
66	30	0.95545
69	30	0.94869
70	30	0.94735
72	30	0.93851
75	30	0.94663
76	30	0.94111
78	30	0.89649
79	30	0.90644
81	30	0.86919
85	30	0.95095
88	30	0.93355
89	30	0.91564
97	30	0.85389
98	30	0.92976
105	30	0.85085
107	30	0.96209
110	30	0.97242
115	30	0.8933
116	30	0.88057
117	30	0.86557
118	30	0.94149
123	30	0.85051
127	30	0.95134
129	30	0.88646
130	30	0.89265
132	30	0.8997
135	30	0.91407
138	30	0.86725
142	30	0.92001
145	30	0.92641
147	30	0.89785
150	30	0.85701
2	31	0.81507
7	31	0.82948
11	31	0.87249
14	31	0.83901
15	31	0.84318
16	31	0.8294
19	31	0.87447
20	31	0.86573
21	31	0.78735
23	31	0.82467
25	31	0.86709
27	31	0.88011
38	31	0.89019
42	31	0.84195
45	31	0.8398
54	31	0.86937
59	31	0.89862
60	31	0.85859
62	31	0.83416
64	31	0.90069
65	31	0.91867
67	31	0.88647
71	31	0.87963
74	31	0.82701
75	31	0.84435
77	31	0.85052
78	31	0.8617
79	31	0.851
82	31	0.95701
86	31	0.87025
91	31	0.84692
94	31	0.85972
104	31	0.82212
106	31	0.89424
108	31	0.89507
109	31	0.81732
112	31	0.83091
114	31	0.88747
115	31	0.81573
119	31	0.86682
120	31	0.86177
121	31	0.88239
122	31	0.68797
123	31	0.83364
124	31	0.85249
128	31	0.83588
130	31	0.81527
132	31	0.85598
137	31	0.79325
138	31	0.89451
139	31	0.86064
141	31	0.83596
150	31	0.85866
5	32	0.87736
6	32	0.93005
7	32	0.83153
11	32	0.84312
13	32	0.89647
26	32	0.82584
27	32	0.91977
28	32	0.87427
30	32	0.93432
33	32	0.91597
35	32	0.90334
39	32	0.90701
40	32	0.8351
43	32	0.87509
44	32	0.88403
45	32	0.8842
51	32	0.80295
53	32	0.95986
54	32	0.86214
55	32	0.87233
60	32	0.90226
61	32	0.87085
63	32	0.88543
65	32	0.824
66	32	0.82302
67	32	0.88358
69	32	0.90283
70	32	0.87265
72	32	0.83356
75	32	0.91696
78	32	0.95041
79	32	0.96648
84	32	0.91294
85	32	0.86258
86	32	0.89021
88	32	0.90667
98	32	0.95526
104	32	0.82787
105	32	0.88133
107	32	0.95548
108	32	0.89746
109	32	0.87819
110	32	0.90089
114	32	0.85366
115	32	0.87805
118	32	0.91566
123	32	0.90184
127	32	0.8213
129	32	0.87233
130	32	0.9089
131	32	0.85227
132	32	0.95295
133	32	0.85432
135	32	0.892
137	32	0.79108
138	32	0.95507
142	32	0.87387
144	32	0.80385
145	32	0.8592
146	32	0.85219
147	32	0.89438
150	32	0.91613
2	33	0.92977
5	33	0.974
6	33	0.95213
12	33	0.93243
13	33	0.96234
15	33	0.88961
22	33	0.84972
23	33	0.91154
24	33	0.94346
27	33	0.92366
28	33	0.94821
29	33	0.90557
30	33	0.91577
32	33	0.91597
34	33	0.91588
35	33	0.92879
36	33	0.92236
37	33	0.86417
39	33	0.90965
40	33	0.87896
42	33	0.87844
43	33	0.94467
44	33	0.92978
45	33	0.95158
46	33	0.91286
47	33	0.89053
51	33	0.84336
53	33	0.96182
55	33	0.9582
56	33	0.91793
57	33	0.76613
60	33	0.90494
61	33	0.9371
63	33	0.91669
65	33	0.84252
66	33	0.86232
69	33	0.94031
70	33	0.93284
72	33	0.83766
74	33	0.8866
75	33	0.94543
76	33	0.92254
78	33	0.92858
79	33	0.96292
80	33	0.87504
81	33	0.96489
83	33	0.92442
84	33	0.88495
85	33	0.94841
87	33	0.9172
88	33	0.9276
89	33	0.90748
92	33	0.92307
93	33	0.94467
95	33	0.92288
96	33	0.91138
97	33	0.93552
98	33	0.93081
100	33	0.92068
103	33	0.86276
105	33	0.89269
107	33	0.97199
110	33	0.93934
115	33	0.9401
116	33	0.93644
117	33	0.92238
118	33	0.92753
119	33	0.86135
123	33	0.93601
126	33	0.87866
127	33	0.87638
129	33	0.93824
130	33	0.91837
131	33	0.85903
132	33	0.91743
135	33	0.92727
136	33	0.85564
138	33	0.91693
142	33	0.94913
144	33	0.88549
145	33	0.91925
146	33	0.90427
147	33	0.90868
148	33	0.93943
150	33	0.90238
2	34	0.88611
5	34	0.9371
6	34	0.91246
12	34	0.90257
13	34	0.91794
15	34	0.87508
22	34	0.83189
24	34	0.88414
28	34	0.89298
29	34	0.86985
30	34	0.91383
33	34	0.91588
35	34	0.92423
36	34	0.91489
39	34	0.86506
43	34	0.86974
44	34	0.90047
45	34	0.92771
51	34	0.86229
55	34	0.88127
61	34	0.9214
63	34	0.87871
66	34	0.86997
69	34	0.87575
70	34	0.88346
72	34	0.85354
74	34	0.90271
75	34	0.92408
76	34	0.93259
78	34	0.85787
79	34	0.88682
81	34	0.92961
85	34	0.95766
87	34	0.85028
88	34	0.85473
89	34	0.87086
92	34	0.86962
93	34	0.89474
95	34	0.8871
97	34	0.89809
98	34	0.86199
100	34	0.89998
103	34	0.85688
107	34	0.93963
110	34	0.92522
116	34	0.93431
117	34	0.87868
127	34	0.86853
135	34	0.87593
142	34	0.88668
144	34	0.8092
145	34	0.86579
5	35	0.94713
6	35	0.94923
12	35	0.88585
13	35	0.90398
24	35	0.91771
28	35	0.93958
30	35	0.94574
32	35	0.90334
33	35	0.92879
34	35	0.92423
39	35	0.92034
40	35	0.83968
43	35	0.88446
44	35	0.89584
45	35	0.89022
51	35	0.90157
53	35	0.90855
55	35	0.89262
56	35	0.88649
60	35	0.84948
61	35	0.92668
63	35	0.93905
66	35	0.92513
69	35	0.95725
70	35	0.89924
72	35	0.82478
75	35	0.89859
76	35	0.93016
78	35	0.91775
79	35	0.91514
81	35	0.9182
84	35	0.91334
85	35	0.95737
88	35	0.91644
89	35	0.84507
95	35	0.85109
97	35	0.88737
98	35	0.9468
100	35	0.8604
105	35	0.84221
107	35	0.93747
110	35	0.95219
116	35	0.884
117	35	0.85577
118	35	0.88817
127	35	0.89337
130	35	0.89021
132	35	0.86266
135	35	0.92874
142	35	0.87772
144	35	0.82123
145	35	0.85436
147	35	0.90294
148	35	0.86012
2	36	0.94566
5	36	0.90552
6	36	0.8876
8	36	0.67219
9	36	0.84056
12	36	0.96579
13	36	0.97312
14	36	0.93933
15	36	0.90855
17	36	0.90283
20	36	0.94819
21	36	0.78823
22	36	0.93378
24	36	0.91964
28	36	0.91765
29	36	0.94951
33	36	0.92236
34	36	0.91489
37	36	0.86013
38	36	0.86006
42	36	0.8852
43	36	0.91641
45	36	0.94805
46	36	0.90552
47	36	0.91731
48	36	0.92101
49	36	0.7553
55	36	0.93504
58	36	0.92478
61	36	0.89134
62	36	0.9057
73	36	0.79322
74	36	0.96575
75	36	0.90805
76	36	0.89286
79	36	0.90207
80	36	0.94967
81	36	0.93493
83	36	0.90956
85	36	0.91972
87	36	0.97937
92	36	0.95711
93	36	0.96141
94	36	0.94332
95	36	0.9635
96	36	0.95094
97	36	0.96642
100	36	0.9646
103	36	0.94966
107	36	0.93429
108	36	0.91538
114	36	0.90032
116	36	0.95398
117	36	0.92818
123	36	0.92401
126	36	0.92558
129	36	0.91761
139	36	0.90435
142	36	0.91424
143	36	0.9037
148	36	0.91025
150	36	0.89902
2	37	0.87453
3	37	0.56708
5	37	0.88651
7	37	0.83308
8	37	0.65076
9	37	0.88604
10	37	0.89007
11	37	0.8348
12	37	0.90429
14	37	0.86263
15	37	0.89703
16	37	0.92953
17	37	0.91102
18	37	0.92665
19	37	0.80723
20	37	0.92057
21	37	0.89217
22	37	0.92424
23	37	0.94843
25	37	0.88224
26	37	0.88468
29	37	0.92548
33	37	0.86417
36	37	0.86013
38	37	0.88953
40	37	0.92391
42	37	0.88832
46	37	0.9411
47	37	0.90205
48	37	0.85697
49	37	0.71979
52	37	0.77389
56	37	0.9456
60	37	0.89243
62	37	0.92186
73	37	0.81913
74	37	0.8557
79	37	0.88662
80	37	0.88113
81	37	0.87132
87	37	0.88065
93	37	0.93711
96	37	0.93598
97	37	0.8894
100	37	0.9317
101	37	0.91803
102	37	0.90639
103	37	0.86129
104	37	0.83675
106	37	0.80518
108	37	0.86183
114	37	0.88831
120	37	0.86456
123	37	0.85767
134	37	0.8494
139	37	0.91594
141	37	0.9408
143	37	0.88765
144	37	0.92826
146	37	0.86142
148	37	0.89939
2	38	0.88153
3	38	0.66707
4	38	0.87337
8	38	0.79309
9	38	0.85906
10	38	0.84332
11	38	0.91524
14	38	0.92925
15	38	0.88558
16	38	0.88404
17	38	0.8544
18	38	0.86294
19	38	0.90409
20	38	0.94538
21	38	0.94448
22	38	0.91894
23	38	0.86543
25	38	0.93936
26	38	0.90622
27	38	0.89459
29	38	0.85811
31	38	0.89019
36	38	0.86006
37	38	0.88953
41	38	0.85469
42	38	0.94339
46	38	0.86021
48	38	0.92338
49	38	0.72028
50	38	0.81738
52	38	0.86468
54	38	0.9009
59	38	0.87485
62	38	0.94558
64	38	0.92836
71	38	0.82687
73	38	0.77798
74	38	0.91036
77	38	0.88366
82	38	0.89383
87	38	0.89636
90	38	0.9087
91	38	0.90875
93	38	0.87293
94	38	0.91064
96	38	0.88756
100	38	0.86105
101	38	0.86058
106	38	0.91353
108	38	0.93306
112	38	0.88815
114	38	0.9405
119	38	0.87748
120	38	0.88146
121	38	0.87405
123	38	0.86326
124	38	0.86715
134	38	0.80289
138	38	0.90292
139	38	0.94983
141	38	0.90791
150	38	0.89271
5	39	0.89424
6	39	0.97929
13	39	0.90789
24	39	0.91115
28	39	0.93012
30	39	0.97053
32	39	0.90701
33	39	0.90965
34	39	0.86506
35	39	0.92034
43	39	0.94826
44	39	0.9749
45	39	0.93006
51	39	0.93614
53	39	0.88713
55	39	0.92436
61	39	0.95945
63	39	0.95297
66	39	0.94841
69	39	0.95779
70	39	0.96591
72	39	0.91546
75	39	0.92586
76	39	0.93991
78	39	0.88512
79	39	0.88896
81	39	0.87872
83	39	0.87727
85	39	0.94251
88	39	0.96482
89	39	0.92978
92	39	0.88125
95	39	0.87509
97	39	0.87414
98	39	0.93501
105	39	0.84156
107	39	0.93181
110	39	0.96612
115	39	0.92887
116	39	0.89046
117	39	0.90996
118	39	0.94119
123	39	0.86787
125	39	0.80404
127	39	0.9539
129	39	0.90834
130	39	0.93889
131	39	0.86511
132	39	0.89976
133	39	0.7827
135	39	0.93946
136	39	0.8969
142	39	0.92491
145	39	0.93875
147	39	0.95312
5	40	0.87747
7	40	0.84965
11	40	0.82789
12	40	0.86387
16	40	0.91704
18	40	0.80842
19	40	0.83131
20	40	0.85697
21	40	0.79967
22	40	0.83146
23	40	0.93334
24	40	0.84531
25	40	0.84001
26	40	0.85132
27	40	0.85458
28	40	0.85766
29	40	0.83443
32	40	0.8351
33	40	0.87896
35	40	0.83968
37	40	0.92391
42	40	0.83767
46	40	0.92627
53	40	0.88389
55	40	0.83894
56	40	0.95406
57	40	0.8392
60	40	0.9461
62	40	0.85241
67	40	0.84904
78	40	0.8976
79	40	0.90137
81	40	0.84295
84	40	0.9026
93	40	0.87014
96	40	0.86982
97	40	0.84461
98	40	0.86818
100	40	0.86484
101	40	0.87164
102	40	0.89601
104	40	0.86376
108	40	0.84997
109	40	0.84904
114	40	0.85162
123	40	0.85276
133	40	0.79711
134	40	0.89285
138	40	0.84611
139	40	0.85687
141	40	0.9072
144	40	0.89884
146	40	0.84698
148	40	0.87879
2	41	0.87179
3	41	0.5465
4	41	0.91171
8	41	0.77578
9	41	0.91905
10	41	0.8827
12	41	0.84132
14	41	0.91544
17	41	0.93341
18	41	0.91443
20	41	0.89405
21	41	0.76532
25	41	0.8811
38	41	0.85469
42	41	0.84308
46	41	0.8598
47	41	0.88492
48	41	0.95032
49	41	0.9107
50	41	0.9047
52	41	0.72211
54	41	0.86413
58	41	0.90164
62	41	0.92376
68	41	0.87846
71	41	0.82234
73	41	0.91977
77	41	0.86481
80	41	0.86169
83	41	0.84639
87	41	0.88155
90	41	0.91252
91	41	0.88498
92	41	0.84271
93	41	0.84917
94	41	0.91597
96	41	0.90412
97	41	0.83915
99	41	0.93466
100	41	0.85724
101	41	0.84498
103	41	0.85575
106	41	0.85804
108	41	0.83936
111	41	0.89815
112	41	0.85273
113	41	0.89325
114	41	0.86687
120	41	0.93546
122	41	0.78419
126	41	0.88319
128	41	0.88085
139	41	0.90139
140	41	0.86977
143	41	0.89556
148	41	0.86196
149	41	0.28738
2	42	0.94326
3	42	0.62372
7	42	0.83546
8	42	0.67438
10	42	0.80934
11	42	0.91042
14	42	0.90347
16	42	0.86382
19	42	0.84949
20	42	0.91253
21	42	0.87623
22	42	0.90254
23	42	0.90561
25	42	0.9443
26	42	0.89696
27	42	0.95486
31	42	0.84195
33	42	0.87844
36	42	0.8852
37	42	0.88832
38	42	0.94339
40	42	0.83767
41	42	0.84308
46	42	0.87517
48	42	0.88688
50	42	0.80709
52	42	0.88563
54	42	0.94762
58	42	0.90316
59	42	0.88804
60	42	0.89717
62	42	0.94677
64	42	0.86782
65	42	0.84325
67	42	0.89614
68	42	0.86614
71	42	0.82369
74	42	0.8871
77	42	0.95678
79	42	0.91074
82	42	0.88713
86	42	0.92609
87	42	0.91451
90	42	0.91283
91	42	0.94096
92	42	0.87809
93	42	0.90619
94	42	0.90277
96	42	0.89314
99	42	0.85646
100	42	0.87883
101	42	0.82918
104	42	0.86007
106	42	0.84659
108	42	0.96421
112	42	0.84553
114	42	0.93778
119	42	0.91724
120	42	0.87918
121	42	0.86469
122	42	0.69742
123	42	0.93658
124	42	0.90081
125	42	0.82135
129	42	0.88047
132	42	0.89434
134	42	0.83975
137	42	0.79121
138	42	0.93689
139	42	0.93519
141	42	0.92179
144	42	0.83108
146	42	0.88056
148	42	0.88856
150	42	0.93523
5	43	0.93708
6	43	0.95013
12	43	0.92539
13	43	0.96181
24	43	0.95867
27	43	0.89849
28	43	0.93612
29	43	0.85642
30	43	0.9042
32	43	0.87509
33	43	0.94467
34	43	0.86974
35	43	0.88446
36	43	0.91641
39	43	0.94826
44	43	0.94077
45	43	0.94796
47	43	0.89407
51	43	0.85406
53	43	0.89463
55	43	0.98124
56	43	0.87
58	43	0.91445
61	43	0.95922
63	43	0.94575
66	43	0.89169
68	43	0.84975
69	43	0.93694
70	43	0.95499
72	43	0.81506
75	43	0.909
76	43	0.93917
78	43	0.86864
79	43	0.91007
80	43	0.89285
81	43	0.95093
83	43	0.96413
84	43	0.86142
85	43	0.94616
86	43	0.88359
87	43	0.93423
88	43	0.95958
89	43	0.93923
92	43	0.95239
93	43	0.91319
95	43	0.95169
97	43	0.94561
98	43	0.93223
103	43	0.88771
105	43	0.87042
107	43	0.94047
109	43	0.89923
110	43	0.94871
111	43	0.89341
115	43	0.96122
116	43	0.94302
117	43	0.96986
118	43	0.93682
119	43	0.87094
123	43	0.94177
125	43	0.83929
126	43	0.91834
127	43	0.91146
128	43	0.88094
129	43	0.97651
130	43	0.94003
131	43	0.87645
132	43	0.91758
133	43	0.78304
135	43	0.96078
136	43	0.92619
142	43	0.96332
144	43	0.78654
145	43	0.96429
146	43	0.94829
147	43	0.97466
148	43	0.94069
149	43	0.27863
150	43	0.87673
5	44	0.89664
6	44	0.97822
13	44	0.92209
24	44	0.90053
28	44	0.91414
30	44	0.97245
32	44	0.88403
33	44	0.92978
34	44	0.90047
35	44	0.89584
39	44	0.9749
43	44	0.94077
45	44	0.94875
51	44	0.94507
53	44	0.88194
55	44	0.92477
61	44	0.97815
63	44	0.94901
66	44	0.94478
69	44	0.94221
70	44	0.98302
72	44	0.94764
75	44	0.95545
76	44	0.96013
79	44	0.88395
81	44	0.89427
83	44	0.88846
85	44	0.95379
88	44	0.9463
89	44	0.97182
92	44	0.91687
95	44	0.89183
98	44	0.89897
105	44	0.84071
107	44	0.94884
110	44	0.97103
115	44	0.95066
116	44	0.91992
117	44	0.92723
118	44	0.94834
123	44	0.87362
125	44	0.81389
127	44	0.97095
129	44	0.93725
130	44	0.90538
131	44	0.86255
132	44	0.891
135	44	0.91496
136	44	0.88253
142	44	0.96065
145	44	0.97079
147	44	0.90222
150	44	0.88085
2	45	0.94777
5	45	0.94457
6	45	0.93789
12	45	0.9621
13	45	0.96575
14	45	0.9194
15	45	0.92413
20	45	0.91587
24	45	0.95204
27	45	0.91378
28	45	0.95106
29	45	0.88505
30	45	0.92139
31	45	0.8398
32	45	0.8842
33	45	0.95158
34	45	0.92771
35	45	0.89022
36	45	0.94805
39	45	0.93006
43	45	0.94796
44	45	0.94875
47	45	0.88731
48	45	0.88486
51	45	0.83308
53	45	0.87916
55	45	0.96918
58	45	0.92437
61	45	0.92891
63	45	0.90886
65	45	0.86594
66	45	0.85335
69	45	0.90683
70	45	0.93531
72	45	0.89845
74	45	0.93936
75	45	0.97955
76	45	0.92472
78	45	0.9049
79	45	0.93494
80	45	0.90335
81	45	0.93849
82	45	0.89089
83	45	0.93477
84	45	0.86182
85	45	0.95672
87	45	0.9446
88	45	0.91727
89	45	0.92933
92	45	0.96777
93	45	0.92428
94	45	0.94387
95	45	0.95025
96	45	0.92021
97	45	0.9609
98	45	0.91808
100	45	0.93443
103	45	0.90735
105	45	0.80976
107	45	0.95412
108	45	0.91633
110	45	0.94698
115	45	0.95989
116	45	0.97084
117	45	0.94715
118	45	0.88582
119	45	0.88845
123	45	0.93825
125	45	0.81607
126	45	0.91341
127	45	0.87227
129	45	0.94377
130	45	0.9147
132	45	0.93599
135	45	0.94699
136	45	0.86682
138	45	0.92041
142	45	0.94627
145	45	0.93886
147	45	0.9123
148	45	0.92792
150	45	0.91751
2	46	0.90245
4	46	0.82952
5	46	0.91302
8	46	0.62499
9	46	0.90722
10	46	0.81114
12	46	0.94582
13	46	0.90602
14	46	0.91658
15	46	0.90177
16	46	0.86599
17	46	0.92175
18	46	0.90875
19	46	0.77966
20	46	0.9395
21	46	0.8125
22	46	0.89029
23	46	0.95021
24	46	0.93101
26	46	0.84833
28	46	0.91768
29	46	0.94253
33	46	0.91286
36	46	0.90552
37	46	0.9411
38	46	0.86021
40	46	0.92627
41	46	0.8598
42	46	0.87517
47	46	0.95835
48	46	0.90795
49	46	0.78112
55	46	0.92826
56	46	0.95192
57	46	0.773
60	46	0.92931
62	46	0.9351
73	46	0.82876
74	46	0.86991
80	46	0.92907
81	46	0.93257
83	46	0.91367
87	46	0.94448
92	46	0.88716
93	46	0.9653
94	46	0.91106
95	46	0.91583
96	46	0.97525
97	46	0.9409
99	46	0.90522
100	46	0.95294
101	46	0.85142
102	46	0.90118
103	46	0.91088
108	46	0.88441
111	46	0.91709
112	46	0.84812
113	46	0.88252
114	46	0.88921
120	46	0.88327
123	46	0.91269
126	46	0.90973
128	46	0.90061
134	46	0.8328
139	46	0.92737
140	46	0.87315
141	46	0.89844
143	46	0.90972
144	46	0.86974
146	46	0.91302
148	46	0.94854
2	47	0.91934
5	47	0.91187
9	47	0.88815
10	47	0.78301
12	47	0.94112
13	47	0.90892
14	47	0.92956
15	47	0.91434
17	47	0.95718
18	47	0.90724
20	47	0.9109
22	47	0.85935
23	47	0.91114
24	47	0.92914
28	47	0.88379
29	47	0.95809
