7	2	0.94714
9	2	0.94745
13	2	0.9703
15	2	0.96726
18	2	0.9545
19	2	0.9774
20	2	0.98683
21	2	0.94563
23	2	0.96852
25	2	0.98249
26	2	0.92045
27	2	0.97756
28	2	0.95713
30	2	0.97276
31	2	0.98321
32	2	0.97936
33	2	0.97207
35	2	0.96949
36	2	0.97836
38	2	0.97476
40	2	0.95761
42	2	0.95725
43	2	0.97407
45	2	0.9695
46	2	0.95728
48	2	0.96437
49	2	0.97724
52	2	0.98784
53	2	0.95695
54	2	0.97584
55	2	0.97093
56	2	0.89553
58	2	0.9519
60	2	0.98284
61	2	0.97317
62	2	0.9928
63	2	0.98492
64	2	0.97388
69	2	0.97164
73	2	0.95922
74	2	0.98115
75	2	0.96345
76	2	0.98329
77	2	0.9505
78	2	0.97829
79	2	0.98685
81	2	0.95372
82	2	0.98622
83	2	0.96486
84	2	0.9762
85	2	0.95697
94	2	0.96629
95	2	0.96343
96	2	0.95542
98	2	0.98215
99	2	0.98728
100	2	0.97021
102	2	0.96713
104	2	0.94876
106	2	0.96239
107	2	0.98042
108	2	0.98205
109	2	0.98396
110	2	0.97321
113	2	0.99
114	2	0.98056
116	2	0.98886
117	2	0.98109
120	2	0.97077
123	2	0.97663
126	2	0.9794
130	2	0.98043
131	2	0.97864
132	2	0.97702
133	2	0.97042
134	2	0.96352
136	2	0.97486
138	2	0.95843
144	2	0.92178
4	3	0.9696
5	3	0.92253
7	3	0.93963
8	3	0.99146
9	3	0.9246
10	3	0.93792
11	3	0.81726
12	3	0.94621
13	3	0.92326
14	3	0.94428
16	3	0.9018
17	3	0.94717
20	3	0.89428
22	3	0.9144
24	3	0.9115
26	3	0.91559
28	3	0.88599
29	3	0.92802
30	3	0.89651
33	3	0.91098
37	3	0.91266
41	3	0.90646
43	3	0.87998
45	3	0.90748
48	3	0.88917
49	3	0.87932
56	3	0.89932
57	3	0.89357
67	3	0.89563
73	3	0.9464
80	3	0.91129
85	3	0.89531
93	3	0.87962
95	3	0.91657
96	3	0.89638
97	3	0.91083
98	3	0.87343
101	3	0.95221
103	3	0.90617
106	3	0.91472
110	3	0.89805
111	3	0.90692
114	3	0.90547
116	3	0.88096
126	3	0.90644
132	3	0.90257
141	3	0.92936
143	3	0.951
144	3	0.87624
146	3	0.89776
148	3	0.91578
3	4	0.9696
5	4	0.95147
7	4	0.97786
8	4	0.96344
9	4	0.95065
10	4	0.93912
12	4	0.98689
13	4	0.96494
14	4	0.9858
16	4	0.92429
17	4	0.96862
20	4	0.95213
22	4	0.92166
24	4	0.9734
26	4	0.95116
28	4	0.92898
29	4	0.94186
30	4	0.95855
32	4	0.92672
33	4	0.94529
37	4	0.95507
41	4	0.96967
43	4	0.92588
45	4	0.96094
47	4	0.9118
48	4	0.94846
49	4	0.93535
56	4	0.93796
67	4	0.92792
73	4	0.96998
80	4	0.96219
81	4	0.93488
85	4	0.93033
93	4	0.93147
95	4	0.97182
96	4	0.95072
97	4	0.96546
98	4	0.93155
99	4	0.93171
101	4	0.98329
103	4	0.95112
106	4	0.96642
110	4	0.94996
111	4	0.97459
114	4	0.95646
116	4	0.93864
126	4	0.96157
130	4	0.93657
132	4	0.9429
141	4	0.96459
143	4	0.96451
144	4	0.91509
146	4	0.92918
148	4	0.95164
3	5	0.92253
4	5	0.95147
7	5	0.97307
8	5	0.90142
9	5	0.91349
12	5	0.96865
13	5	0.91353
14	5	0.93368
17	5	0.98659
20	5	0.91878
21	5	0.91712
24	5	0.93142
26	5	0.90055
29	5	0.98669
30	5	0.90477
33	5	0.92429
35	5	0.93143
37	5	0.9526
40	5	0.90915
41	5	0.95971
45	5	0.93306
47	5	0.93253
48	5	0.8968
56	5	0.98966
60	5	0.9033
62	5	0.88493
73	5	0.93955
80	5	0.9764
81	5	0.96267
84	5	0.89329
93	5	0.9756
95	5	0.95523
96	5	0.97242
97	5	0.95073
98	5	0.8838
99	5	0.89513
101	5	0.97522
103	5	0.97877
106	5	0.95372
110	5	0.88929
111	5	0.94973
113	5	0.88897
114	5	0.90169
116	5	0.92383
126	5	0.92274
134	5	0.89946
141	5	0.88329
143	5	0.90852
144	5	0.97268
148	5	0.99466
10	6	0.93287
11	6	0.84722
13	6	0.9605
15	6	0.96584
18	6	0.94752
25	6	0.97399
27	6	0.96733
28	6	0.97596
30	6	0.96235
31	6	0.96817
32	6	0.96426
34	6	0.95545
38	6	0.96987
39	6	0.9832
42	6	0.96522
43	6	0.97834
44	6	0.93081
49	6	0.96882
50	6	0.82717
51	6	0.99051
54	6	0.98631
57	6	0.94188
59	6	0.98793
61	6	0.98589
63	6	0.979
64	6	0.98576
65	6	0.98204
66	6	0.99255
67	6	0.98266
68	6	0.95694
70	6	0.9823
71	6	0.97125
72	6	0.98953
75	6	0.96558
79	6	0.97268
85	6	0.9771
86	6	0.95754
87	6	0.98256
88	6	0.94609
89	6	0.98758
90	6	0.94788
91	6	0.97426
92	6	0.96056
94	6	0.972
104	6	0.94682
105	6	0.91385
107	6	0.98862
108	6	0.98681
109	6	0.98854
110	6	0.96108
112	6	0.94249
114	6	0.96418
115	6	0.95217
117	6	0.96276
118	6	0.9738
119	6	0.95933
121	6	0.95052
122	6	0.95931
123	6	0.9727
124	6	0.91624
125	6	0.9682
127	6	0.98618
128	6	0.98538
129	6	0.97617
130	6	0.96704
132	6	0.96896
135	6	0.97273
136	6	0.9758
137	6	0.96959
139	6	0.98959
140	6	0.95893
141	6	0.96115
142	6	0.97138
145	6	0.95151
146	6	0.97971
147	6	0.98704
149	6	0.73056
150	6	0.98465
2	7	0.94714
3	7	0.93963
4	7	0.97786
5	7	0.97307
8	7	0.92404
9	7	0.9594
10	7	0.90785
12	7	0.99338
13	7	0.97488
14	7	0.98196
16	7	0.92032
17	7	0.96425
20	7	0.97703
21	7	0.93971
22	7	0.90741
24	7	0.97865
26	7	0.94841
29	7	0.94838
30	7	0.97145
32	7	0.95956
33	7	0.97315
35	7	0.96308
37	7	0.98245
40	7	0.93833
41	7	0.99105
45	7	0.9815
47	7	0.94031
48	7	0.96202
49	7	0.95695
56	7	0.9714
60	7	0.95397
62	7	0.953
73	7	0.9811
80	7	0.99371
81	7	0.98068
84	7	0.95014
93	7	0.96815
95	7	0.99045
96	7	0.98879
97	7	0.97873
98	7	0.96073
99	7	0.96545
101	7	0.9939
103	7	0.96771
106	7	0.98993
110	7	0.96227
111	7	0.9785
113	7	0.9583
114	7	0.97067
116	7	0.97484
126	7	0.9754
130	7	0.95813
132	7	0.95776
134	7	0.96352
141	7	0.95602
143	7	0.95171
144	7	0.96255
148	7	0.97086
3	8	0.99146
4	8	0.96344
5	8	0.90142
7	8	0.92404
9	8	0.91265
10	8	0.93643
11	8	0.83683
12	8	0.9371
13	8	0.90719
14	8	0.93497
16	8	0.87918
17	8	0.93715
20	8	0.8798
22	8	0.90037
24	8	0.90314
26	8	0.90601
28	8	0.88332
29	8	0.90787
30	8	0.88589
33	8	0.89076
37	8	0.89313
41	8	0.89241
43	8	0.87578
45	8	0.8991
48	8	0.88075
49	8	0.86508
56	8	0.87186
57	8	0.88972
67	8	0.89625
72	8	0.87158
73	8	0.92894
80	8	0.89377
85	8	0.88619
95	8	0.901
96	8	0.87382
97	8	0.89444
101	8	0.94126
102	8	0.86174
103	8	0.88736
106	8	0.90171
110	8	0.8948
111	8	0.8928
114	8	0.89849
116	8	0.86434
126	8	0.89654
130	8	0.86334
132	8	0.89865
141	8	0.92786
143	8	0.95173
146	8	0.8904
148	8	0.89683
2	9	0.94745
3	9	0.9246
4	9	0.95065
5	9	0.91349
7	9	0.9594
8	9	0.91265
10	9	0.91824
12	9	0.95997
13	9	0.96999
14	9	0.96848
16	9	0.91843
17	9	0.90062
18	9	0.94348
19	9	0.9569
20	9	0.9734
21	9	0.9376
22	9	0.94698
24	9	0.96732
25	9	0.947
26	9	0.95846
28	9	0.96793
29	9	0.90642
30	9	0.95149
31	9	0.95339
32	9	0.94956
33	9	0.9703
35	9	0.94501
36	9	0.95743
37	9	0.95456
40	9	0.94043
41	9	0.94519
45	9	0.96602
46	9	0.96162
47	9	0.89709
48	9	0.9635
52	9	0.95332
56	9	0.92024
57	9	0.91237
60	9	0.94434
62	9	0.94464
63	9	0.95121
67	9	0.94513
73	9	0.96373
80	9	0.94789
84	9	0.95109
85	9	0.97399
93	9	0.92804
95	9	0.96605
96	9	0.95329
97	9	0.94808
98	9	0.95841
99	9	0.95961
101	9	0.95392
102	9	0.94419
103	9	0.90728
106	9	0.95276
110	9	0.95316
111	9	0.93346
113	9	0.94691
114	9	0.96475
116	9	0.95376
126	9	0.95602
130	9	0.95248
131	9	0.94951
132	9	0.95633
134	9	0.95339
141	9	0.9587
143	9	0.92746
144	9	0.9118
148	9	0.90233
3	10	0.93792
4	10	0.93912
6	10	0.93287
7	10	0.90785
8	10	0.93643
9	10	0.91824
11	10	0.90779
12	10	0.9131
13	10	0.95203
14	10	0.93083
16	10	0.8863
18	10	0.90854
20	10	0.91403
22	10	0.89618
24	10	0.91748
26	10	0.90683
28	10	0.9356
30	10	0.91797
32	10	0.90879
33	10	0.91629
39	10	0.93022
43	10	0.94201
49	10	0.92208
50	10	0.85991
51	10	0.90908
57	10	0.96942
63	10	0.92911
66	10	0.90612
67	10	0.94855
70	10	0.91118
72	10	0.9482
73	10	0.94128
85	10	0.9526
98	10	0.90963
101	10	0.90555
102	10	0.91965
105	10	0.9093
107	10	0.91953
108	10	0.90717
109	10	0.91931
110	10	0.92637
112	10	0.90954
114	10	0.92698
126	10	0.91267
127	10	0.91448
128	10	0.93987
130	10	0.90907
132	10	0.9398
139	10	0.93169
140	10	0.92167
141	10	0.94879
143	10	0.91698
145	10	0.9003
146	10	0.955
3	11	0.81726
6	11	0.84722
8	11	0.83683
10	11	0.90779
13	11	0.79004
28	11	0.82817
34	11	0.86297
39	11	0.88291
43	11	0.82747
50	11	0.9727
51	11	0.83641
54	11	0.78121
57	11	0.92681
59	11	0.81805
61	11	0.7755
63	11	0.79638
64	11	0.78707
65	11	0.87036
66	11	0.84584
67	11	0.87178
70	11	0.81516
72	11	0.89514
85	11	0.8383
87	11	0.79487
89	11	0.83441
102	11	0.77762
105	11	0.95915
107	11	0.81773
108	11	0.79784
109	11	0.79831
110	11	0.78103
112	11	0.92103
114	11	0.78035
115	11	0.8828
118	11	0.83954
119	11	0.79855
124	11	0.90712
127	11	0.86661
128	11	0.84521
129	11	0.81447
132	11	0.81417
135	11	0.86656
137	11	0.8304
139	11	0.81877
140	11	0.87868
141	11	0.83591
145	11	0.93516
146	11	0.87515
147	11	0.80627
150	11	0.80492
3	12	0.94621
4	12	0.98689
5	12	0.96865
7	12	0.99338
8	12	0.9371
9	12	0.95997
10	12	0.9131
13	12	0.96812
14	12	0.98568
16	12	0.90624
17	12	0.97268
20	12	0.97363
22	12	0.90264
24	12	0.97907
26	12	0.94835
29	12	0.94874
30	12	0.97157
32	12	0.94868
33	12	0.95797
35	12	0.95053
37	12	0.97134
41	12	0.98919
45	12	0.98429
47	12	0.92337
48	12	0.96356
49	12	0.94997
56	12	0.95979
60	12	0.93845
62	12	0.94695
73	12	0.97668
80	12	0.98683
81	12	0.96774
83	12	0.9413
93	12	0.95389
95	12	0.98875
96	12	0.9796
97	12	0.97571
98	12	0.9545
99	12	0.95809
101	12	0.99398
103	12	0.96684
106	12	0.98956
110	12	0.9687
111	12	0.985
113	12	0.95456
114	12	0.97458
116	12	0.97044
126	12	0.97923
130	12	0.95587
132	12	0.95913
134	12	0.94269
141	12	0.96275
143	12	0.95577
144	12	0.95079
148	12	0.96879
2	13	0.9703
3	13	0.92326
4	13	0.96494
5	13	0.91353
6	13	0.9605
7	13	0.97488
8	13	0.90719
9	13	0.96999
10	13	0.95203
11	13	0.79004
12	13	0.96812
14	13	0.98116
16	13	0.93833
17	13	0.90622
18	13	0.97455
20	13	0.98718
21	13	0.93033
22	13	0.92916
24	13	0.97861
25	13	0.9635
26	13	0.95795
28	13	0.96989
29	13	0.88703
30	13	0.98166
31	13	0.96208
32	13	0.98152
33	13	0.9842
35	13	0.95439
37	13	0.96536
40	13	0.93059
41	13	0.96468
43	13	0.96981
45	13	0.97227
46	13	0.9601
47	13	0.91748
48	13	0.96832
49	13	0.98024
52	13	0.96323
56	13	0.9285
57	13	0.93238
62	13	0.97031
63	13	0.98355
67	13	0.96047
73	13	0.98466
80	13	0.9625
81	13	0.95344
84	13	0.96613
85	13	0.98125
93	13	0.93204
95	13	0.97918
96	13	0.96458
97	13	0.95641
98	13	0.97553
99	13	0.97913
101	13	0.96277
102	13	0.95802
103	13	0.91319
106	13	0.9695
107	13	0.9631
109	13	0.97186
110	13	0.97102
111	13	0.95584
113	13	0.96837
114	13	0.98111
116	13	0.97614
126	13	0.97715
128	13	0.9561
130	13	0.9735
131	13	0.96254
132	13	0.97516
134	13	0.97431
139	13	0.96413
141	13	0.97259
143	13	0.93223
144	13	0.91963
146	13	0.96727
148	13	0.90667
3	14	0.94428
4	14	0.9858
5	14	0.93368
7	14	0.98196
8	14	0.93497
9	14	0.96848
10	14	0.93083
12	14	0.98568
13	14	0.98116
16	14	0.93996
17	14	0.93639
20	14	0.98079
22	14	0.93633
24	14	0.98833
26	14	0.96162
28	14	0.96516
29	14	0.91922
30	14	0.98613
31	14	0.95658
32	14	0.96635
33	14	0.96464
37	14	0.96238
41	14	0.98206
43	14	0.95159
45	14	0.98658
47	14	0.92543
48	14	0.98463
49	14	0.96971
56	14	0.92701
62	14	0.95564
63	14	0.95251
67	14	0.95936
73	14	0.98032
80	14	0.96784
81	14	0.95065
83	14	0.95323
85	14	0.95895
93	14	0.94107
94	14	0.95071
95	14	0.98938
96	14	0.96358
97	14	0.98252
98	14	0.96919
99	14	0.96825
101	14	0.98327
103	14	0.93406
106	14	0.98338
109	14	0.95547
110	14	0.97738
111	14	0.97809
113	14	0.96237
114	14	0.98363
116	14	0.96674
126	14	0.98178
130	14	0.97259
131	14	0.95281
132	14	0.96779
134	14	0.95545
139	14	0.95636
141	14	0.97729
143	14	0.95548
144	14	0.9141
146	14	0.94956
148	14	0.93678
2	15	0.96726
6	15	0.96584
18	15	0.9512
19	15	0.97169
20	15	0.95335
23	15	0.98071
25	15	0.97446
27	15	0.98151
31	15	0.9697
34	15	0.9304
36	15	0.96487
38	15	0.98204
42	15	0.97377
46	15	0.95876
51	15	0.96512
52	15	0.9607
53	15	0.93791
54	15	0.97408
55	15	0.97645
59	15	0.95968
61	15	0.97253
62	15	0.96737
63	15	0.96171
64	15	0.97969
66	15	0.95924
68	15	0.96079
69	15	0.94465
71	15	0.95328
74	15	0.96115
75	15	0.97245
76	15	0.95465
79	15	0.96452
82	15	0.96742
85	15	0.95492
86	15	0.94696
87	15	0.96678
88	15	0.95002
90	15	0.93631
91	15	0.96396
92	15	0.9592
94	15	0.95423
99	15	0.95645
100	15	0.96738
104	15	0.95952
107	15	0.97437
108	15	0.97231
109	15	0.96435
117	15	0.96216
118	15	0.94405
119	15	0.93411
120	15	0.9583
121	15	0.95561
123	15	0.97526
125	15	0.9531
135	15	0.93801
138	15	0.96668
139	15	0.957
142	15	0.96507
147	15	0.95779
150	15	0.96211
3	16	0.9018
4	16	0.92429
7	16	0.92032
8	16	0.87918
9	16	0.91843
10	16	0.8863
12	16	0.90624
13	16	0.93833
14	16	0.93996
18	16	0.94603
20	16	0.90661
22	16	0.95986
24	16	0.93457
26	16	0.95407
28	16	0.9187
29	16	0.8806
30	16	0.90423
31	16	0.87942
32	16	0.9101
33	16	0.92715
37	16	0.9288
41	16	0.91168
45	16	0.89672
46	16	0.92071
47	16	0.93746
48	16	0.91887
49	16	0.89152
63	16	0.89422
67	16	0.90614
73	16	0.92301
80	16	0.90813
85	16	0.92108
93	16	0.914
94	16	0.88135
95	16	0.92539
96	16	0.89588
97	16	0.94445
98	16	0.89055
99	16	0.88873
101	16	0.91715
103	16	0.87973
106	16	0.89443
111	16	0.89294
114	16	0.89507
126	16	0.88441
128	16	0.90266
130	16	0.87979
134	16	0.92198
141	16	0.90384
143	16	0.90958
146	16	0.90714
3	17	0.94717
4	17	0.96862
5	17	0.98659
7	17	0.96425
8	17	0.93715
9	17	0.90062
12	17	0.97268
13	17	0.90622
14	17	0.93639
20	17	0.90187
21	17	0.86828
24	17	0.92757
26	17	0.90283
29	17	0.97744
30	17	0.89869
33	17	0.89974
35	17	0.89354
37	17	0.93309
41	17	0.9514
45	17	0.92468
47	17	0.89981
48	17	0.88603
49	17	0.86681
56	17	0.96476
73	17	0.93321
80	17	0.96151
81	17	0.93111
93	17	0.94074
95	17	0.94167
96	17	0.94647
97	17	0.93943
98	17	0.86859
99	17	0.87442
101	17	0.97526
102	17	0.86764
103	17	0.97175
106	17	0.94541
110	17	0.8915
111	17	0.95019
113	17	0.87042
114	17	0.89948
116	17	0.90464
126	17	0.91746
130	17	0.8693
132	17	0.88034
134	17	0.86649
141	17	0.89312
143	17	0.92525
144	17	0.94239
148	17	0.98498
2	18	0.9545
6	18	0.94752
9	18	0.94348
10	18	0.90854
13	18	0.97455
15	18	0.9512
16	18	0.94603
19	18	0.94806
20	18	0.96087
21	18	0.9406
22	18	0.92589
24	18	0.94972
25	18	0.9583
26	18	0.95488
28	18	0.95543
30	18	0.94762
31	18	0.9561
32	18	0.96753
33	18	0.97651
36	18	0.9457
37	18	0.95932
38	18	0.96145
42	18	0.95435
46	18	0.97884
47	18	0.92687
48	18	0.94721
49	18	0.94443
54	18	0.96157
62	18	0.95415
63	18	0.97034
64	18	0.94981
78	18	0.95026
79	18	0.94787
82	18	0.94643
84	18	0.96797
85	18	0.96496
93	18	0.91433
94	18	0.94714
95	18	0.94682
98	18	0.95625
99	18	0.95699
100	18	0.95794
107	18	0.95283
108	18	0.94928
109	18	0.9517
113	18	0.94864
114	18	0.94573
123	18	0.94359
128	18	0.95869
130	18	0.94342
131	18	0.95404
132	18	0.94815
134	18	0.97573
141	18	0.9448
143	18	0.90292
146	18	0.95986
2	19	0.9774
9	19	0.9569
15	19	0.97169
18	19	0.94806
20	19	0.97667
21	19	0.96911
22	19	0.88926
23	19	0.96567
24	19	0.94873
25	19	0.98063
27	19	0.96899
30	19	0.95976
31	19	0.99098
32	19	0.96395
33	19	0.96517
35	19	0.95303
36	19	0.98666
38	19	0.97292
40	19	0.96516
45	19	0.96228
46	19	0.97534
48	19	0.96958
52	19	0.97234
53	19	0.93867
54	19	0.96193
55	19	0.9744
58	19	0.96144
60	19	0.9738
61	19	0.96241
62	19	0.97975
64	19	0.96085
69	19	0.94496
74	19	0.98227
76	19	0.96825
78	19	0.95919
79	19	0.963
82	19	0.96744
83	19	0.95353
84	19	0.97033
94	19	0.96619
98	19	0.97548
99	19	0.9766
100	19	0.97353
102	19	0.95024
107	19	0.96187
108	19	0.96727
109	19	0.96639
110	19	0.95953
113	19	0.97751
114	19	0.96514
116	19	0.96653
117	19	0.96046
120	19	0.96356
123	19	0.96673
126	19	0.96177
130	19	0.97223
131	19	0.98018
132	19	0.96174
133	19	0.95682
134	19	0.96567
136	19	0.95938
2	20	0.98683
3	20	0.89428
4	20	0.95213
5	20	0.91878
7	20	0.97703
8	20	0.8798
9	20	0.9734
10	20	0.91403
12	20	0.97363
13	20	0.98718
14	20	0.98079
15	20	0.95335
16	20	0.90661
17	20	0.90187
18	20	0.96087
19	20	0.97667
21	20	0.95116
22	20	0.90922
24	20	0.98214
25	20	0.97944
26	20	0.94675
28	20	0.96889
29	20	0.88711
30	20	0.99005
31	20	0.98319
32	20	0.98781
33	20	0.97968
35	20	0.9747
36	20	0.97597
37	20	0.96474
40	20	0.95687
41	20	0.97656
43	20	0.96917
45	20	0.99018
46	20	0.96643
47	20	0.91633
48	20	0.9829
49	20	0.98494
52	20	0.97872
56	20	0.93259
58	20	0.95408
60	20	0.97891
62	20	0.98826
63	20	0.97882
67	20	0.95005
73	20	0.9788
74	20	0.97423
76	20	0.96605
78	20	0.96055
79	20	0.96971
80	20	0.9709
81	20	0.97093
82	20	0.96962
83	20	0.96926
84	20	0.97511
85	20	0.9692
93	20	0.94131
94	20	0.96925
95	20	0.98846
96	20	0.97782
97	20	0.96344
98	20	0.98916
99	20	0.99358
101	20	0.96588
102	20	0.96121
103	20	0.91677
106	20	0.98472
109	20	0.9778
110	20	0.98427
111	20	0.96629
113	20	0.98923
114	20	0.99186
116	20	0.99358
117	20	0.96941
120	20	0.96585
126	20	0.989
130	20	0.98884
131	20	0.97601
132	20	0.97995
134	20	0.9787
139	20	0.96671
141	20	0.96869
143	20	0.92211
144	20	0.93425
146	20	0.94769
148	20	0.9165
2	21	0.94563
5	21	0.91712
7	21	0.93971
9	21	0.9376
13	21	0.93033
17	21	0.86828
18	21	0.9406
19	21	0.96911
20	21	0.95116
22	21	0.89276
23	21	0.92843
24	21	0.92716
25	21	0.92538
29	21	0.89423
31	21	0.94411
32	21	0.92921
33	21	0.9686
35	21	0.95987
36	21	0.94491
37	21	0.95943
38	21	0.93086
40	21	0.98039
41	21	0.93133
45	21	0.93581
46	21	0.95901
47	21	0.92709
48	21	0.93184
52	21	0.94495
53	21	0.92886
56	21	0.9378
60	21	0.96581
62	21	0.95047
73	21	0.92536
74	21	0.96568
76	21	0.94212
78	21	0.94332
80	21	0.943
81	21	0.95764
82	21	0.92772
84	21	0.9663
93	21	0.95226
95	21	0.94862
96	21	0.96384
98	21	0.93564
99	21	0.94131
100	21	0.94209
102	21	0.93375
103	21	0.92124
106	21	0.93384
113	21	0.94172
116	21	0.94861
126	21	0.93586
131	21	0.95061
134	21	0.95464
144	21	0.95281
148	21	0.9001
3	22	0.9144
4	22	0.92166
7	22	0.90741
8	22	0.90037
9	22	0.94698
10	22	0.89618
12	22	0.90264
13	22	0.92916
14	22	0.93633
16	22	0.95986
18	22	0.92589
19	22	0.88926
20	22	0.90922
21	22	0.89276
24	22	0.92714
26	22	0.95013
28	22	0.92898
29	22	0.89039
30	22	0.89214
31	22	0.88908
32	22	0.89414
33	22	0.931
36	22	0.89255
37	22	0.91214
41	22	0.89022
45	22	0.90178
46	22	0.92504
47	22	0.89474
48	22	0.91803
63	22	0.89515
67	22	0.90993
73	22	0.92863
80	22	0.89389
85	22	0.93621
93	22	0.90318
95	22	0.91714
96	22	0.89381
97	22	0.91939
98	22	0.89008
101	22	0.91176
106	22	0.89029
114	22	0.89599
126	22	0.88921
128	22	0.90236
131	22	0.88728
132	22	0.88947
134	22	0.89867
141	22	0.90761
143	22	0.89959
146	22	0.90448
2	23	0.96852
15	23	0.98071
19	23	0.96567
21	23	0.92843
25	23	0.96793
27	23	0.98574
31	23	0.96266
36	23	0.95632
38	23	0.98533
40	23	0.93465
42	23	0.97373
44	23	0.94514
46	23	0.94879
52	23	0.95591
53	23	0.97172
54	23	0.96955
55	23	0.97923
60	23	0.95603
61	23	0.97199
62	23	0.9651
63	23	0.95302
64	23	0.97558
68	23	0.96935
69	23	0.97538
71	23	0.9526
74	23	0.9668
75	23	0.98347
76	23	0.97366
77	23	0.97067
78	23	0.97041
79	23	0.97243
82	23	0.98081
84	23	0.95593
86	23	0.964
87	23	0.95159
88	23	0.96894
91	23	0.96649
92	23	0.9533
100	23	0.97812
104	23	0.9766
107	23	0.96576
108	23	0.96942
109	23	0.9545
117	23	0.96363
120	23	0.96098
121	23	0.95513
122	23	0.95616
123	23	0.98154
129	23	0.9546
131	23	0.95476
133	23	0.96532
138	23	0.98284
142	23	0.9623
150	23	0.95723
3	24	0.9115
4	24	0.9734
5	24	0.93142
7	24	0.97865
8	24	0.90314
9	24	0.96732
10	24	0.91748
12	24	0.97907
13	24	0.97861
14	24	0.98833
16	24	0.93457
17	24	0.92757
18	24	0.94972
19	24	0.94873
20	24	0.98214
21	24	0.92716
22	24	0.92714
25	24	0.95367
26	24	0.95946
28	24	0.96211
29	24	0.90927
30	24	0.9799
31	24	0.95953
32	24	0.97361
33	24	0.95957
37	24	0.96189
41	24	0.985
45	24	0.98256
46	24	0.9531
47	24	0.93675
48	24	0.97906
49	24	0.96536
56	24	0.93682
62	24	0.95179
63	24	0.94625
73	24	0.96821
80	24	0.975
81	24	0.95634
83	24	0.95703
85	24	0.95716
93	24	0.94969
94	24	0.94871
95	24	0.98527
96	24	0.9691
97	24	0.98362
98	24	0.97087
99	24	0.97213
101	24	0.97731
103	24	0.93354
106	24	0.97706
110	24	0.96813
111	24	0.9749
113	24	0.96387
114	24	0.9732
116	24	0.96504
126	24	0.9685
130	24	0.9718
131	24	0.95157
132	24	0.95439
134	24	0.96955
139	24	0.94724
141	24	0.95988
143	24	0.94419
144	24	0.91038
148	24	0.93344
2	25	0.98249
6	25	0.97399
9	25	0.947
13	25	0.9635
15	25	0.97446
18	25	0.9583
19	25	0.98063
20	25	0.97944
21	25	0.92538
23	25	0.96793
24	25	0.95367
27	25	0.98592
28	25	0.97453
30	25	0.97126
31	25	0.99274
32	25	0.98669
35	25	0.94247
36	25	0.98589
38	25	0.98393
39	25	0.94761
40	25	0.9377
42	25	0.97343
43	25	0.96661
44	25	0.93064
45	25	0.96237
46	25	0.97316
48	25	0.97138
49	25	0.97456
51	25	0.9626
52	25	0.97064
53	25	0.9316
54	25	0.98826
55	25	0.98063
58	25	0.97409
59	25	0.95869
60	25	0.9663
61	25	0.98485
62	25	0.98001
63	25	0.97972
64	25	0.98155
66	25	0.95657
67	25	0.95889
68	25	0.96616
69	25	0.94932
70	25	0.96747
71	25	0.96526
72	25	0.95309
74	25	0.97497
75	25	0.97359
76	25	0.96967
77	25	0.95658
78	25	0.96929
79	25	0.98876
82	25	0.98232
83	25	0.964
84	25	0.96911
85	25	0.97203
87	25	0.97906
88	25	0.95689
89	25	0.96108
90	25	0.95492
91	25	0.97086
92	25	0.9746
94	25	0.98526
98	25	0.98531
99	25	0.98511
100	25	0.97802
102	25	0.95008
104	25	0.9622
107	25	0.98199
108	25	0.9865
109	25	0.9849
110	25	0.97266
113	25	0.98266
114	25	0.97421
116	25	0.96871
117	25	0.97745
118	25	0.94104
120	25	0.98541
121	25	0.93086
122	25	0.96679
123	25	0.98722
125	25	0.95926
127	25	0.95268
128	25	0.96111
130	25	0.98347
131	25	0.97818
132	25	0.97088
133	25	0.97214
134	25	0.97189
136	25	0.97864
138	25	0.97077
139	25	0.97293
142	25	0.95962
147	25	0.96115
150	25	0.97345
2	26	0.92045
3	26	0.91559
4	26	0.95116
5	26	0.90055
7	26	0.94841
8	26	0.90601
9	26	0.95846
10	26	0.90683
12	26	0.94835
13	26	0.95795
14	26	0.96162
16	26	0.95407
17	26	0.90283
18	26	0.95488
20	26	0.94675
22	26	0.95013
24	26	0.95946
28	26	0.9565
29	26	0.90533
30	26	0.93264
31	26	0.92261
32	26	0.9305
33	26	0.95233
37	26	0.95572
41	26	0.93887
45	26	0.93763
46	26	0.93087
47	26	0.9143
48	26	0.9414
63	26	0.92954
67	26	0.93118
73	26	0.94387
80	26	0.9439
83	26	0.91674
85	26	0.94249
93	26	0.91543
95	26	0.95043
96	26	0.92655
97	26	0.9436
98	26	0.93522
99	26	0.93169
101	26	0.94606
103	26	0.91935
106	26	0.9366
109	26	0.91788
110	26	0.92883
111	26	0.93596
113	26	0.92666
114	26	0.94213
116	26	0.92449
126	26	0.9386
130	26	0.92511
131	26	0.92087
132	26	0.93402
134	26	0.92884
141	26	0.95067
143	26	0.9456
146	26	0.93766
148	26	0.90058
2	27	0.97756
6	27	0.96733
15	27	0.98151
19	27	0.96899
23	27	0.98574
25	27	0.98592
31	27	0.97888
34	27	0.93806
36	27	0.97169
38	27	0.9848
42	27	0.9742
44	27	0.94636
49	27	0.95953
51	27	0.9636
52	27	0.96436
53	27	0.94842
54	27	0.98604
55	27	0.98413
58	27	0.96085
59	27	0.96631
60	27	0.95751
61	27	0.98856
62	27	0.97639
63	27	0.96743
64	27	0.9876
65	27	0.94584
66	27	0.96236
68	27	0.98686
69	27	0.96651
70	27	0.96182
71	27	0.97852
74	27	0.97013
75	27	0.98954
76	27	0.97652
77	27	0.96234
78	27	0.96909
79	27	0.98824
82	27	0.98862
86	27	0.96925
87	27	0.97987
88	27	0.96504
89	27	0.96344
90	27	0.9643
91	27	0.98035
92	27	0.97964
94	27	0.96965
99	27	0.96934
100	27	0.97927
104	27	0.98676
107	27	0.981
108	27	0.98654
109	27	0.97737
113	27	0.96856
117	27	0.98287
118	27	0.94153
119	27	0.93464
120	27	0.9808
121	27	0.95675
122	27	0.97256
123	27	0.99485
125	27	0.97134
129	27	0.96641
130	27	0.96643
133	27	0.97486
135	27	0.94032
136	27	0.97514
137	27	0.95434
138	27	0.99323
142	27	0.98205
147	27	0.96825
150	27	0.9725
2	28	0.95713
3	28	0.88599
4	28	0.92898
6	28	0.97596
8	28	0.88332
9	28	0.96793
10	28	0.9356
11	28	0.82817
13	28	0.96989
14	28	0.96516
16	28	0.9187
18	28	0.95543
20	28	0.96889
22	28	0.92898
24	28	0.96211
25	28	0.97453
26	28	0.9565
30	28	0.96437
31	28	0.97362
32	28	0.96798
36	28	0.96599
39	28	0.96259
43	28	0.96327
45	28	0.95768
46	28	0.95698
48	28	0.9725
49	28	0.9638
50	28	0.77768
51	28	0.95994
54	28	0.96886
57	28	0.92352
58	28	0.95177
61	28	0.95889
63	28	0.97092
64	28	0.95991
65	28	0.94639
66	28	0.96044
67	28	0.98572
70	28	0.96401
72	28	0.97107
73	28	0.9485
85	28	0.98669
87	28	0.96666
94	28	0.96468
98	28	0.97343
99	28	0.96613
105	28	0.86712
107	28	0.96649
108	28	0.96487
109	28	0.97567
110	28	0.97009
112	28	0.9231
113	28	0.95906
114	28	0.9734
115	28	0.91178
118	28	0.94408
124	28	0.8739
127	28	0.9597
128	28	0.97129
130	28	0.97221
131	28	0.95737
132	28	0.97057
136	28	0.95884
139	28	0.97405
140	28	0.94003
141	28	0.97306
143	28	0.92386
145	28	0.91
146	28	0.97097
147	28	0.95723
150	28	0.96239
3	29	0.92802
4	29	0.94186
5	29	0.98669
7	29	0.94838
8	29	0.90787
9	29	0.90642
12	29	0.94874
13	29	0.88703
14	29	0.91922
16	29	0.8806
17	29	0.97744
20	29	0.88711
21	29	0.89423
22	29	0.89039
24	29	0.90927
26	29	0.90533
30	29	0.86842
33	29	0.904
35	29	0.89862
37	29	0.93714
40	29	0.87548
41	29	0.93209
45	29	0.9044
47	29	0.92407
48	29	0.87659
56	29	0.96495
60	29	0.8617
73	29	0.91848
80	29	0.95161
81	29	0.92801
84	29	0.8527
93	29	0.96272
95	29	0.93392
96	29	0.94306
97	29	0.93664
99	29	0.85572
101	29	0.95638
103	29	0.96978
106	29	0.92356
110	29	0.85435
111	29	0.92617
113	29	0.85007
114	29	0.87003
116	29	0.88394
126	29	0.89344
134	29	0.8624
141	29	0.86493
143	29	0.90474
144	29	0.94628
148	29	0.98271
2	30	0.97276
3	30	0.89651
4	30	0.95855
5	30	0.90477
6	30	0.96235
7	30	0.97145
8	30	0.88589
9	30	0.95149
10	30	0.91797
12	30	0.97157
13	30	0.98166
14	30	0.98613
16	30	0.90423
17	30	0.89869
18	30	0.94762
19	30	0.95976
20	30	0.99005
22	30	0.89214
24	30	0.9799
25	30	0.97126
26	30	0.93264
28	30	0.96437
29	30	0.86842
31	30	0.97747
32	30	0.98629
33	30	0.96266
35	30	0.95005
36	30	0.96292
37	30	0.95292
41	30	0.97841
43	30	0.9703
45	30	0.98835
47	30	0.90948
48	30	0.98604
49	30	0.98992
52	30	0.9651
56	30	0.91102
58	30	0.95905
60	30	0.95848
62	30	0.98284
63	30	0.97251
67	30	0.96213
70	30	0.96152
73	30	0.96898
76	30	0.95525
80	30	0.95885
81	30	0.9582
82	30	0.96252
83	30	0.97535
85	30	0.96063
93	30	0.9234
94	30	0.9774
95	30	0.9849
96	30	0.96237
97	30	0.96594
98	30	0.98628
99	30	0.98881
101	30	0.96297
102	30	0.94335
103	30	0.90934
106	30	0.98361
108	30	0.96537
109	30	0.98094
110	30	0.98983
111	30	0.97315
113	30	0.98394
114	30	0.99354
116	30	0.98335
117	30	0.97266
120	30	0.9653
126	30	0.9892
130	30	0.99173
131	30	0.97144
132	30	0.98
134	30	0.96991
136	30	0.96916
139	30	0.98014
141	30	0.97472
143	30	0.92598
144	30	0.90837
146	30	0.95397
148	30	0.90805
2	31	0.98321
6	31	0.96817
9	31	0.95339
13	31	0.96208
14	31	0.95658
15	31	0.9697
16	31	0.87942
18	31	0.9561
19	31	0.99098
20	31	0.98319
21	31	0.94411
22	31	0.88908
23	31	0.96266
24	31	0.95953
25	31	0.99274
26	31	0.92261
27	31	0.97888
28	31	0.97362
30	31	0.97747
32	31	0.98301
33	31	0.96296
35	31	0.94611
36	31	0.99008
38	31	0.97825
39	31	0.94793
40	31	0.94461
41	31	0.94715
42	31	0.96157
43	31	0.97049
45	31	0.97235
46	31	0.97412
48	31	0.98137
49	31	0.97221
51	31	0.95941
52	31	0.97216
53	31	0.92992
54	31	0.98113
55	31	0.97754
58	31	0.97646
60	31	0.96972
61	31	0.98086
62	31	0.98366
63	31	0.97336
64	31	0.97716
67	31	0.9615
68	31	0.9646
69	31	0.94411
70	31	0.96622
71	31	0.96392
74	31	0.97604
75	31	0.96548
76	31	0.96956
77	31	0.94975
78	31	0.96552
79	31	0.98094
82	31	0.97905
83	31	0.96872
84	31	0.968
85	31	0.96552
87	31	0.97424
88	31	0.95648
90	31	0.94716
91	31	0.96762
92	31	0.9678
94	31	0.98507
95	31	0.95981
97	31	0.93155
98	31	0.98986
99	31	0.98754
100	31	0.97806
102	31	0.95321
104	31	0.94668
106	31	0.95578
107	31	0.97629
108	31	0.98338
109	31	0.9843
110	31	0.97871
113	31	0.98752
114	31	0.98053
116	31	0.97257
117	31	0.97555
120	31	0.98107
122	31	0.9686
123	31	0.98263
125	31	0.95718
126	31	0.96976
128	31	0.9575
130	31	0.98829
131	31	0.98578
132	31	0.97817
133	31	0.97023
134	31	0.97369
136	31	0.97857
138	31	0.96132
139	31	0.97383
141	31	0.96239
146	31	0.95106
150	31	0.96161
2	32	0.97936
4	32	0.92672
6	32	0.96426
7	32	0.95956
9	32	0.94956
10	32	0.90879
12	32	0.94868
13	32	0.98152
14	32	0.96635
16	32	0.9101
18	32	0.96753
19	32	0.96395
20	32	0.98781
21	32	0.92921
22	32	0.89414
24	32	0.97361
25	32	0.98669
26	32	0.9305
28	32	0.96798
30	32	0.98629
31	32	0.98301
33	32	0.96559
35	32	0.95875
36	32	0.9712
37	32	0.94734
40	32	0.93766
41	32	0.96601
43	32	0.96398
45	32	0.97672
46	32	0.97101
47	32	0.91038
48	32	0.9773
49	32	0.98904
52	32	0.96304
54	32	0.97631
55	32	0.95936
56	32	0.90353
58	32	0.95892
60	32	0.97251
61	32	0.96853
62	32	0.98011
63	32	0.98195
64	32	0.96668
67	32	0.95615
73	32	0.96041
74	32	0.96714
76	32	0.96557
77	32	0.94464
78	32	0.96968
79	32	0.98069
80	32	0.95383
81	32	0.95161
82	32	0.98003
83	32	0.97715
84	32	0.97385
85	32	0.96806
92	32	0.95568
93	32	0.92032
94	32	0.98028
95	32	0.97144
96	32	0.95915
97	32	0.95147
98	32	0.99181
99	32	0.99194
100	32	0.96458
101	32	0.94334
102	32	0.95084
106	32	0.96808
107	32	0.96883
108	32	0.9726
109	32	0.98132
110	32	0.97857
111	32	0.94657
113	32	0.9866
114	32	0.98112
116	32	0.98103
117	32	0.97683
120	32	0.98309
122	32	0.95854
123	32	0.97487
126	32	0.97048
128	32	0.95797
130	32	0.98917
131	32	0.97949
132	32	0.9727
133	32	0.9669
134	32	0.98566
136	32	0.97388
139	32	0.96783
141	32	0.95317
143	32	0.90079
2	33	0.97207
3	33	0.91098
4	33	0.94529
5	33	0.92429
7	33	0.97315
8	33	0.89076
9	33	0.9703
10	33	0.91629
12	33	0.95797
13	33	0.9842
14	33	0.96464
16	33	0.92715
17	33	0.89974
18	33	0.97651
19	33	0.96517
20	33	0.97968
21	33	0.9686
22	33	0.931
24	33	0.95957
26	33	0.95233
29	33	0.904
30	33	0.96266
31	33	0.96296
32	33	0.96559
35	33	0.96866
36	33	0.95641
37	33	0.98312
40	33	0.96382
41	33	0.95535
43	33	0.95934
45	33	0.96174
46	33	0.96877
47	33	0.92841
48	33	0.95801
49	33	0.95649
52	33	0.972
53	33	0.93653
56	33	0.93913
57	33	0.91845
60	33	0.97122
62	33	0.9725
63	33	0.97544
73	33	0.97427
74	33	0.95809
78	33	0.95599
80	33	0.96312
81	33	0.96396
84	33	0.97697
85	33	0.96541
93	33	0.94651
95	33	0.97491
96	33	0.97158
97	33	0.94522
98	33	0.96791
99	33	0.97283
101	33	0.95303
102	33	0.96673
103	33	0.92939
106	33	0.96342
107	33	0.95616
109	33	0.95847
111	33	0.94377
113	33	0.96365
114	33	0.96732
116	33	0.97252
126	33	0.97095
130	33	0.9597
131	33	0.96887
132	33	0.96822
134	33	0.97633
141	33	0.96365
143	33	0.92646
144	33	0.94811
146	33	0.95587
148	33	0.91201
6	34	0.95545
11	34	0.86297
15	34	0.9304
27	34	0.93806
36	34	0.92721
38	34	0.94864
39	34	0.95717
42	34	0.93775
43	34	0.94356
44	34	0.93086
50	34	0.88225
51	34	0.95757
52	34	0.93471
54	34	0.94583
57	34	0.9496
59	34	0.94801
61	34	0.95157
63	34	0.93628
64	34	0.95351
65	34	0.96706
66	34	0.95765
69	34	0.93142
70	34	0.9393
71	34	0.94187
72	34	0.96011
75	34	0.93684
77	34	0.9285
79	34	0.94547
86	34	0.95016
87	34	0.94855
89	34	0.96049
91	34	0.94108
105	34	0.9386
107	34	0.96925
108	34	0.96221
109	34	0.94044
112	34	0.90002
115	34	0.93789
118	34	0.94012
119	34	0.9343
123	34	0.92684
124	34	0.91306
127	34	0.95725
129	34	0.97056
132	34	0.92923
135	34	0.97044
136	34	0.92969
137	34	0.96768
139	34	0.9289
142	34	0.95432
145	34	0.94572
146	34	0.93015
147	34	0.93811
149	34	0.74072
150	34	0.95191
2	35	0.96949
5	35	0.93143
7	35	0.96308
9	35	0.94501
12	35	0.95053
13	35	0.95439
17	35	0.89354
19	35	0.95303
20	35	0.9747
21	35	0.95987
25	35	0.94247
29	35	0.89862
30	35	0.95005
31	35	0.94611
32	35	0.95875
33	35	0.96866
37	35	0.96242
40	35	0.97927
41	35	0.96005
45	35	0.96118
46	35	0.94592
47	35	0.92804
49	35	0.94517
52	35	0.96554
53	35	0.9367
56	35	0.95357
60	35	0.99032
62	35	0.97315
63	35	0.9486
69	35	0.94423
73	35	0.95121
74	35	0.97242
76	35	0.9664
78	35	0.96075
80	35	0.96797
81	35	0.98398
82	35	0.95808
83	35	0.95058
84	35	0.97868
93	35	0.95733
95	35	0.9711
96	35	0.98466
97	35	0.93878
98	35	0.95784
99	35	0.9723
101	35	0.94219
102	35	0.95159
103	35	0.92682
106	35	0.96866
111	35	0.94462
113	35	0.96818
114	35	0.95393
116	35	0.98212
126	35	0.96325
130	35	0.95109
131	35	0.95609
134	35	0.96282
144	35	0.96721
148	35	0.92394
2	36	0.97836
9	36	0.95743
15	36	0.96487
18	36	0.9457
19	36	0.98666
20	36	0.97597
21	36	0.94491
22	36	0.89255
23	36	0.95632
25	36	0.98589
27	36	0.97169
28	36	0.96599
30	36	0.96292
31	36	0.99008
32	36	0.9712
33	36	0.95641
34	36	0.92721
38	36	0.97903
40	36	0.944
42	36	0.96211
43	36	0.96709
44	36	0.92902
45	36	0.9686
46	36	0.9722
48	36	0.97437
52	36	0.97739
53	36	0.93224
54	36	0.97102
55	36	0.96547
57	36	0.90761
58	36	0.97594
60	36	0.96307
61	36	0.97505
62	36	0.97464
63	36	0.9689
64	36	0.96709
67	36	0.95309
69	36	0.94641
70	36	0.96126
71	36	0.95614
74	36	0.97792
76	36	0.95964
77	36	0.94864
78	36	0.96204
79	36	0.97755
82	36	0.96506
84	36	0.96602
85	36	0.96559
87	36	0.97075
92	36	0.9571
94	36	0.9767
98	36	0.97716
99	36	0.97393
100	36	0.97268
102	36	0.95878
107	36	0.97751
108	36	0.98091
109	36	0.9738
110	36	0.97244
113	36	0.97418
114	36	0.97354
116	36	0.96737
120	36	0.96352
123	36	0.96947
126	36	0.95923
127	36	0.94919
130	36	0.97302
131	36	0.9734
132	36	0.97547
133	36	0.95815
134	36	0.95779
136	36	0.96758
3	37	0.91266
4	37	0.95507
5	37	0.9526
7	37	0.98245
8	37	0.89313
9	37	0.95456
12	37	0.97134
13	37	0.96536
14	37	0.96238
16	37	0.9288
17	37	0.93309
18	37	0.95932
20	37	0.96474
21	37	0.95943
22	37	0.91214
24	37	0.96189
26	37	0.95572
29	37	0.93714
30	37	0.95292
32	37	0.94734
33	37	0.98312
35	37	0.96242
40	37	0.94819
41	37	0.9718
45	37	0.95727
46	37	0.94401
47	37	0.95481
48	37	0.95094
56	37	0.95467
60	37	0.95431
62	37	0.9532
73	37	0.95694
80	37	0.98047
81	37	0.97357
84	37	0.95834
93	37	0.96361
95	37	0.97813
96	37	0.97602
97	37	0.96185
98	37	0.95125
99	37	0.95713
101	37	0.96432
103	37	0.97308
106	37	0.96569
111	37	0.96333
113	37	0.94877
114	37	0.95351
116	37	0.95797
126	37	0.9605
131	37	0.94647
132	37	0.94814
134	37	0.96835
141	37	0.95569
143	37	0.95005
144	37	0.95525
148	37	0.9456
2	38	0.97476
6	38	0.96987
15	38	0.98204
18	38	0.96145
19	38	0.97292
21	38	0.93086
23	38	0.98533
25	38	0.98393
27	38	0.9848
31	38	0.97825
34	38	0.94864
36	38	0.97903
40	38	0.93293
42	38	0.988
44	38	0.95742
46	38	0.96919
50	38	0.75414
51	38	0.97424
52	38	0.96763
53	38	0.96133
54	38	0.98899
55	38	0.97428
57	38	0.90879
58	38	0.95017
59	38	0.96008
61	38	0.9864
62	38	0.96965
63	38	0.97674
64	38	0.98777
65	38	0.95942
66	38	0.95652
68	38	0.96352
69	38	0.96853
70	38	0.95871
71	38	0.96364
74	38	0.96888
75	38	0.98109
76	38	0.96086
77	38	0.97294
78	38	0.97276
79	38	0.98373
82	38	0.97524
84	38	0.96705
85	38	0.96144
86	38	0.96626
87	38	0.97341
88	38	0.97468
89	38	0.96356
90	38	0.93876
91	38	0.97642
92	38	0.96141
94	38	0.96748
100	38	0.98486
102	38	0.95086
104	38	0.96692
107	38	0.98555
108	38	0.98804
109	38	0.97479
115	38	0.9078
118	38	0.9615
119	38	0.93332
120	38	0.96403
121	38	0.95275
122	38	0.96129
123	38	0.98367
125	38	0.96338
128	38	0.95783
129	38	0.96986
131	38	0.96823
133	38	0.9656
136	38	0.96561
137	38	0.95465
138	38	0.97668
142	38	0.96609
146	38	0.94927
147	38	0.96111
150	38	0.97737
6	39	0.9832
10	39	0.93022
11	39	0.88291
25	39	0.94761
28	39	0.96259
31	39	0.94793
34	39	0.95717
43	39	0.97475
44	39	0.93031
50	39	0.86084
51	39	0.97265
54	39	0.96643
57	39	0.94474
59	39	0.97495
61	39	0.96898
63	39	0.95313
64	39	0.96218
65	39	0.97879
66	39	0.97994
67	39	0.97965
70	39	0.98311
71	39	0.966
72	39	0.98859
79	39	0.94732
85	39	0.95627
86	39	0.94547
87	39	0.97361
89	39	0.98152
91	39	0.95835
94	39	0.95201
105	39	0.92961
107	39	0.97173
108	39	0.97051
109	39	0.96967
110	39	0.95373
112	39	0.96425
114	39	0.94986
115	39	0.96034
118	39	0.96274
119	39	0.94015
124	39	0.93285
125	39	0.9554
127	39	0.99064
128	39	0.96802
129	39	0.96388
130	39	0.94591
132	39	0.96603
135	39	0.97069
136	39	0.96408
137	39	0.97524
139	39	0.98098
140	39	0.97195
141	39	0.96224
142	39	0.95222
145	39	0.95942
146	39	0.9725
147	39	0.96978
149	39	0.79024
150	39	0.95994
2	40	0.95761
5	40	0.90915
7	40	0.93833
9	40	0.94043
13	40	0.93059
19	40	0.96516
20	40	0.95687
21	40	0.98039
23	40	0.93465
25	40	0.9377
29	40	0.87548
31	40	0.94461
32	40	0.93766
33	40	0.96382
35	40	0.97927
36	40	0.944
37	40	0.94819
38	40	0.93293
45	40	0.93803
46	40	0.94924
47	40	0.89827
52	40	0.95699
53	40	0.94014
56	40	0.93986
60	40	0.98569
62	40	0.95601
63	40	0.93663
69	40	0.94937
73	40	0.92843
74	40	0.97469
76	40	0.95322
78	40	0.96232
79	40	0.93008
80	40	0.94551
81	40	0.96282
82	40	0.94401
84	40	0.97422
93	40	0.93884
95	40	0.94438
96	40	0.96766
98	40	0.94456
99	40	0.95596
100	40	0.94391
102	40	0.94738
103	40	0.90254
106	40	0.93976
113	40	0.95149
116	40	0.96153
126	40	0.93755
130	40	0.93598
131	40	0.95421
133	40	0.93119
134	40	0.95619
144	40	0.9561
148	40	0.89642
3	41	0.90646
4	41	0.96967
5	41	0.95971
7	41	0.99105
8	41	0.89241
9	41	0.94519
12	41	0.98919
13	41	0.96468
14	41	0.98206
16	41	0.91168
17	41	0.9514
20	41	0.97656
21	41	0.93133
22	41	0.89022
24	41	0.985
26	41	0.93887
29	41	0.93209
30	41	0.97841
31	41	0.94715
32	41	0.96601
33	41	0.95535
35	41	0.96005
37	41	0.9718
45	41	0.98567
47	41	0.95088
48	41	0.97143
49	41	0.95911
56	41	0.95758
60	41	0.95301
62	41	0.95536
73	41	0.96477
80	41	0.98976
81	41	0.9797
83	41	0.96762
84	41	0.94543
93	41	0.96596
95	41	0.99233
96	41	0.98521
97	41	0.98718
98	41	0.96483
99	41	0.96938
101	41	0.98642
103	41	0.96389
106	41	0.99209
110	41	0.96579
111	41	0.98935
113	41	0.96727
114	41	0.97084
116	41	0.97334
126	41	0.97551
130	41	0.9658
131	41	0.95036
132	41	0.95056
134	41	0.96328
141	41	0.94766
143	41	0.93594
144	41	0.9456
148	41	0.9643
2	42	0.95725
6	42	0.96522
15	42	0.97377
18	42	0.95435
23	42	0.97373
25	42	0.97343
27	42	0.9742
31	42	0.96157
34	42	0.93775
36	42	0.96211
38	42	0.988
44	42	0.9701
46	42	0.95749
50	42	0.75082
51	42	0.97037
53	42	0.94733
54	42	0.9845
55	42	0.97036
59	42	0.96357
61	42	0.97912
63	42	0.96907
64	42	0.97404
65	42	0.95861
68	42	0.95686
69	42	0.95248
70	42	0.96245
71	42	0.96019
75	42	0.97952
77	42	0.96916
79	42	0.97137
82	42	0.96113
86	42	0.96582
87	42	0.9673
88	42	0.97499
89	42	0.9618
90	42	0.93914
91	42	0.97449
92	42	0.96215
94	42	0.96185
100	42	0.97373
104	42	0.96072
107	42	0.97531
108	42	0.97346
109	42	0.96246
115	42	0.92374
118	42	0.95642
119	42	0.94441
121	42	0.95743
122	42	0.95757
123	42	0.97552
125	42	0.96462
128	42	0.95749
129	42	0.9661
131	42	0.95699
136	42	0.95861
137	42	0.95086
138	42	0.9674
142	42	0.9736
145	42	0.89387
147	42	0.95812
150	42	0.98059
2	43	0.97407
3	43	0.87998
4	43	0.92588
6	43	0.97834
8	43	0.87578
10	43	0.94201
11	43	0.82747
13	43	0.96981
14	43	0.95159
20	43	0.96917
25	43	0.96661
28	43	0.96327
30	43	0.9703
31	43	0.97049
32	43	0.96398
33	43	0.95934
34	43	0.94356
36	43	0.96709
39	43	0.97475
49	43	0.97035
50	43	0.80213
51	43	0.96659
52	43	0.97122
53	43	0.9382
54	43	0.97482
57	43	0.95423
61	43	0.97466
62	43	0.97075
63	43	0.98336
64	43	0.97071
65	43	0.94959
66	43	0.96535
67	43	0.97022
69	43	0.94965
70	43	0.97683
72	43	0.97862
73	43	0.95265
77	43	0.94856
79	43	0.97229
85	43	0.96991
89	43	0.96562
94	43	0.96317
98	43	0.97335
99	43	0.96927
102	43	0.97592
105	43	0.88463
107	43	0.98505
108	43	0.98183
109	43	0.98871
110	43	0.97896
112	43	0.9109
113	43	0.97194
114	43	0.97835
115	43	0.91714
116	43	0.96717
117	43	0.96555
124	43	0.86593
126	43	0.97559
127	43	0.96688
128	43	0.96705
129	43	0.9604
130	43	0.97611
131	43	0.97409
132	43	0.98982
133	43	0.9627
135	43	0.9457
136	43	0.98588
137	43	0.96574
139	43	0.98123
140	43	0.95689
141	43	0.97341
145	43	0.90633
146	43	0.97373
147	43	0.96581
149	43	0.70496
6	44	0.93081
23	44	0.94514
25	44	0.93064
27	44	0.94636
34	44	0.93086
36	44	0.92902
38	44	0.95742
39	44	0.93031
42	44	0.9701
51	44	0.94425
53	44	0.92745
54	44	0.95209
55	44	0.94033
59	44	0.94526
61	44	0.96265
64	44	0.93885
65	44	0.94099
66	44	0.92701
68	44	0.95267
70	44	0.94217
71	44	0.96731
75	44	0.96042
77	44	0.96532
79	44	0.93689
86	44	0.97658
87	44	0.9473
88	44	0.96869
89	44	0.95769
90	44	0.93481
91	44	0.97157
92	44	0.94188
94	44	0.9408
100	44	0.94341
104	44	0.93198
107	44	0.94226
108	44	0.94784
115	44	0.92029
118	44	0.93281
119	44	0.93992
121	44	0.94588
122	44	0.94635
123	44	0.94995
124	44	0.86352
125	44	0.9651
127	44	0.9306
129	44	0.95824
136	44	0.93569
137	44	0.95773
138	44	0.95039
142	44	0.95439
147	44	0.93077
149	44	0.79727
150	44	0.95047
2	45	0.9695
3	45	0.90748
4	45	0.96094
5	45	0.93306
7	45	0.9815
8	45	0.8991
9	45	0.96602
12	45	0.98429
13	45	0.97227
14	45	0.98658
16	45	0.89672
17	45	0.92468
19	45	0.96228
20	45	0.99018
21	45	0.93581
22	45	0.90178
24	45	0.98256
25	45	0.96237
26	45	0.93763
28	45	0.95768
29	45	0.9044
30	45	0.98835
31	45	0.97235
32	45	0.97672
33	45	0.96174
35	45	0.96118
36	45	0.9686
37	45	0.95727
40	45	0.93803
41	45	0.98567
47	45	0.912
48	45	0.98914
49	45	0.97497
52	45	0.96384
56	45	0.93321
58	45	0.95854
60	45	0.96351
62	45	0.97349
63	45	0.95814
73	45	0.97522
74	45	0.95939
80	45	0.97467
81	45	0.96448
83	45	0.96757
93	45	0.94233
94	45	0.96375
95	45	0.99048
96	45	0.97719
97	45	0.97392
98	45	0.98114
99	45	0.98277
101	45	0.97845
102	45	0.94687
103	45	0.92843
106	45	0.99167
109	45	0.96224
110	45	0.98852
111	45	0.97252
113	45	0.98192
114	45	0.99078
116	45	0.98645
126	45	0.98781
130	45	0.98347
131	45	0.96621
132	45	0.97598
134	45	0.96174
141	45	0.96475
143	45	0.93102
144	45	0.93279
148	45	0.93435
2	46	0.95728
9	46	0.96162
13	46	0.9601
15	46	0.95876
16	46	0.92071
18	46	0.97884
19	46	0.97534
20	46	0.96643
21	46	0.95901
22	46	0.92504
23	46	0.94879
24	46	0.9531
25	46	0.97316
26	46	0.93087
28	46	0.95698
31	46	0.97412
32	46	0.97101
33	46	0.96877
35	46	0.94592
36	46	0.9722
37	46	0.94401
38	46	0.96919
40	46	0.94924
42	46	0.95749
47	46	0.92211
48	46	0.96177
52	46	0.9526
54	46	0.95668
55	46	0.95599
60	46	0.96028
61	46	0.94741
62	46	0.95747
63	46	0.95858
64	46	0.94782
74	46	0.96585
78	46	0.95376
79	46	0.95112
82	46	0.95344
84	46	0.97803
85	46	0.96881
93	46	0.92132
94	46	0.96273
95	46	0.94903
97	46	0.93258
98	46	0.96525
99	46	0.96498
