13	2	0.96892
14	2	0.9578
15	2	0.96386
16	2	0.9581
17	2	0.97269
18	2	0.94873
19	2	0.98733
20	2	0.98702
21	2	0.97069
23	2	0.97061
25	2	0.96914
26	2	0.98612
27	2	0.986
32	2	0.97938
33	2	0.94397
38	2	0.98229
44	2	0.95574
53	2	0.96391
58	2	0.96052
61	2	0.98526
63	2	0.97555
64	2	0.96703
65	2	0.97485
67	2	0.98359
68	2	0.97775
70	2	0.98741
71	2	0.97722
75	2	0.96496
77	2	0.95948
78	2	0.99116
81	2	0.97866
86	2	0.94158
91	2	0.98485
92	2	0.96403
95	2	0.95884
98	2	0.97996
99	2	0.9823
104	2	0.94079
106	2	0.98575
108	2	0.96153
109	2	0.97841
110	2	0.96474
111	2	0.938
112	2	0.93013
114	2	0.95326
117	2	0.98109
121	2	0.96993
123	2	0.9813
124	2	0.94875
126	2	0.93714
127	2	0.97225
130	2	0.9606
132	2	0.97931
133	2	0.9569
135	2	0.95122
138	2	0.96896
141	2	0.98689
142	2	0.96459
143	2	0.99407
147	2	0.95806
148	2	0.94688
4	3	0.88958
5	3	0.76654
7	3	0.79244
8	3	0.98276
10	3	0.84523
11	3	0.86171
22	3	0.80543
28	3	0.844
29	3	0.75794
33	3	0.75984
34	3	0.82439
36	3	0.89253
37	3	0.87997
40	3	0.74525
41	3	0.77197
42	3	0.85028
45	3	0.90114
46	3	0.79801
48	3	0.9078
49	3	0.82403
50	3	0.8719
52	3	0.86621
53	3	0.74374
55	3	0.81105
56	3	0.92297
57	3	0.86724
62	3	0.78981
73	3	0.86137
74	3	0.88402
76	3	0.87178
83	3	0.74484
84	3	0.79089
85	3	0.86282
87	3	0.77909
94	3	0.87494
96	3	0.89784
97	3	0.87982
100	3	0.85569
101	3	0.82343
102	3	0.77231
104	3	0.75764
113	3	0.84096
114	3	0.77192
120	3	0.76492
124	3	0.74914
128	3	0.92199
133	3	0.76116
134	3	0.88078
140	3	0.78557
144	3	0.88505
3	4	0.88958
5	4	0.96462
7	4	0.9708
8	4	0.9019
9	4	0.8827
10	4	0.95719
11	4	0.93116
12	4	0.94052
14	4	0.92477
22	4	0.74343
25	4	0.91657
28	4	0.99131
29	4	0.94257
33	4	0.93329
34	4	0.91013
36	4	0.95423
37	4	0.92849
40	4	0.9297
41	4	0.96571
42	4	0.9822
45	4	0.96345
46	4	0.97972
48	4	0.98277
49	4	0.97868
50	4	0.74108
52	4	0.92051
53	4	0.90653
55	4	0.95548
56	4	0.94557
57	4	0.90493
62	4	0.93283
73	4	0.80313
74	4	0.98863
75	4	0.91289
76	4	0.95993
80	4	0.92952
83	4	0.951
84	4	0.96328
85	4	0.97783
87	4	0.95293
93	4	0.93592
94	4	0.99401
96	4	0.9735
97	4	0.99006
100	4	0.97614
101	4	0.92794
102	4	0.90617
104	4	0.93719
113	4	0.98094
114	4	0.9326
116	4	0.94856
120	4	0.96617
124	4	0.92473
128	4	0.98427
133	4	0.9186
134	4	0.94716
140	4	0.90928
144	4	0.93994
3	5	0.76654
4	5	0.96462
7	5	0.9817
8	5	0.77059
9	5	0.9292
10	5	0.92048
11	5	0.89416
12	5	0.96857
14	5	0.93358
18	5	0.95988
22	5	0.69998
24	5	0.94727
25	5	0.92905
28	5	0.98676
29	5	0.97242
33	5	0.95693
34	5	0.92778
36	5	0.91252
37	5	0.89884
40	5	0.96687
41	5	0.99644
42	5	0.98284
45	5	0.93039
46	5	0.99514
48	5	0.94915
49	5	0.98863
52	5	0.905
54	5	0.92921
55	5	0.94001
56	5	0.91011
57	5	0.86647
58	5	0.93603
62	5	0.93533
74	5	0.96951
75	5	0.95117
76	5	0.93032
80	5	0.96609
83	5	0.98389
84	5	0.98766
85	5	0.96736
87	5	0.95654
92	5	0.931
93	5	0.97014
94	5	0.9782
96	5	0.94941
97	5	0.96765
100	5	0.97319
101	5	0.9317
102	5	0.94114
104	5	0.95979
113	5	0.98184
114	5	0.93636
116	5	0.99359
120	5	0.98859
128	5	0.94567
133	5	0.92477
134	5	0.92771
140	5	0.93337
144	5	0.89792
146	5	0.9707
148	5	0.93287
149	5	0.88687
13	6	0.98778
17	6	0.98292
26	6	0.96581
27	6	0.96668
30	6	0.9917
31	6	0.98636
32	6	0.96455
35	6	0.972
39	6	0.99953
43	6	0.97086
44	6	0.96052
47	6	0.98465
51	6	0.97161
59	6	0.9819
60	6	0.99202
61	6	0.96365
63	6	0.96407
65	6	0.97179
66	6	0.85668
67	6	0.9779
68	6	0.98271
69	6	0.95928
70	6	0.96671
71	6	0.97359
72	6	0.94609
79	6	0.98312
82	6	0.9601
86	6	0.94961
88	6	0.95383
89	6	0.98072
90	6	0.96679
95	6	0.99439
98	6	0.97262
103	6	0.9852
105	6	0.90389
106	6	0.96088
107	6	0.98349
108	6	0.99292
109	6	0.97213
110	6	0.99444
111	6	0.94019
115	6	0.98654
117	6	0.96783
118	6	0.91049
119	6	0.97088
121	6	0.9666
122	6	0.93908
123	6	0.97648
125	6	0.98614
127	6	0.98637
129	6	0.92559
130	6	0.97267
131	6	0.97585
136	6	0.99043
137	6	0.96375
138	6	0.96633
139	6	0.98659
141	6	0.96189
142	6	0.97402
145	6	0.99159
147	6	0.98502
149	6	0.91169
150	6	0.93298
3	7	0.79244
4	7	0.9708
5	7	0.9817
8	7	0.81082
9	7	0.87568
10	7	0.95525
11	7	0.87054
12	7	0.97769
14	7	0.96749
15	7	0.9337
18	7	0.97855
19	7	0.93621
22	7	0.74772
24	7	0.95514
25	7	0.96974
28	7	0.97353
29	7	0.98261
33	7	0.9805
34	7	0.88641
36	7	0.94435
37	7	0.91646
40	7	0.97533
41	7	0.97519
42	7	0.96609
45	7	0.90249
46	7	0.99265
48	7	0.93285
49	7	0.96835
50	7	0.7011
52	7	0.90459
53	7	0.96382
55	7	0.97922
56	7	0.90073
57	7	0.87285
58	7	0.95567
62	7	0.97969
73	7	0.79569
74	7	0.95722
75	7	0.97414
76	7	0.96643
80	7	0.96976
83	7	0.9901
84	7	0.99218
85	7	0.97328
87	7	0.98609
92	7	0.95249
93	7	0.98343
94	7	0.96781
96	7	0.95872
97	7	0.9852
100	7	0.97179
101	7	0.87068
102	7	0.94516
104	7	0.97662
113	7	0.99146
114	7	0.97696
116	7	0.96256
120	7	0.98822
124	7	0.96451
126	7	0.91963
128	7	0.94743
132	7	0.95804
133	7	0.9649
134	7	0.91839
140	7	0.89768
144	7	0.92463
146	7	0.96161
148	7	0.94176
3	8	0.98276
4	8	0.9019
5	8	0.77059
7	8	0.81082
10	8	0.88132
11	8	0.88028
14	8	0.75941
22	8	0.78964
28	8	0.85163
29	8	0.77073
33	8	0.77612
34	8	0.80455
36	8	0.90223
37	8	0.89259
41	8	0.77142
42	8	0.84509
45	8	0.89474
46	8	0.81116
48	8	0.90712
49	8	0.82066
50	8	0.87542
52	8	0.86704
53	8	0.77128
55	8	0.84245
56	8	0.91015
57	8	0.82962
62	8	0.80713
73	8	0.88856
74	8	0.88518
76	8	0.8791
84	8	0.80112
85	8	0.87186
87	8	0.79768
93	8	0.76377
94	8	0.87664
96	8	0.89697
97	8	0.89122
100	8	0.86234
101	8	0.80655
102	8	0.77279
104	8	0.77569
113	8	0.84711
114	8	0.79348
120	8	0.7795
124	8	0.79174
128	8	0.92244
133	8	0.78173
134	8	0.87647
140	8	0.77136
144	8	0.90826
4	9	0.8827
5	9	0.9292
7	9	0.87568
10	9	0.81625
11	9	0.9335
12	9	0.81909
18	9	0.83016
22	9	0.74433
24	9	0.83445
28	9	0.92247
29	9	0.8478
33	9	0.81883
34	9	0.92476
36	9	0.842
37	9	0.86955
40	9	0.84062
41	9	0.91702
42	9	0.90552
45	9	0.94257
46	9	0.91043
48	9	0.9291
49	9	0.93699
52	9	0.86588
55	9	0.80609
56	9	0.92093
57	9	0.82178
62	9	0.79955
74	9	0.90154
75	9	0.79183
76	9	0.80085
80	9	0.81699
83	9	0.87218
84	9	0.90315
85	9	0.89598
87	9	0.79686
93	9	0.90617
94	9	0.90911
96	9	0.91748
97	9	0.87868
100	9	0.9039
101	9	0.94301
102	9	0.93887
104	9	0.82609
113	9	0.88605
116	9	0.93741
120	9	0.86559
128	9	0.91164
134	9	0.95603
140	9	0.98466
144	9	0.85294
146	9	0.83225
3	10	0.84523
4	10	0.95719
5	10	0.92048
7	10	0.95525
8	10	0.88132
9	10	0.81625
11	10	0.88418
12	10	0.94438
14	10	0.93754
15	10	0.92433
18	10	0.90934
21	10	0.89317
22	10	0.71143
25	10	0.94228
28	10	0.94661
29	10	0.94407
33	10	0.9462
34	10	0.8791
36	10	0.94855
37	10	0.96105
38	10	0.89355
40	10	0.93392
41	10	0.90117
42	10	0.92396
45	10	0.89073
46	10	0.95203
48	10	0.92599
49	10	0.9038
50	10	0.75532
52	10	0.94067
53	10	0.94079
55	10	0.98823
56	10	0.89103
57	10	0.87558
58	10	0.91775
62	10	0.93923
73	10	0.89082
74	10	0.94476
75	10	0.92832
76	10	0.94151
80	10	0.93262
83	10	0.90722
84	10	0.95361
85	10	0.95723
87	10	0.95088
92	10	0.90508
93	10	0.94728
94	10	0.94316
96	10	0.92888
97	10	0.96744
100	10	0.96735
101	10	0.85112
102	10	0.89326
104	10	0.9597
113	10	0.95236
114	10	0.95676
120	10	0.94131
124	10	0.97773
128	10	0.93745
132	10	0.92404
133	10	0.94659
134	10	0.89047
140	10	0.81974
144	10	0.97818
3	11	0.86171
4	11	0.93116
5	11	0.89416
7	11	0.87054
8	11	0.88028
9	11	0.9335
10	11	0.88418
12	11	0.80913
22	11	0.72887
28	11	0.93632
29	11	0.82445
33	11	0.80145
34	11	0.89126
36	11	0.87689
37	11	0.90002
40	11	0.80415
41	11	0.88581
42	11	0.90381
45	11	0.97284
46	11	0.90266
48	11	0.96452
49	11	0.92192
50	11	0.66731
52	11	0.87772
55	11	0.84213
56	11	0.93574
57	11	0.86107
62	11	0.79385
74	11	0.92769
76	11	0.82611
80	11	0.80572
83	11	0.83782
84	11	0.87772
85	11	0.91198
87	11	0.80489
93	11	0.87446
94	11	0.93025
96	11	0.92744
97	11	0.90517
100	11	0.91122
101	11	0.9373
102	11	0.87835
104	11	0.81337
113	11	0.88338
114	11	0.78213
116	11	0.89954
120	11	0.85687
124	11	0.79856
128	11	0.94471
134	11	0.95721
140	11	0.93402
144	11	0.90638
4	12	0.94052
5	12	0.96857
7	12	0.97769
9	12	0.81909
10	12	0.94438
11	12	0.80913
14	12	0.98845
15	12	0.94467
18	12	0.97794
19	12	0.96473
20	12	0.96627
21	12	0.92407
24	12	0.94983
25	12	0.98523
28	12	0.95292
29	12	0.99074
32	12	0.95725
33	12	0.98647
34	12	0.87974
36	12	0.90139
37	12	0.88477
38	12	0.94956
40	12	0.98795
41	12	0.96169
42	12	0.95343
44	12	0.95894
45	12	0.85001
46	12	0.97667
48	12	0.89079
49	12	0.93515
52	12	0.89511
53	12	0.96567
54	12	0.96773
55	12	0.97358
56	12	0.8397
57	12	0.83581
58	12	0.99229
62	12	0.95856
63	12	0.9539
66	12	0.85363
74	12	0.94208
75	12	0.99184
76	12	0.94361
80	12	0.99569
83	12	0.97152
84	12	0.97773
85	12	0.94966
87	12	0.98926
91	12	0.96638
92	12	0.98878
93	12	0.95492
94	12	0.94619
96	12	0.89922
97	12	0.95549
99	12	0.94638
100	12	0.95969
101	12	0.85519
102	12	0.88731
104	12	0.9917
111	12	0.96535
112	12	0.96956
113	12	0.97076
114	12	0.98087
116	12	0.94757
120	12	0.99261
124	12	0.9701
126	12	0.90475
128	12	0.89751
130	12	0.94776
132	12	0.97327
133	12	0.97754
134	12	0.84183
140	12	0.82135
141	12	0.9531
144	12	0.89245
146	12	0.98231
148	12	0.96967
149	12	0.92094
2	13	0.96892
6	13	0.98778
16	13	0.93615
17	13	0.98553
19	13	0.97378
20	13	0.97899
23	13	0.93588
26	13	0.98151
27	13	0.98458
30	13	0.9749
31	13	0.97134
32	13	0.98467
35	13	0.94856
38	13	0.95184
39	13	0.98968
43	13	0.97439
44	13	0.97471
47	13	0.98026
51	13	0.94142
54	13	0.93838
59	13	0.97035
60	13	0.97703
61	13	0.99112
63	13	0.98895
65	13	0.99154
66	13	0.85433
67	13	0.99504
68	13	0.9975
69	13	0.93217
70	13	0.99248
71	13	0.99323
72	13	0.92378
77	13	0.96236
78	13	0.98586
79	13	0.96457
81	13	0.98116
82	13	0.9659
86	13	0.96457
88	13	0.96051
89	13	0.96663
90	13	0.95588
91	13	0.97912
92	13	0.95302
95	13	0.99677
98	13	0.99027
99	13	0.97393
103	13	0.98081
105	13	0.86351
106	13	0.97751
107	13	0.97483
108	13	0.9956
109	13	0.98732
110	13	0.99517
111	13	0.95225
112	13	0.94403
115	13	0.95603
117	13	0.99328
118	13	0.86805
119	13	0.94376
121	13	0.98774
122	13	0.8995
123	13	0.99327
125	13	0.97371
127	13	0.99861
129	13	0.88386
130	13	0.98417
131	13	0.956
135	13	0.95638
136	13	0.97271
137	13	0.95776
138	13	0.98133
139	13	0.97864
141	13	0.9887
142	13	0.98863
143	13	0.95403
145	13	0.98334
147	13	0.99013
148	13	0.95433
149	13	0.90481
150	13	0.90139
2	14	0.9578
4	14	0.92477
5	14	0.93358
7	14	0.96749
8	14	0.75941
10	14	0.93754
12	14	0.98845
15	14	0.97013
16	14	0.92281
18	14	0.96967
19	14	0.98159
20	14	0.97362
21	14	0.95984
23	14	0.93816
24	14	0.92919
25	14	0.99752
28	14	0.92101
29	14	0.97839
32	14	0.96466
33	14	0.98483
36	14	0.89961
38	14	0.98077
40	14	0.97644
41	14	0.92981
42	14	0.92726
44	14	0.95842
46	14	0.95108
49	14	0.90223
52	14	0.86904
53	14	0.98671
54	14	0.95426
55	14	0.97608
58	14	0.9932
61	14	0.95489
62	14	0.97205
63	14	0.96832
64	14	0.94861
65	14	0.95467
70	14	0.96065
71	14	0.95841
73	14	0.78336
74	14	0.91548
75	14	0.99082
76	14	0.95774
78	14	0.96281
80	14	0.97842
83	14	0.95851
84	14	0.95648
85	14	0.92996
87	14	0.99502
91	14	0.98311
92	14	0.99295
93	14	0.92994
94	14	0.92026
97	14	0.94702
98	14	0.95529
100	14	0.93457
104	14	0.98275
111	14	0.95079
112	14	0.95431
113	14	0.95901
114	14	0.99165
116	14	0.90342
117	14	0.96284
120	14	0.97438
124	14	0.97659
126	14	0.94839
130	14	0.95165
132	14	0.99239
133	14	0.99097
141	14	0.96822
143	14	0.96312
144	14	0.87724
146	14	0.96014
148	14	0.96433
149	14	0.89023
2	15	0.96386
7	15	0.9337
10	15	0.92433
12	15	0.94467
14	15	0.97013
18	15	0.94954
19	15	0.96203
20	15	0.94467
21	15	0.99522
22	15	0.71805
23	15	0.97074
25	15	0.97718
27	15	0.92476
29	15	0.95629
32	15	0.92369
33	15	0.97666
36	15	0.90367
37	15	0.8874
38	15	0.98792
40	15	0.96095
50	15	0.74341
52	15	0.8845
53	15	0.99251
55	15	0.96496
58	15	0.94788
61	15	0.93961
62	15	0.97792
63	15	0.93021
64	15	0.989
65	15	0.91987
70	15	0.9374
71	15	0.92221
73	15	0.86629
75	15	0.96947
76	15	0.95331
78	15	0.95012
80	15	0.91908
81	15	0.94192
84	15	0.93231
87	15	0.96445
91	15	0.95502
92	15	0.95024
97	15	0.9217
98	15	0.92125
99	15	0.92871
104	15	0.96724
106	15	0.92429
113	15	0.93008
114	15	0.986
117	15	0.93389
124	15	0.96267
126	15	0.98228
132	15	0.98276
133	15	0.99095
141	15	0.94158
143	15	0.9763
144	15	0.89245
2	16	0.9581
13	16	0.93615
14	16	0.92281
17	16	0.93998
18	16	0.96138
19	16	0.9689
20	16	0.96034
23	16	0.94967
24	16	0.96947
25	16	0.94191
26	16	0.94474
27	16	0.96891
32	16	0.95592
38	16	0.93105
44	16	0.92517
47	16	0.9453
53	16	0.93576
58	16	0.92587
61	16	0.96522
63	16	0.94956
64	16	0.92621
65	16	0.96037
66	16	0.84522
67	16	0.95273
68	16	0.95386
70	16	0.96133
71	16	0.93806
75	16	0.94369
77	16	0.93431
78	16	0.97144
81	16	0.97377
91	16	0.94536
92	16	0.93194
98	16	0.95368
99	16	0.98118
106	16	0.9303
109	16	0.964
110	16	0.93173
114	16	0.92234
117	16	0.95419
123	16	0.94152
126	16	0.91566
127	16	0.93005
130	16	0.9356
132	16	0.95399
138	16	0.92429
141	16	0.95828
142	16	0.92144
143	16	0.93371
146	16	0.92443
147	16	0.92932
148	16	0.95402
2	17	0.97269
6	17	0.98292
13	17	0.98553
16	17	0.93998
20	17	0.96671
26	17	0.99552
27	17	0.98535
30	17	0.97897
31	17	0.98269
32	17	0.97109
35	17	0.97047
39	17	0.98207
43	17	0.98465
44	17	0.95159
47	17	0.98422
51	17	0.953
59	17	0.98651
60	17	0.988
61	17	0.97719
63	17	0.96521
65	17	0.9736
66	17	0.84254
67	17	0.98642
68	17	0.98618
69	17	0.95969
70	17	0.9792
71	17	0.97478
72	17	0.94777
77	17	0.96567
78	17	0.97484
79	17	0.97577
81	17	0.96542
82	17	0.97316
86	17	0.96988
88	17	0.97549
89	17	0.97693
90	17	0.96737
95	17	0.98794
98	17	0.97822
99	17	0.97189
103	17	0.99306
105	17	0.89508
106	17	0.98506
107	17	0.98817
108	17	0.99243
109	17	0.97905
110	17	0.99366
115	17	0.95953
117	17	0.97336
118	17	0.8981
119	17	0.9588
121	17	0.98162
122	17	0.92521
123	17	0.99239
125	17	0.97877
127	17	0.98825
129	17	0.91145
130	17	0.96415
131	17	0.9732
135	17	0.9622
136	17	0.98045
137	17	0.97517
138	17	0.98818
139	17	0.98877
141	17	0.97358
142	17	0.98602
143	17	0.9517
145	17	0.96867
147	17	0.97404
150	17	0.93155
2	18	0.94873
5	18	0.95988
7	18	0.97855
9	18	0.83016
10	18	0.90934
12	18	0.97794
14	18	0.96967
15	18	0.94954
16	18	0.96138
19	18	0.97303
20	18	0.96747
21	18	0.92852
23	18	0.92668
24	18	0.9839
25	18	0.97642
27	18	0.95265
28	18	0.92129
29	18	0.9825
32	18	0.95498
33	18	0.98422
34	18	0.84668
38	18	0.94913
40	18	0.98273
41	18	0.94892
42	18	0.92207
44	18	0.94141
46	18	0.96321
49	18	0.92122
53	18	0.96971
54	18	0.94798
55	18	0.95546
58	18	0.96961
61	18	0.95038
62	18	0.9728
63	18	0.95299
64	18	0.92722
65	18	0.95209
66	18	0.85432
75	18	0.99115
76	18	0.93143
78	18	0.95606
80	18	0.97234
81	18	0.95534
83	18	0.98072
84	18	0.97647
85	18	0.92959
87	18	0.97572
91	18	0.95768
92	18	0.97171
93	18	0.97373
94	18	0.91048
96	18	0.89803
97	18	0.93773
98	18	0.95016
99	18	0.97033
100	18	0.93311
101	18	0.80194
102	18	0.92721
104	18	0.9768
109	18	0.95245
111	18	0.9475
112	18	0.94422
113	18	0.9604
114	18	0.97474
116	18	0.93939
120	18	0.9724
124	18	0.95368
126	18	0.92869
132	18	0.97507
133	18	0.96847
134	18	0.84442
140	18	0.84119
141	18	0.95652
146	18	0.97807
148	18	0.97842
149	18	0.89383
2	19	0.98733
7	19	0.93621
12	19	0.96473
13	19	0.97378
14	19	0.98159
15	19	0.96203
16	19	0.9689
18	19	0.97303
20	19	0.99521
21	19	0.9618
23	19	0.96769
24	19	0.94905
25	19	0.98692
26	19	0.96507
27	19	0.98543
29	19	0.95257
32	19	0.99023
33	19	0.96404
38	19	0.98594
40	19	0.95355
44	19	0.97495
53	19	0.97616
54	19	0.95518
55	19	0.93916
58	19	0.9832
61	19	0.99265
62	19	0.95133
63	19	0.99212
64	19	0.96011
65	19	0.98968
66	19	0.86175
67	19	0.986
68	19	0.984
70	19	0.99367
71	19	0.98611
75	19	0.98437
77	19	0.94388
78	19	0.99612
80	19	0.96044
81	19	0.98997
83	19	0.93779
87	19	0.96771
91	19	0.99559
92	19	0.98773
98	19	0.98808
99	19	0.98913
104	19	0.95567
106	19	0.96966
109	19	0.98731
110	19	0.9614
111	19	0.96177
112	19	0.95752
114	19	0.97016
117	19	0.99278
120	19	0.9396
123	19	0.97163
124	19	0.95542
126	19	0.94723
127	19	0.97123
130	19	0.97772
132	19	0.9926
133	19	0.97007
141	19	0.99531
143	19	0.97928
146	19	0.95481
147	19	0.97034
148	19	0.9799
149	19	0.89992
2	20	0.98702
12	20	0.96627
13	20	0.97899
14	20	0.97362
15	20	0.94467
16	20	0.96034
17	20	0.96671
18	20	0.96747
19	20	0.99521
21	20	0.94511
23	20	0.9446
24	20	0.94948
25	20	0.97758
26	20	0.97069
27	20	0.99185
29	20	0.94819
32	20	0.99787
33	20	0.95504
38	20	0.97352
40	20	0.95061
44	20	0.98861
53	20	0.95826
54	20	0.968
58	20	0.98558
61	20	0.99089
63	20	0.99531
64	20	0.93655
65	20	0.99335
66	20	0.87719
67	20	0.99203
68	20	0.98941
70	20	0.99421
71	20	0.99336
75	20	0.98076
78	20	0.99271
80	20	0.96697
81	20	0.98226
83	20	0.92646
87	20	0.95542
91	20	0.99603
92	20	0.98879
95	20	0.96969
98	20	0.99636
99	20	0.99302
104	20	0.95313
106	20	0.98286
108	20	0.96515
109	20	0.99549
110	20	0.97431
111	20	0.97968
112	20	0.97492
114	20	0.95629
117	20	0.99395
120	20	0.9373
123	20	0.97421
124	20	0.94593
126	20	0.91483
127	20	0.97741
130	20	0.99008
132	20	0.98104
133	20	0.95763
141	20	0.99805
143	20	0.97406
145	20	0.96537
146	20	0.96178
147	20	0.98459
148	20	0.98362
149	20	0.92825
2	21	0.97069
10	21	0.89317
12	21	0.92407
14	21	0.95984
15	21	0.99522
18	21	0.92852
19	21	0.9618
20	21	0.94511
23	21	0.97974
25	21	0.96693
26	21	0.93359
27	21	0.9308
29	21	0.93122
32	21	0.92654
33	21	0.9563
38	21	0.99215
40	21	0.93797
50	21	0.71575
53	21	0.98273
55	21	0.94138
58	21	0.93837
61	21	0.94858
62	21	0.95733
63	21	0.93519
64	21	0.9936
65	21	0.92586
67	21	0.93062
70	21	0.94645
71	21	0.93175
73	21	0.84541
75	21	0.9546
76	21	0.92814
77	21	0.92978
78	21	0.9571
81	21	0.94882
87	21	0.94574
91	21	0.95832
92	21	0.94281
98	21	0.92723
99	21	0.92782
104	21	0.94546
106	21	0.93589
114	21	0.9707
117	21	0.94229
121	21	0.93764
123	21	0.93282
124	21	0.9462
126	21	0.98009
132	21	0.97717
133	21	0.97911
135	21	0.92867
141	21	0.94699
143	21	0.98488
3	22	0.80543
4	22	0.74343
5	22	0.69998
7	22	0.74772
8	22	0.78964
9	22	0.74433
10	22	0.71143
11	22	0.72887
15	22	0.71805
28	22	0.71387
29	22	0.70281
33	22	0.72127
34	22	0.73599
36	22	0.83997
37	22	0.82168
40	22	0.70248
42	22	0.72871
45	22	0.77322
46	22	0.71621
48	22	0.77269
49	22	0.74169
50	22	0.88376
52	22	0.78015
53	22	0.71638
55	22	0.72135
56	22	0.86826
57	22	0.6912
62	22	0.79385
64	22	0.69418
73	22	0.82298
74	22	0.73429
76	22	0.80746
83	22	0.71587
84	22	0.75437
85	22	0.78027
87	22	0.69297
93	22	0.75605
94	22	0.73742
96	22	0.86763
97	22	0.7943
100	22	0.7574
102	22	0.86615
113	22	0.7762
114	22	0.71568
126	22	0.75877
128	22	0.82891
133	22	0.70371
134	22	0.86602
140	22	0.81165
144	22	0.80259
2	23	0.97061
13	23	0.93588
14	23	0.93816
15	23	0.97074
16	23	0.94967
18	23	0.92668
19	23	0.96769
20	23	0.9446
21	23	0.97974
25	23	0.9526
26	23	0.95058
27	23	0.94568
32	23	0.93109
33	23	0.92664
38	23	0.98088
50	23	0.66611
53	23	0.96937
61	23	0.96532
62	23	0.94448
63	23	0.94045
64	23	0.99316
65	23	0.94108
67	23	0.94281
68	23	0.94111
70	23	0.95921
71	23	0.93342
73	23	0.78992
75	23	0.93677
77	23	0.97114
78	23	0.97219
81	23	0.97418
86	23	0.94272
88	23	0.92776
91	23	0.95234
92	23	0.92606
98	23	0.93358
99	23	0.94501
106	23	0.92958
109	23	0.93138
114	23	0.94634
117	23	0.95234
121	23	0.95596
123	23	0.95291
124	23	0.9249
126	23	0.98347
127	23	0.93565
132	23	0.97129
133	23	0.94845
135	23	0.96058
138	23	0.9495
141	23	0.95217
142	23	0.94788
143	23	0.97414
5	24	0.94727
7	24	0.95514
9	24	0.83445
12	24	0.94983
14	24	0.92919
16	24	0.96947
18	24	0.9839
19	24	0.94905
20	24	0.94948
25	24	0.93972
27	24	0.94302
29	24	0.94568
32	24	0.94407
33	24	0.94057
40	24	0.94154
41	24	0.93648
44	24	0.93244
46	24	0.94368
49	24	0.90366
53	24	0.92094
54	24	0.94442
58	24	0.94195
61	24	0.93055
62	24	0.92555
63	24	0.93496
65	24	0.9413
66	24	0.87917
70	24	0.92749
75	24	0.9601
78	24	0.93494
80	24	0.95861
81	24	0.93629
83	24	0.969
84	24	0.94612
87	24	0.93734
91	24	0.92831
92	24	0.94375
93	24	0.96125
98	24	0.93755
99	24	0.96578
102	24	0.90217
104	24	0.93401
109	24	0.94764
111	24	0.94493
112	24	0.93948
114	24	0.92703
116	24	0.94062
117	24	0.92761
120	24	0.95071
130	24	0.93273
132	24	0.93768
140	24	0.8391
141	24	0.93671
146	24	0.97626
148	24	0.97459
149	24	0.90923
2	25	0.96914
4	25	0.91657
5	25	0.92905
7	25	0.96974
10	25	0.94228
12	25	0.98523
14	25	0.99752
15	25	0.97718
16	25	0.94191
18	25	0.97642
19	25	0.98692
20	25	0.97758
21	25	0.96693
23	25	0.9526
24	25	0.93972
29	25	0.9775
32	25	0.96731
33	25	0.98628
36	25	0.90035
38	25	0.98454
40	25	0.97512
41	25	0.92092
44	25	0.95444
46	25	0.94876
50	25	0.66528
53	25	0.99273
54	25	0.94497
55	25	0.98057
58	25	0.98968
61	25	0.961
62	25	0.97726
63	25	0.96829
64	25	0.96121
65	25	0.95753
70	25	0.96592
71	25	0.95828
73	25	0.79747
75	25	0.99278
76	25	0.95288
78	25	0.97069
80	25	0.976
81	25	0.9581
83	25	0.95721
84	25	0.9577
85	25	0.92677
87	25	0.99297
91	25	0.98381
92	25	0.98944
93	25	0.94159
97	25	0.94392
98	25	0.95815
99	25	0.96078
100	25	0.93053
104	25	0.98316
109	25	0.95625
111	25	0.94572
112	25	0.94707
113	25	0.95513
114	25	0.99435
117	25	0.96507
120	25	0.96895
124	25	0.98475
126	25	0.95826
130	25	0.94982
132	25	0.99745
133	25	0.99199
141	25	0.97175
143	25	0.97241
144	25	0.88306
146	25	0.95642
148	25	0.9637
2	26	0.98612
6	26	0.96581
13	26	0.98151
16	26	0.94474
17	26	0.99552
19	26	0.96507
20	26	0.97069
21	26	0.93359
23	26	0.95058
27	26	0.98635
30	26	0.96262
31	26	0.96896
32	26	0.96959
35	26	0.95434
38	26	0.95113
39	26	0.96593
43	26	0.98256
44	26	0.94495
47	26	0.97278
51	26	0.93124
59	26	0.97564
60	26	0.97365
61	26	0.98174
63	26	0.96583
64	26	0.93242
65	26	0.97183
67	26	0.98525
68	26	0.98342
69	26	0.94259
70	26	0.98253
71	26	0.97384
72	26	0.9339
77	26	0.97559
78	26	0.98194
79	26	0.96008
81	26	0.9725
82	26	0.97285
86	26	0.9741
88	26	0.97601
89	26	0.964
90	26	0.95752
91	26	0.96451
95	26	0.97921
98	26	0.97634
99	26	0.97351
103	26	0.9846
105	26	0.87344
106	26	0.98877
107	26	0.97877
108	26	0.98545
109	26	0.97561
110	26	0.98464
115	26	0.93496
117	26	0.97537
118	26	0.87454
119	26	0.93945
121	26	0.98698
122	26	0.90137
123	26	0.99406
125	26	0.96565
127	26	0.98549
129	26	0.88747
130	26	0.95657
131	26	0.95799
135	26	0.97407
136	26	0.96413
137	26	0.96912
138	26	0.99144
139	26	0.97856
141	26	0.97712
142	26	0.98739
143	26	0.97183
145	26	0.95113
147	26	0.96389
150	26	0.91362
2	27	0.986
6	27	0.96668
13	27	0.98458
15	27	0.92476
16	27	0.96891
17	27	0.98535
18	27	0.95265
19	27	0.98543
20	27	0.99185
21	27	0.9308
23	27	0.94568
24	27	0.94302
26	27	0.98635
31	27	0.94503
32	27	0.9905
35	27	0.92161
38	27	0.95779
39	27	0.96808
43	27	0.95665
44	27	0.97474
47	27	0.97291
54	27	0.94521
58	27	0.95689
60	27	0.95568
61	27	0.99367
63	27	0.98743
64	27	0.92771
65	27	0.9931
66	27	0.87919
67	27	0.99194
68	27	0.99307
69	27	0.9026
70	27	0.99229
71	27	0.98768
75	27	0.95833
77	27	0.94922
78	27	0.99222
79	27	0.93393
81	27	0.9877
86	27	0.94051
88	27	0.93949
91	27	0.98135
92	27	0.96343
95	27	0.97674
98	27	0.99482
99	27	0.9968
103	27	0.96424
105	27	0.8131
106	27	0.98994
107	27	0.95212
108	27	0.97669
109	27	0.99554
110	27	0.98439
111	27	0.96344
112	27	0.95324
117	27	0.99023
118	27	0.81824
119	27	0.90605
121	27	0.97014
122	27	0.85557
123	27	0.9829
126	27	0.8982
127	27	0.98199
129	27	0.83618
130	27	0.9823
131	27	0.92753
132	27	0.96081
135	27	0.94019
137	27	0.93033
138	27	0.96612
139	27	0.95681
141	27	0.99304
142	27	0.96787
143	27	0.96436
145	27	0.96968
146	27	0.93781
147	27	0.98266
148	27	0.97225
149	27	0.9108
150	27	0.8592
3	28	0.844
4	28	0.99131
5	28	0.98676
7	28	0.97353
8	28	0.85163
9	28	0.92247
10	28	0.94661
11	28	0.93632
12	28	0.95292
14	28	0.92101
18	28	0.92129
22	28	0.71387
29	28	0.95471
33	28	0.93882
34	28	0.93715
36	28	0.93679
37	28	0.92577
40	28	0.94454
41	28	0.98467
42	28	0.99055
45	28	0.96711
46	28	0.99155
48	28	0.98294
49	28	0.99053
50	28	0.67803
52	28	0.92672
55	28	0.94696
56	28	0.94173
57	28	0.8965
62	28	0.92277
74	28	0.99155
75	28	0.92315
76	28	0.94042
80	28	0.94722
83	28	0.96105
84	28	0.97635
85	28	0.97868
87	28	0.94851
93	28	0.95215
94	28	0.99666
96	28	0.96664
97	28	0.98216
100	28	0.98374
101	28	0.95501
102	28	0.92316
104	28	0.94705
113	28	0.98203
114	28	0.92652
116	28	0.9766
120	28	0.97822
128	28	0.97609
134	28	0.94944
140	28	0.9316
144	28	0.93087
146	28	0.93352
3	29	0.75794
4	29	0.94257
5	29	0.97242
7	29	0.98261
8	29	0.77073
9	29	0.8478
10	29	0.94407
11	29	0.82445
12	29	0.99074
14	29	0.97839
15	29	0.95629
18	29	0.9825
19	29	0.95257
20	29	0.94819
21	29	0.93122
22	29	0.70281
24	29	0.94568
25	29	0.9775
28	29	0.95471
33	29	0.99503
34	29	0.90833
36	29	0.93461
37	29	0.91494
38	29	0.94596
40	29	0.99652
41	29	0.96336
42	29	0.96168
45	29	0.86941
46	29	0.97877
48	29	0.90588
49	29	0.94394
50	29	0.68379
52	29	0.92416
53	29	0.96998
54	29	0.94154
55	29	0.97436
56	29	0.87826
57	29	0.83198
58	29	0.97449
62	29	0.97477
73	29	0.79098
74	29	0.95045
75	29	0.99001
76	29	0.96086
80	29	0.97785
83	29	0.9741
84	29	0.98959
85	29	0.97181
87	29	0.98571
91	29	0.94721
92	29	0.9724
93	29	0.96745
94	29	0.95225
96	29	0.92975
97	29	0.96818
100	29	0.97306
101	29	0.86584
102	29	0.92713
104	29	0.99475
111	29	0.93683
112	29	0.9396
113	29	0.98294
114	29	0.98375
116	29	0.94933
120	29	0.98653
124	29	0.96107
126	29	0.91911
128	29	0.91984
132	29	0.96775
133	29	0.98181
134	29	0.87651
140	29	0.854
144	29	0.91491
146	29	0.96945
148	29	0.95558
6	30	0.9917
13	30	0.9749
17	30	0.97897
26	30	0.96262
31	30	0.99838
35	30	0.99219
39	30	0.98919
43	30	0.98397
47	30	0.9801
51	30	0.99264
59	30	0.99405
60	30	0.998
67	30	0.95865
68	30	0.96347
69	30	0.98546
70	30	0.94531
71	30	0.94878
72	30	0.979
77	30	0.94447
79	30	0.99803
82	30	0.98038
86	30	0.96783
88	30	0.97403
89	30	0.99712
90	30	0.99033
95	30	0.98512
98	30	0.94494
103	30	0.99091
105	30	0.94984
107	30	0.99535
108	30	0.98879
110	30	0.98327
115	30	0.99331
118	30	0.95385
119	30	0.99291
121	30	0.96917
122	30	0.97298
123	30	0.97212
125	30	0.99867
127	30	0.97678
129	30	0.96416
131	30	0.99451
135	30	0.94672
136	30	0.99971
137	30	0.98641
138	30	0.97403
139	30	0.99609
142	30	0.97899
145	30	0.96769
147	30	0.95824
150	30	0.97029
6	31	0.98636
13	31	0.97134
17	31	0.98269
26	31	0.96896
27	31	0.94503
30	31	0.99838
35	31	0.99637
39	31	0.9829
43	31	0.9903
47	31	0.98159
51	31	0.9921
59	31	0.99646
60	31	0.99836
67	31	0.95613
68	31	0.96049
69	31	0.99104
72	31	0.98442
77	31	0.95308
79	31	0.99937
82	31	0.98552
86	31	0.97548
88	31	0.98267
89	31	0.9988
90	31	0.99386
95	31	0.9807
103	31	0.99347
105	31	0.9565
106	31	0.94719
107	31	0.99834
108	31	0.98696
110	31	0.98066
115	31	0.9877
118	31	0.95947
119	31	0.99444
121	31	0.97229
122	31	0.9766
123	31	0.9739
125	31	0.9987
127	31	0.97403
129	31	0.96839
131	31	0.99801
135	31	0.95703
136	31	0.99923
137	31	0.993
138	31	0.97944
139	31	0.99864
142	31	0.98173
145	31	0.95791
147	31	0.95015
150	31	0.97632
2	32	0.97938
6	32	0.96455
12	32	0.95725
13	32	0.98467
14	32	0.96466
15	32	0.92369
16	32	0.95592
17	32	0.97109
18	32	0.95498
19	32	0.99023
20	32	0.99787
21	32	0.92654
23	32	0.93109
24	32	0.94407
25	32	0.96731
26	32	0.96959
27	32	0.9905
38	32	0.96184
39	32	0.96939
44	32	0.99404
53	32	0.94166
54	32	0.97281
58	32	0.98146
61	32	0.98926
63	32	0.9967
65	32	0.99536
66	32	0.88245
67	32	0.99527
68	32	0.99325
70	32	0.99445
71	32	0.99616
75	32	0.96925
78	32	0.98975
80	32	0.96267
81	32	0.97837
87	32	0.9433
91	32	0.99356
92	32	0.98486
95	32	0.97908
98	32	0.99811
99	32	0.99064
106	32	0.97999
108	32	0.97337
109	32	0.99814
110	32	0.98256
111	32	0.98432
112	32	0.97966
114	32	0.93968
117	32	0.99477
121	32	0.95741
123	32	0.97693
124	32	0.93268
127	32	0.98312
130	32	0.9962
132	32	0.97043
133	32	0.94049
141	32	0.99726
143	32	0.96408
145	32	0.97803
146	32	0.95929
147	32	0.99271
148	32	0.98311
149	32	0.94034
2	33	0.94397
3	33	0.75984
4	33	0.93329
5	33	0.95693
7	33	0.9805
8	33	0.77612
9	33	0.81883
10	33	0.9462
11	33	0.80145
12	33	0.98647
14	33	0.98483
15	33	0.97666
18	33	0.98422
19	33	0.96404
20	33	0.95504
21	33	0.9563
22	33	0.72127
23	33	0.92664
24	33	0.94057
25	33	0.98628
28	33	0.93882
29	33	0.99503
34	33	0.89014
36	33	0.92818
37	33	0.91558
38	33	0.9656
40	33	0.99643
41	33	0.94684
42	33	0.94825
45	33	0.84807
46	33	0.96785
48	33	0.88921
49	33	0.9268
50	33	0.69847
52	33	0.92075
53	33	0.98551
54	33	0.93186
55	33	0.98041
56	33	0.86857
57	33	0.82339
58	33	0.97534
62	33	0.98698
64	33	0.94429
73	33	0.81483
74	33	0.93746
75	33	0.99388
76	33	0.96979
78	33	0.94044
80	33	0.97015
83	33	0.96874
84	33	0.98453
85	33	0.95861
87	33	0.98986
91	33	0.95692
92	33	0.97478
93	33	0.96371
94	33	0.93891
96	33	0.92367
97	33	0.9664
99	33	0.94074
100	33	0.9656
101	33	0.83409
102	33	0.924
104	33	0.99528
112	33	0.9307
113	33	0.97973
114	33	0.99369
116	33	0.92874
120	33	0.9778
124	33	0.96909
126	33	0.94675
128	33	0.91152
132	33	0.98088
133	33	0.99305
134	33	0.86371
140	33	0.83161
141	33	0.94399
143	33	0.94428
144	33	0.91663
146	33	0.95892
148	33	0.95372
3	34	0.82439
4	34	0.91013
5	34	0.92778
7	34	0.88641
8	34	0.80455
9	34	0.92476
10	34	0.8791
11	34	0.89126
12	34	0.87974
18	34	0.84668
22	34	0.73599
28	34	0.93715
29	34	0.90833
33	34	0.89014
36	34	0.89642
37	34	0.94211
40	34	0.91253
41	34	0.91623
42	34	0.95161
45	34	0.94354
46	34	0.91946
48	34	0.94927
49	34	0.92684
50	34	0.67832
52	34	0.97269
55	34	0.87035
56	34	0.95356
57	34	0.82112
62	34	0.85307
74	34	0.95806
75	34	0.8528
76	34	0.88516
80	34	0.8564
83	34	0.86642
84	34	0.93079
85	34	0.93925
87	34	0.85912
93	34	0.88919
94	34	0.94449
96	34	0.92776
97	34	0.92169
100	34	0.9631
101	34	0.96645
102	34	0.91388
104	34	0.90369
113	34	0.92716
114	34	0.85489
116	34	0.91118
120	34	0.89848
128	34	0.94099
133	34	0.85503
134	34	0.92671
140	34	0.90438
144	34	0.91963
146	34	0.84529
6	35	0.972
13	35	0.94856
17	35	0.97047
26	35	0.95434
27	35	0.92161
30	35	0.99219
31	35	0.99637
39	35	0.96659
43	35	0.98396
47	35	0.96891
51	35	0.99477
59	35	0.99201
60	35	0.99264
67	35	0.93058
68	35	0.93543
69	35	0.99765
72	35	0.99089
77	35	0.93728
79	35	0.99742
82	35	0.97902
86	35	0.96654
88	35	0.97752
89	35	0.99577
90	35	0.99259
95	35	0.96158
103	35	0.98515
105	35	0.97436
106	35	0.92859
107	35	0.99354
108	35	0.97082
110	35	0.96295
115	35	0.98406
118	35	0.97652
119	35	0.99755
121	35	0.95542
122	35	0.9887
123	35	0.95483
125	35	0.99286
127	35	0.9525
129	35	0.98315
131	35	0.9988
135	35	0.94624
136	35	0.99444
137	35	0.99218
138	35	0.96632
139	35	0.99224
142	35	0.9665
145	35	0.93609
147	35	0.92391
150	35	0.98779
3	36	0.89253
4	36	0.95423
5	36	0.91252
7	36	0.94435
8	36	0.90223
9	36	0.842
10	36	0.94855
11	36	0.87689
12	36	0.90139
14	36	0.89961
15	36	0.90367
22	36	0.83997
25	36	0.90035
28	36	0.93679
29	36	0.93461
33	36	0.92818
34	36	0.89642
37	36	0.95787
40	36	0.91752
41	36	0.90262
42	36	0.93482
45	36	0.91856
46	36	0.93643
48	36	0.94239
49	36	0.92189
50	36	0.87793
52	36	0.94093
53	36	0.91785
55	36	0.94989
56	36	0.94674
57	36	0.86099
62	36	0.94565
73	36	0.90499
74	36	0.94658
75	36	0.89429
76	36	0.9644
83	36	0.90769
84	36	0.94525
85	36	0.9813
87	36	0.92811
93	36	0.92593
94	36	0.94631
96	36	0.97423
97	36	0.97301
100	36	0.9583
101	36	0.8597
102	36	0.92604
104	36	0.92707
113	36	0.95954
114	36	0.93212
120	36	0.91437
124	36	0.91527
126	36	0.89256
128	36	0.96677
133	36	0.92355
134	36	0.93718
140	36	0.87353
144	36	0.96176
3	37	0.87997
4	37	0.92849
5	37	0.89884
7	37	0.91646
8	37	0.89259
9	37	0.86955
10	37	0.96105
11	37	0.90002
12	37	0.88477
15	37	0.8874
22	37	0.82168
28	37	0.92577
29	37	0.91494
33	37	0.91558
34	37	0.94211
36	37	0.95787
40	37	0.91231
41	37	0.87432
42	37	0.91758
45	37	0.92125
46	37	0.92079
48	37	0.94122
49	37	0.89393
50	37	0.81782
52	37	0.98844
53	37	0.88713
55	37	0.94137
56	37	0.95336
57	37	0.85375
62	37	0.91166
73	37	0.91347
74	37	0.942
75	37	0.87365
76	37	0.92714
84	37	0.94044
85	37	0.95522
87	37	0.89251
93	37	0.92842
94	37	0.93154
96	37	0.95263
97	37	0.95327
100	37	0.97002
101	37	0.88369
102	37	0.93646
104	37	0.92593
113	37	0.93768
114	37	0.90924
120	37	0.89079
124	37	0.90562
128	37	0.95679
133	37	0.9032
134	37	0.9375
140	37	0.86644
144	37	0.99587
2	38	0.98229
10	38	0.89355
12	38	0.94956
13	38	0.95184
14	38	0.98077
15	38	0.98792
16	38	0.93105
18	38	0.94913
19	38	0.98594
20	38	0.97352
21	38	0.99215
23	38	0.98088
25	38	0.98454
26	38	0.95113
27	38	0.95779
29	38	0.94596
32	38	0.96184
33	38	0.9656
40	38	0.94991
44	38	0.94175
53	38	0.98749
55	38	0.94685
58	38	0.96832
61	38	0.97511
62	38	0.96079
63	38	0.96995
64	38	0.98599
65	38	0.96147
67	38	0.96291
68	38	0.95793
70	38	0.97537
71	38	0.96564
73	38	0.79548
75	38	0.97358
76	38	0.93004
77	38	0.94288
78	38	0.98083
81	38	0.9729
87	38	0.96531
91	38	0.98483
92	38	0.97299
98	38	0.96089
99	38	0.95668
104	38	0.95534
106	38	0.95477
109	38	0.95396
114	38	0.97828
117	38	0.97382
121	38	0.95634
123	38	0.95788
124	38	0.95589
126	38	0.97427
127	38	0.95285
132	38	0.99211
133	38	0.98405
135	38	0.9351
141	38	0.97615
143	38	0.98985
6	39	0.99953
13	39	0.98968
17	39	0.98207
26	39	0.96593
27	39	0.96808
30	39	0.98919
31	39	0.9829
32	39	0.96939
35	39	0.96659
43	39	0.96739
44	39	0.96697
47	39	0.98098
51	39	0.96681
59	39	0.97989
60	39	0.98957
61	39	0.96608
63	39	0.96904
65	39	0.97484
66	39	0.8616
67	39	0.98117
68	39	0.98508
69	39	0.95295
70	39	0.97034
71	39	0.97828
72	39	0.94092
79	39	0.97904
82	39	0.95835
86	39	0.94687
88	39	0.95018
89	39	0.97745
90	39	0.96316
95	39	0.99613
98	39	0.9762
99	39	0.95372
103	39	0.98349
105	39	0.89496
106	39	0.96323
107	39	0.98096
108	39	0.99369
109	39	0.97521
110	39	0.99544
111	39	0.94707
112	39	0.93743
115	39	0.98441
117	39	0.97183
118	39	0.9015
119	39	0.96559
121	39	0.96703
122	39	0.93139
123	39	0.97784
125	39	0.98356
127	39	0.98874
129	39	0.91747
130	39	0.97763
131	39	0.97076
136	39	0.9874
137	39	0.95966
138	39	0.96591
139	39	0.9836
141	39	0.96633
142	39	0.97383
145	39	0.9938
147	39	0.98868
149	39	0.91869
150	39	0.92633
3	40	0.74525
4	40	0.9297
5	40	0.96687
7	40	0.97533
9	40	0.84062
10	40	0.93392
11	40	0.80415
12	40	0.98795
14	40	0.97644
15	40	0.96095
18	40	0.98273
19	40	0.95355
20	40	0.95061
21	40	0.93797
22	40	0.70248
24	40	0.94154
25	40	0.97512
28	40	0.94454
29	40	0.99652
33	40	0.99643
34	40	0.91253
36	40	0.91752
37	40	0.91231
38	40	0.94991
41	40	0.95707
42	40	0.95701
45	40	0.85698
46	40	0.97081
48	40	0.89455
49	40	0.935
50	40	0.66631
52	40	0.92687
53	40	0.96967
54	40	0.94086
55	40	0.9681
56	40	0.87272
57	40	0.81982
58	40	0.97312
62	40	0.97357
64	40	0.91933
73	40	0.7825
74	40	0.94359
75	40	0.99097
76	40	0.95848
80	40	0.97304
83	40	0.96852
84	40	0.98694
85	40	0.95799
87	40	0.98201
91	40	0.94915
92	40	0.97224
93	40	0.9617
94	40	0.94363
96	40	0.92013
97	40	0.96066
100	40	0.9697
101	40	0.85932
102	40	0.926
104	40	0.9951
111	40	0.93808
112	40	0.93974
113	40	0.97869
114	40	0.98297
116	40	0.94173
120	40	0.98094
124	40	0.95388
126	40	0.92029
128	40	0.91045
132	40	0.96714
133	40	0.98365
134	40	0.86607
140	40	0.84438
141	40	0.93712
144	40	0.90834
146	40	0.9673
148	40	0.95606
149	40	0.8848
3	41	0.77197
4	41	0.96571
5	41	0.99644
7	41	0.97519
8	41	0.77142
9	41	0.91702
10	41	0.90117
11	41	0.88581
12	41	0.96169
14	41	0.92981
18	41	0.94892
24	41	0.93648
25	41	0.92092
28	41	0.98467
29	41	0.96336
33	41	0.94684
34	41	0.91623
36	41	0.90262
37	41	0.87432
40	41	0.95707
42	41	0.98632
45	41	0.93021
46	41	0.98934
48	41	0.94768
49	41	0.99284
52	41	0.88481
54	41	0.93377
55	41	0.92531
56	41	0.90548
57	41	0.86249
58	41	0.93183
62	41	0.92752
74	41	0.96915
75	41	0.94203
76	41	0.93051
80	41	0.95893
83	41	0.98511
84	41	0.97665
85	41	0.96029
87	41	0.95343
92	41	0.92823
93	41	0.95045
94	41	0.97925
96	41	0.94499
97	41	0.9633
100	41	0.96217
101	41	0.93171
102	41	0.92208
104	41	0.9462
112	41	0.91795
113	41	0.97864
114	41	0.92629
116	41	0.99404
120	41	0.98649
128	41	0.94302
134	41	0.92009
140	41	0.93046
144	41	0.87394
146	41	0.96945
148	41	0.9323
149	41	0.89207
3	42	0.85028
4	42	0.9822
5	42	0.98284
7	42	0.96609
8	42	0.84509
9	42	0.90552
10	42	0.92396
11	42	0.90381
12	42	0.95343
14	42	0.92726
18	42	0.92207
22	42	0.72871
28	42	0.99055
29	42	0.96168
33	42	0.94825
34	42	0.95161
36	42	0.93482
37	42	0.91758
40	42	0.95701
41	42	0.98632
45	42	0.95819
46	42	0.98247
48	42	0.97546
49	42	0.98926
50	42	0.69204
52	42	0.9337
55	42	0.9362
56	42	0.94724
57	42	0.87652
58	42	0.91804
62	42	0.93084
74	42	0.99442
75	42	0.92922
76	42	0.95682
80	42	0.93934
83	42	0.96209
84	42	0.9745
85	42	0.97793
87	42	0.95235
93	42	0.93313
94	42	0.99569
96	42	0.96549
97	42	0.98083
100	42	0.98313
101	42	0.95447
102	42	0.918
104	42	0.95018
113	42	0.98679
114	42	0.93105
116	42	0.97143
120	42	0.97675
128	42	0.97359
133	42	0.92436
134	42	0.93808
140	42	0.92135
144	42	0.91475
146	42	0.93499
6	43	0.97086
13	43	0.97439
17	43	0.98465
26	43	0.98256
27	43	0.95665
30	43	0.98397
31	43	0.9903
35	43	0.98396
39	43	0.96739
47	43	0.9816
51	43	0.97028
59	43	0.98674
60	43	0.98638
61	43	0.95977
67	43	0.96072
68	43	0.96507
69	43	0.97682
70	43	0.95577
72	43	0.97181
77	43	0.97967
78	43	0.95286
79	43	0.98744
81	43	0.95282
82	43	0.99262
86	43	0.99379
88	43	0.99502
89	43	0.98923
90	43	0.98845
95	43	0.97438
103	43	0.9898
105	43	0.93595
106	43	0.9576
107	43	0.99312
108	43	0.98388
110	43	0.9749
115	43	0.95883
117	43	0.95056
118	43	0.93672
119	43	0.97711
121	43	0.98962
122	43	0.95316
123	43	0.98342
125	43	0.98876
127	43	0.97625
129	43	0.94426
131	43	0.98753
135	43	0.98639
136	43	0.98543
137	43	0.99436
138	43	0.99204
139	43	0.99457
142	43	0.99307
150	43	0.95842
2	44	0.95574
6	44	0.96052
12	44	0.95894
13	44	0.97471
14	44	0.95842
16	44	0.92517
17	44	0.95159
18	44	0.94141
19	44	0.97495
20	44	0.98861
24	44	0.93244
25	44	0.95444
26	44	0.94495
27	44	0.97474
32	44	0.99404
38	44	0.94175
39	44	0.96697
54	44	0.9882
58	44	0.98221
61	44	0.97291
63	44	0.99153
65	44	0.98703
66	44	0.89236
67	44	0.98393
68	44	0.98254
70	44	0.98043
71	44	0.99166
75	44	0.96057
78	44	0.97051
80	44	0.96709
81	44	0.9571
91	44	0.98523
92	44	0.98452
95	44	0.97202
98	44	0.99127
99	44	0.97471
106	44	0.96709
108	44	0.96186
109	44	0.98947
110	44	0.9734
111	44	0.9953
112	44	0.99352
117	44	0.98493
120	44	0.93347
123	44	0.95695
127	44	0.97206
130	44	0.99847
132	44	0.95221
141	44	0.98686
145	44	0.98374
146	44	0.96699
147	44	0.99396
148	44	0.98304
149	44	0.96816
3	45	0.90114
4	45	0.96345
5	45	0.93039
7	45	0.90249
8	45	0.89474
9	45	0.94257
10	45	0.89073
11	45	0.97284
12	45	0.85001
22	45	0.77322
28	45	0.96711
29	45	0.86941
33	45	0.84807
34	45	0.94354
36	45	0.91856
37	45	0.92125
40	45	0.85698
41	45	0.93021
42	45	0.95819
46	45	0.93292
48	45	0.99546
49	45	0.96367
50	45	0.72144
52	45	0.91915
55	45	0.86753
56	45	0.97993
57	45	0.88252
62	45	0.84282
74	45	0.97142
76	45	0.88972
80	45	0.83576
83	45	0.88117
84	45	0.91479
85	45	0.94631
87	45	0.85337
93	45	0.88563
94	45	0.97197
96	45	0.96634
97	45	0.94444
100	45	0.94841
101	45	0.97459
102	45	0.90306
104	45	0.85647
113	45	0.93128
114	45	0.829
116	45	0.92493
120	45	0.89621
128	45	0.98323
134	45	0.9798
140	45	0.95581
144	45	0.91847
146	45	0.82049
3	46	0.79801
4	46	0.97972
5	46	0.99514
7	46	0.99265
8	46	0.81116
9	46	0.91043
10	46	0.95203
11	46	0.90266
12	46	0.97667
14	46	0.95108
18	46	0.96321
22	46	0.71621
24	46	0.94368
25	46	0.94876
28	46	0.99155
29	46	0.97877
33	46	0.96785
34	46	0.91946
36	46	0.93643
37	46	0.92079
40	46	0.97081
41	46	0.98934
42	46	0.98247
45	46	0.93292
48	46	0.95643
49	46	0.98447
50	46	0.66595
52	46	0.91806
53	46	0.93383
55	46	0.96629
56	46	0.91642
57	46	0.88204
58	46	0.94672
62	46	0.95347
73	46	0.76206
74	46	0.9761
75	46	0.96016
76	46	0.94995
80	46	0.97237
83	46	0.98411
84	46	0.99283
85	46	0.97866
87	46	0.97239
92	46	0.94038
93	46	0.97833
94	46	0.98419
96	46	0.95998
97	46	0.98341
100	46	0.98253
101	46	0.91943
102	46	0.9412
104	46	0.97161
113	46	0.99023
114	46	0.95668
116	46	0.98201
120	46	0.99275
124	46	0.94679
128	46	0.95794
132	46	0.92957
133	46	0.94433
134	46	0.93205
140	46	0.91961
144	46	0.92609
146	46	0.96424
148	46	0.92958
6	47	0.98465
13	47	0.98026
16	47	0.9453
17	47	0.98422
26	47	0.97278
27	47	0.97291
30	47	0.9801
31	47	0.98159
35	47	0.96891
39	47	0.98098
43	47	0.9816
51	47	0.95827
59	47	0.97265
60	47	0.98234
61	47	0.97056
63	47	0.95461
65	47	0.96981
66	47	0.84767
67	47	0.97066
68	47	0.97866
69	47	0.96008
70	47	0.96611
72	47	0.94149
77	47	0.9605
78	47	0.96255
79	47	0.97834
81	47	0.96739
82	47	0.96063
86	47	0.96675
88	47	0.97043
89	47	0.97462
90	47	0.96429
95	47	0.9786
98	47	0.96427
99	47	0.96238
103	47	0.98166
105	47	0.90124
106	47	0.95284
107	47	0.97854
108	47	0.98196
109	47	0.96798
110	47	0.98308
115	47	0.95866
117	47	0.96351
118	47	0.90742
119	47	0.96373
121	47	0.9698
122	47	0.93315
123	47	0.97661
125	47	0.97842
127	47	0.97578
129	47	0.91841
130	47	0.95219
131	47	0.97611
135	47	0.95223
136	47	0.98117
137	47	0.96856
138	47	0.97293
139	47	0.98687
142	47	0.97759
145	47	0.96616
147	47	0.9641
150	47	0.92822
3	48	0.9078
4	48	0.98277
5	48	0.94915
7	48	0.93285
8	48	0.90712
9	48	0.9291
10	48	0.92599
11	48	0.96452
12	48	0.89079
22	48	0.77269
28	48	0.98294
29	48	0.90588
33	48	0.88921
34	48	0.94927
36	48	0.94239
37	48	0.94122
40	48	0.89455
41	48	0.94768
42	48	0.97546
45	48	0.99546
