5	2	0.95003
6	2	0.94497
7	2	0.985
8	2	0.89852
10	2	0.92632
12	2	0.88887
13	2	0.97484
14	2	0.94645
15	2	0.94673
16	2	0.8796
17	2	0.96569
23	2	0.94539
25	2	0.96045
27	2	0.96015
29	2	0.94031
30	2	0.96908
33	2	0.98254
34	2	0.92354
36	2	0.95295
38	2	0.96761
42	2	0.96698
43	2	0.90936
45	2	0.96578
48	2	0.95256
50	2	0.93608
55	2	0.9407
57	2	0.8874
58	2	0.9384
59	2	0.92824
61	2	0.92067
62	2	0.94458
63	2	0.96744
69	2	0.90638
70	2	0.86607
73	2	0.92756
74	2	0.96259
75	2	0.95562
76	2	0.96075
79	2	0.9757
80	2	0.96208
81	2	0.95697
82	2	0.9522
84	2	0.92823
85	2	0.83432
86	2	0.95873
87	2	0.96541
88	2	0.97005
89	2	0.89909
90	2	0.95009
91	2	0.95024
92	2	0.9597
94	2	0.94581
95	2	0.97116
96	2	0.93443
97	2	0.95956
100	2	0.94839
104	2	0.97043
106	2	0.95248
107	2	0.96924
110	2	0.95195
113	2	0.95197
114	2	0.96597
116	2	0.94335
117	2	0.93527
119	2	0.95372
121	2	0.88985
123	2	0.97156
127	2	0.86187
129	2	0.71284
133	2	0.69759
139	2	0.95786
141	2	0.95686
142	2	0.95186
143	2	0.94896
148	2	0.9594
5	3	0.96751
7	3	0.93274
8	3	0.9708
10	3	0.98892
16	3	0.81992
17	3	0.94083
18	3	0.9555
20	3	0.95
22	3	0.95467
25	3	0.94871
29	3	0.96194
30	3	0.96228
33	3	0.937
34	3	0.97004
35	3	0.92519
37	3	0.98039
41	3	0.94187
42	3	0.92924
45	3	0.95126
47	3	0.9401
48	3	0.93247
50	3	0.97717
52	3	0.98622
56	3	0.96783
57	3	0.90657
63	3	0.93185
73	3	0.98177
74	3	0.95294
75	3	0.96941
78	3	0.96572
79	3	0.95632
80	3	0.96917
81	3	0.92674
82	3	0.96845
87	3	0.94651
93	3	0.92083
94	3	0.93233
95	3	0.93632
100	3	0.95233
101	3	0.98375
103	3	0.91994
104	3	0.93188
105	3	0.79262
106	3	0.95344
114	3	0.95585
116	3	0.97248
121	3	0.84869
124	3	0.92109
132	3	0.93953
139	3	0.96139
141	3	0.92297
142	3	0.93239
143	3	0.98606
144	3	0.97035
145	3	0.93816
148	3	0.97766
150	3	0.94307
6	4	0.98019
9	4	0.984
11	4	0.87383
12	4	0.95136
13	4	0.95127
14	4	0.98385
17	4	0.93998
19	4	0.95428
24	4	0.98778
26	4	0.97519
27	4	0.96146
28	4	0.92964
31	4	0.96969
32	4	0.98025
39	4	0.88269
40	4	0.93446
42	4	0.95113
44	4	0.94046
45	4	0.94121
46	4	0.92426
48	4	0.93707
49	4	0.94532
54	4	0.93773
55	4	0.93745
58	4	0.95073
59	4	0.89869
60	4	0.92827
63	4	0.94452
64	4	0.94759
65	4	0.95027
66	4	0.98319
67	4	0.99418
68	4	0.95489
70	4	0.90198
71	4	0.92884
72	4	0.90729
76	4	0.95066
83	4	0.96628
84	4	0.96806
85	4	0.8949
88	4	0.97049
90	4	0.93534
92	4	0.94945
94	4	0.93971
95	4	0.94201
96	4	0.94893
97	4	0.94079
98	4	0.95184
99	4	0.87342
102	4	0.79344
109	4	0.95409
110	4	0.95493
111	4	0.92157
112	4	0.87268
113	4	0.98298
115	4	0.91102
117	4	0.93239
122	4	0.93917
125	4	0.94995
126	4	0.93841
128	4	0.89795
130	4	0.95267
131	4	0.94723
134	4	0.92384
135	4	0.96847
136	4	0.92274
138	4	0.96492
140	4	0.88849
141	4	0.96146
146	4	0.96713
147	4	0.95107
149	4	0.48012
2	5	0.95003
3	5	0.96751
7	5	0.95891
8	5	0.92359
10	5	0.9713
13	5	0.96592
15	5	0.96965
16	5	0.84459
17	5	0.97357
18	5	0.98915
20	5	0.98955
21	5	0.92325
22	5	0.97042
25	5	0.98332
29	5	0.97281
30	5	0.98147
33	5	0.97856
34	5	0.93953
35	5	0.96353
36	5	0.96529
37	5	0.98539
41	5	0.97554
42	5	0.97346
45	5	0.98615
47	5	0.97998
48	5	0.96972
50	5	0.97456
52	5	0.97478
53	5	0.93073
54	5	0.94146
56	5	0.98511
57	5	0.89758
61	5	0.86033
62	5	0.96161
63	5	0.97454
69	5	0.85719
73	5	0.95066
74	5	0.98521
75	5	0.99151
78	5	0.98611
79	5	0.9663
80	5	0.98774
81	5	0.96511
82	5	0.98233
86	5	0.93125
87	5	0.97459
93	5	0.93291
94	5	0.95002
95	5	0.97576
97	5	0.94584
100	5	0.98928
101	5	0.98592
103	5	0.9341
104	5	0.96415
106	5	0.98458
108	5	0.9606
114	5	0.98786
116	5	0.99087
120	5	0.96013
121	5	0.83793
132	5	0.97535
137	5	0.93604
139	5	0.99091
141	5	0.96888
142	5	0.94644
143	5	0.98789
144	5	0.97998
145	5	0.95392
148	5	0.98173
150	5	0.93242
2	6	0.94497
4	6	0.98019
9	6	0.95214
11	6	0.80446
12	6	0.95941
13	6	0.97589
14	6	0.97419
17	6	0.94417
19	6	0.91561
21	6	0.91871
23	6	0.95763
24	6	0.96491
25	6	0.9562
26	6	0.96927
27	6	0.98191
28	6	0.91871
30	6	0.94014
31	6	0.93768
32	6	0.97901
33	6	0.94458
36	6	0.94436
38	6	0.9562
39	6	0.85658
40	6	0.9363
42	6	0.96251
43	6	0.91017
44	6	0.93212
45	6	0.94757
46	6	0.8877
48	6	0.951
49	6	0.91278
54	6	0.95838
58	6	0.95782
59	6	0.92221
63	6	0.96688
64	6	0.95713
65	6	0.95521
66	6	0.98237
67	6	0.98044
68	6	0.92756
70	6	0.94496
72	6	0.88965
74	6	0.94753
76	6	0.96187
83	6	0.95377
84	6	0.9669
85	6	0.91461
88	6	0.98148
89	6	0.86494
90	6	0.95124
92	6	0.97175
94	6	0.94805
95	6	0.96228
96	6	0.95606
97	6	0.96474
98	6	0.92894
107	6	0.94979
109	6	0.94906
110	6	0.95022
112	6	0.83599
113	6	0.98651
115	6	0.93281
117	6	0.97696
122	6	0.90763
125	6	0.9462
127	6	0.85204
128	6	0.88171
130	6	0.93542
131	6	0.91472
133	6	0.66717
135	6	0.94953
136	6	0.89158
138	6	0.97295
140	6	0.84435
141	6	0.97224
146	6	0.96039
147	6	0.91548
149	6	0.3919
2	7	0.985
3	7	0.93274
5	7	0.95891
8	7	0.89691
10	7	0.92952
11	7	0.78544
13	7	0.97348
14	7	0.96248
15	7	0.93713
16	7	0.85363
17	7	0.97904
20	7	0.95938
22	7	0.93007
25	7	0.9578
27	7	0.94683
29	7	0.92452
30	7	0.97028
33	7	0.98264
34	7	0.91585
37	7	0.94842
38	7	0.95682
41	7	0.95675
42	7	0.97646
43	7	0.92057
45	7	0.97767
47	7	0.9547
48	7	0.95937
49	7	0.91297
50	7	0.93443
51	7	0.89093
53	7	0.93774
55	7	0.96268
57	7	0.87524
59	7	0.91208
60	7	0.93126
61	7	0.89456
62	7	0.96341
63	7	0.97337
69	7	0.90445
72	7	0.89085
73	7	0.91714
74	7	0.95781
75	7	0.96681
76	7	0.95324
77	7	0.93397
78	7	0.94317
79	7	0.96845
80	7	0.96984
81	7	0.96496
82	7	0.96786
84	7	0.93093
86	7	0.97731
87	7	0.9761
88	7	0.97255
89	7	0.87488
90	7	0.94535
91	7	0.97407
92	7	0.95993
93	7	0.9119
94	7	0.96008
95	7	0.97008
97	7	0.93963
98	7	0.95206
100	7	0.95391
101	7	0.94275
102	7	0.79424
103	7	0.8908
104	7	0.98681
105	7	0.80373
106	7	0.96303
107	7	0.96156
108	7	0.95103
110	7	0.97675
111	7	0.88393
113	7	0.95855
114	7	0.98032
116	7	0.96202
117	7	0.91912
118	7	0.93341
119	7	0.97296
120	7	0.9603
121	7	0.87626
123	7	0.96258
124	7	0.9296
127	7	0.84936
129	7	0.73076
132	7	0.96788
133	7	0.68373
137	7	0.92336
139	7	0.96729
141	7	0.96
142	7	0.96925
143	7	0.96194
144	7	0.92753
145	7	0.94203
146	7	0.95285
148	7	0.96848
150	7	0.92974
2	8	0.89852
3	8	0.9708
5	8	0.92359
7	8	0.89691
10	8	0.94744
16	8	0.8717
18	8	0.93404
20	8	0.90781
22	8	0.92945
25	8	0.89908
29	8	0.95666
30	8	0.93994
33	8	0.9038
34	8	0.98493
37	8	0.95668
41	8	0.90697
45	8	0.894
47	8	0.91473
50	8	0.95582
52	8	0.97123
56	8	0.92105
61	8	0.87099
63	8	0.89012
73	8	0.95512
74	8	0.91138
75	8	0.93951
78	8	0.9361
79	8	0.95193
80	8	0.9491
82	8	0.94098
86	8	0.90776
87	8	0.9013
89	8	0.8268
94	8	0.89237
100	8	0.90612
101	8	0.9547
103	8	0.90636
104	8	0.90474
105	8	0.83337
106	8	0.91177
114	8	0.90637
116	8	0.93747
119	8	0.89402
121	8	0.91882
123	8	0.89964
124	8	0.89288
132	8	0.89296
139	8	0.91982
142	8	0.92606
143	8	0.94255
144	8	0.95246
145	8	0.91816
148	8	0.96261
150	8	0.92657
4	9	0.984
6	9	0.95214
11	9	0.87015
12	9	0.94677
13	9	0.93133
14	9	0.961
19	9	0.96806
21	9	0.91812
23	9	0.92208
24	9	0.98747
26	9	0.96882
27	9	0.95265
28	9	0.93712
31	9	0.96783
32	9	0.95979
36	9	0.92486
38	9	0.92461
39	9	0.87925
40	9	0.95937
42	9	0.93102
44	9	0.91876
45	9	0.91995
46	9	0.95061
55	9	0.94319
58	9	0.94851
59	9	0.87679
60	9	0.93818
64	9	0.94337
65	9	0.94582
66	9	0.97102
67	9	0.97404
68	9	0.94741
70	9	0.88242
76	9	0.9483
83	9	0.94635
84	9	0.96085
85	9	0.89452
88	9	0.95738
95	9	0.92135
96	9	0.95108
97	9	0.93403
98	9	0.95647
102	9	0.8218
109	9	0.94897
110	9	0.92438
111	9	0.91377
112	9	0.84525
113	9	0.9601
115	9	0.88147
122	9	0.92074
125	9	0.91996
128	9	0.9061
130	9	0.94174
131	9	0.93714
134	9	0.93835
135	9	0.97726
136	9	0.90738
138	9	0.95913
140	9	0.86656
141	9	0.93621
146	9	0.94779
147	9	0.93464
149	9	0.45678
2	10	0.92632
3	10	0.98892
5	10	0.9713
7	10	0.92952
8	10	0.94744
13	10	0.92343
17	10	0.94707
18	10	0.95973
20	10	0.95748
22	10	0.95503
25	10	0.96027
29	10	0.96675
30	10	0.95892
33	10	0.94919
34	10	0.95277
35	10	0.9233
36	10	0.9436
37	10	0.97565
41	10	0.93337
42	10	0.94042
45	10	0.9565
47	10	0.94067
48	10	0.93418
50	10	0.97486
52	10	0.96852
56	10	0.9804
57	10	0.94833
63	10	0.93299
73	10	0.97916
74	10	0.95971
75	10	0.96825
78	10	0.97164
79	10	0.94781
80	10	0.96451
81	10	0.93908
82	10	0.96307
87	10	0.9444
93	10	0.91039
94	10	0.93253
95	10	0.94607
100	10	0.96884
101	10	0.9788
103	10	0.91123
106	10	0.95793
114	10	0.95691
116	10	0.96466
132	10	0.93388
139	10	0.96613
141	10	0.93585
143	10	0.98859
144	10	0.96429
145	10	0.92799
148	10	0.96966
4	11	0.87383
6	11	0.80446
7	11	0.78544
9	11	0.87015
14	11	0.84007
19	11	0.88075
24	11	0.84006
26	11	0.78544
27	11	0.78073
28	11	0.7903
31	11	0.8801
32	11	0.78619
39	11	0.82668
44	11	0.86135
46	11	0.8555
49	11	0.87006
55	11	0.8421
59	11	0.85821
65	11	0.84329
66	11	0.84957
67	11	0.88088
68	11	0.9065
71	11	0.84526
72	11	0.84082
77	11	0.85598
83	11	0.89837
88	11	0.82846
90	11	0.81029
91	11	0.80037
92	11	0.81891
94	11	0.78471
98	11	0.83809
109	11	0.82402
110	11	0.8314
111	11	0.87164
112	11	0.88103
113	11	0.80861
115	11	0.78059
122	11	0.9061
125	11	0.85612
126	11	0.82315
130	11	0.87517
131	11	0.92921
134	11	0.82005
135	11	0.8737
136	11	0.90641
138	11	0.78706
140	11	0.8299
146	11	0.81236
147	11	0.8475
149	11	0.65535
2	12	0.88887
4	12	0.95136
6	12	0.95941
9	12	0.94677
13	12	0.91167
14	12	0.91721
17	12	0.90024
23	12	0.92677
24	12	0.97266
25	12	0.89983
26	12	0.96376
27	12	0.94837
28	12	0.97747
32	12	0.96098
36	12	0.90585
38	12	0.92039
39	12	0.88643
40	12	0.94165
44	12	0.90308
46	12	0.90248
58	12	0.93986
60	12	0.89402
63	12	0.89091
64	12	0.97383
65	12	0.9612
66	12	0.9736
67	12	0.95627
70	12	0.94336
76	12	0.93064
83	12	0.93062
84	12	0.96295
85	12	0.98143
88	12	0.92583
90	12	0.88388
92	12	0.89632
95	12	0.90423
96	12	0.9688
97	12	0.95661
107	12	0.90157
109	12	0.97885
113	12	0.93599
115	12	0.89537
117	12	0.94075
128	12	0.94929
130	12	0.91415
131	12	0.88943
135	12	0.94366
136	12	0.86525
138	12	0.96987
141	12	0.9112
146	12	0.89719
2	13	0.97484
4	13	0.95127
5	13	0.96592
6	13	0.97589
7	13	0.97348
9	13	0.93133
10	13	0.92343
12	13	0.91167
14	13	0.97529
15	13	0.95341
16	13	0.82356
17	13	0.97217
18	13	0.95029
19	13	0.91549
20	13	0.96898
21	13	0.94688
23	13	0.97069
24	13	0.92357
25	13	0.98162
26	13	0.96068
27	13	0.98183
28	13	0.83737
29	13	0.93015
30	13	0.97971
31	13	0.94196
32	13	0.96804
33	13	0.98905
35	13	0.92933
36	13	0.97213
38	13	0.97248
40	13	0.9442
41	13	0.9616
42	13	0.99267
43	13	0.92856
45	13	0.98322
47	13	0.96725
48	13	0.97729
50	13	0.9228
51	13	0.9117
54	13	0.97903
55	13	0.94545
56	13	0.92532
57	13	0.89742
58	13	0.95641
59	13	0.89393
60	13	0.94811
61	13	0.89218
62	13	0.96135
63	13	0.9919
64	13	0.93042
65	13	0.8997
66	13	0.93724
67	13	0.93853
68	13	0.91858
69	13	0.89578
70	13	0.88701
71	13	0.92776
74	13	0.97826
75	13	0.96553
76	13	0.97467
79	13	0.9603
80	13	0.96441
81	13	0.94481
84	13	0.96291
85	13	0.84618
86	13	0.95444
87	13	0.97409
88	13	0.98193
89	13	0.87145
90	13	0.95532
91	13	0.9604
92	13	0.97085
94	13	0.9637
95	13	0.98394
96	13	0.9499
97	13	0.96769
98	13	0.94983
99	13	0.87309
100	13	0.96536
102	13	0.8026
104	13	0.96812
106	13	0.9733
107	13	0.97508
108	13	0.95985
109	13	0.87766
110	13	0.97231
113	13	0.98306
114	13	0.97587
115	13	0.87291
117	13	0.95906
118	13	0.93056
119	13	0.96123
120	13	0.97148
121	13	0.84218
123	13	0.9426
125	13	0.91665
127	13	0.86866
129	13	0.70184
130	13	0.88918
132	13	0.97421
133	13	0.67233
135	13	0.92857
137	13	0.9416
138	13	0.95466
139	13	0.97677
141	13	0.98928
142	13	0.95892
143	13	0.95565
145	13	0.9608
146	13	0.9674
147	13	0.9057
148	13	0.953
2	14	0.94645
4	14	0.98385
6	14	0.97419
7	14	0.96248
9	14	0.961
11	14	0.84007
12	14	0.91721
13	14	0.97529
17	14	0.96953
19	14	0.93944
21	14	0.93851
23	14	0.94322
24	14	0.95483
25	14	0.96912
26	14	0.97164
27	14	0.96576
28	14	0.86795
31	14	0.97249
32	14	0.98109
33	14	0.96387
36	14	0.96676
38	14	0.94726
39	14	0.79454
40	14	0.92445
41	14	0.95306
42	14	0.98387
43	14	0.89061
44	14	0.89686
45	14	0.98095
46	14	0.86474
48	14	0.98152
49	14	0.9534
53	14	0.91394
54	14	0.96991
55	14	0.96786
57	14	0.90062
58	14	0.96639
59	14	0.89391
60	14	0.94082
62	14	0.96563
63	14	0.97605
64	14	0.93163
65	14	0.91201
66	14	0.95731
67	14	0.96982
68	14	0.94937
70	14	0.8662
71	14	0.95848
72	14	0.9376
74	14	0.96439
76	14	0.97467
77	14	0.95131
83	14	0.93932
84	14	0.95795
85	14	0.84785
87	14	0.97845
88	14	0.98038
90	14	0.96927
91	14	0.97008
92	14	0.97409
94	14	0.98178
95	14	0.97904
96	14	0.95348
97	14	0.95456
98	14	0.95322
99	14	0.88637
104	14	0.96271
105	14	0.78133
107	14	0.94137
108	14	0.95126
109	14	0.90247
110	14	0.98387
111	14	0.91083
112	14	0.8157
113	14	0.99288
114	14	0.97009
115	14	0.87857
117	14	0.93242
118	14	0.92748
119	14	0.94711
120	14	0.95848
122	14	0.93366
124	14	0.93323
125	14	0.94422
126	14	0.96793
128	14	0.8214
130	14	0.90734
131	14	0.89922
132	14	0.97078
134	14	0.90824
135	14	0.96079
136	14	0.86303
137	14	0.93129
138	14	0.95713
139	14	0.96535
140	14	0.85424
141	14	0.98895
142	14	0.94803
145	14	0.9549
146	14	0.97204
147	14	0.94378
149	14	0.39027
2	15	0.94673
5	15	0.96965
7	15	0.93713
13	15	0.95341
16	15	0.84798
17	15	0.94871
18	15	0.96402
20	15	0.96185
21	15	0.92928
22	15	0.95792
23	15	0.9519
25	15	0.95741
27	15	0.94583
29	15	0.94167
30	15	0.9375
33	15	0.97179
35	15	0.95934
36	15	0.96349
37	15	0.94165
38	15	0.94667
40	15	0.93112
41	15	0.94101
42	15	0.94978
45	15	0.9623
47	15	0.9479
48	15	0.94989
56	15	0.95551
60	15	0.95068
62	15	0.96036
63	15	0.94383
69	15	0.87203
74	15	0.95864
75	15	0.96077
76	15	0.9565
78	15	0.96006
80	15	0.94475
81	15	0.95947
82	15	0.96136
87	15	0.95828
93	15	0.93367
95	15	0.95918
96	15	0.92533
97	15	0.95282
100	15	0.96302
102	15	0.83101
104	15	0.94929
106	15	0.96139
107	15	0.96141
108	15	0.95639
114	15	0.96809
116	15	0.96016
120	15	0.94591
139	15	0.96162
141	15	0.94565
143	15	0.93632
144	15	0.95662
148	15	0.94094
2	16	0.8796
3	16	0.81992
5	16	0.84459
7	16	0.85363
8	16	0.8717
13	16	0.82356
15	16	0.84798
18	16	0.86724
20	16	0.82302
22	16	0.85006
29	16	0.91642
30	16	0.85513
33	16	0.85413
34	16	0.8833
37	16	0.88015
38	16	0.82915
43	16	0.826
47	16	0.82221
50	16	0.87338
52	16	0.83361
56	16	0.84143
61	16	0.93151
63	16	0.81307
69	16	0.93948
74	16	0.81285
75	16	0.84844
78	16	0.87353
79	16	0.90555
80	16	0.89271
81	16	0.8566
82	16	0.83697
86	16	0.86821
89	16	0.85008
93	16	0.81619
100	16	0.84519
101	16	0.84989
103	16	0.85853
104	16	0.83552
106	16	0.81923
107	16	0.84199
114	16	0.81626
116	16	0.83284
119	16	0.83458
121	16	0.95232
123	16	0.88667
129	16	0.73147
133	16	0.74665
139	16	0.81657
142	16	0.81893
143	16	0.82839
144	16	0.88512
148	16	0.8808
2	17	0.96569
3	17	0.94083
4	17	0.93998
5	17	0.97357
6	17	0.94417
7	17	0.97904
10	17	0.94707
12	17	0.90024
13	17	0.97217
14	17	0.96953
15	17	0.94871
18	17	0.93803
20	17	0.97358
22	17	0.93354
23	17	0.94072
24	17	0.91464
25	17	0.9796
26	17	0.94852
27	17	0.95412
29	17	0.9261
30	17	0.96563
32	17	0.95719
33	17	0.97207
35	17	0.93127
36	17	0.95764
37	17	0.94631
38	17	0.93929
40	17	0.90975
41	17	0.96207
42	17	0.97493
45	17	0.98987
47	17	0.95943
48	17	0.96324
49	17	0.91088
50	17	0.94067
53	17	0.91627
55	17	0.95041
56	17	0.94584
57	17	0.89999
60	17	0.94685
62	17	0.95967
63	17	0.98012
73	17	0.93449
74	17	0.96873
75	17	0.964
76	17	0.95886
79	17	0.94638
80	17	0.96382
81	17	0.96851
82	17	0.96011
84	17	0.96181
85	17	0.83722
87	17	0.97488
88	17	0.95472
91	17	0.95842
94	17	0.95561
95	17	0.97729
96	17	0.95012
97	17	0.96658
98	17	0.94287
100	17	0.97099
101	17	0.9512
102	17	0.81343
104	17	0.96206
106	17	0.97989
107	17	0.95723
108	17	0.94891
110	17	0.97353
113	17	0.97465
114	17	0.98985
116	17	0.96841
120	17	0.95129
132	17	0.96898
138	17	0.93332
139	17	0.9748
141	17	0.97388
142	17	0.94743
143	17	0.97524
144	17	0.93091
146	17	0.9664
148	17	0.96801
3	18	0.9555
5	18	0.98915
8	18	0.93404
10	18	0.95973
13	18	0.95029
15	18	0.96402
16	18	0.86724
17	18	0.93803
20	18	0.97947
22	18	0.96696
25	18	0.96407
29	18	0.98
30	18	0.97237
33	18	0.96788
34	18	0.95338
35	18	0.9682
36	18	0.94529
37	18	0.98323
41	18	0.96578
42	18	0.95603
45	18	0.9611
47	18	0.97375
48	18	0.95104
50	18	0.96424
51	18	0.90432
52	18	0.97195
53	18	0.91808
56	18	0.97883
57	18	0.88273
61	18	0.87602
62	18	0.94022
63	18	0.95625
69	18	0.87764
73	18	0.93484
74	18	0.96937
75	18	0.98147
78	18	0.98963
79	18	0.96349
80	18	0.98049
81	18	0.93682
82	18	0.97384
87	18	0.95231
93	18	0.92292
95	18	0.95108
100	18	0.97524
101	18	0.97981
103	18	0.93902
104	18	0.94898
106	18	0.97159
108	18	0.94881
114	18	0.9646
116	18	0.98058
120	18	0.95201
121	18	0.8634
132	18	0.95983
137	18	0.92469
139	18	0.97459
141	18	0.94651
143	18	0.97161
144	18	0.9815
145	18	0.95002
148	18	0.97238
4	19	0.95428
6	19	0.91561
9	19	0.96806
11	19	0.88075
13	19	0.91549
14	19	0.93944
21	19	0.90445
24	19	0.9432
26	19	0.92797
27	19	0.93671
28	19	0.84989
31	19	0.98334
32	19	0.92093
39	19	0.85611
40	19	0.94253
42	19	0.9235
44	19	0.91651
46	19	0.95563
49	19	0.94412
54	19	0.9113
55	19	0.94653
60	19	0.95342
65	19	0.91207
66	19	0.93126
67	19	0.94674
68	19	0.98087
71	19	0.93136
77	19	0.92521
83	19	0.91478
84	19	0.93764
88	19	0.93118
91	19	0.91385
98	19	0.97701
99	19	0.93265
102	19	0.89436
107	19	0.91901
108	19	0.91363
109	19	0.8976
110	19	0.93649
111	19	0.96637
112	19	0.8849
113	19	0.93755
118	19	0.90491
122	19	0.95776
125	19	0.9192
126	19	0.91047
128	19	0.82968
130	19	0.95328
131	19	0.949
134	19	0.97919
135	19	0.94464
136	19	0.9133
138	19	0.92745
140	19	0.92793
141	19	0.91263
146	19	0.95756
147	19	0.95486
149	19	0.57101
3	20	0.95
5	20	0.98955
7	20	0.95938
8	20	0.90781
10	20	0.95748
13	20	0.96898
15	20	0.96185
16	20	0.82302
17	20	0.97358
18	20	0.97947
22	20	0.97307
25	20	0.97346
29	20	0.95038
30	20	0.97055
33	20	0.97556
34	20	0.91643
35	20	0.97043
36	20	0.95119
37	20	0.9727
41	20	0.98721
42	20	0.98244
45	20	0.98481
47	20	0.99063
48	20	0.96664
50	20	0.94632
51	20	0.89797
52	20	0.96417
53	20	0.95298
54	20	0.95292
56	20	0.96188
57	20	0.9032
60	20	0.93278
62	20	0.96626
63	20	0.9753
69	20	0.86671
73	20	0.92362
74	20	0.9685
75	20	0.98253
78	20	0.96921
79	20	0.94519
80	20	0.97508
81	20	0.95452
82	20	0.97986
86	20	0.93747
87	20	0.97191
91	20	0.96169
93	20	0.91163
94	20	0.94997
95	20	0.96643
98	20	0.93119
99	20	0.8794
100	20	0.97946
101	20	0.97606
102	20	0.80831
103	20	0.92849
104	20	0.96325
106	20	0.98282
107	20	0.94203
108	20	0.97295
110	20	0.96473
113	20	0.95438
114	20	0.98798
116	20	0.99017
120	20	0.97306
132	20	0.9835
137	20	0.92819
139	20	0.98546
141	20	0.96838
142	20	0.95862
143	20	0.97703
144	20	0.9637
145	20	0.95906
146	20	0.95643
148	20	0.9777
5	21	0.92325
6	21	0.91871
9	21	0.91812
13	21	0.94688
14	21	0.93851
15	21	0.92928
19	21	0.90445
23	21	0.94001
25	21	0.92906
26	21	0.94214
27	21	0.93546
31	21	0.93909
32	21	0.94194
33	21	0.94368
36	21	0.95919
38	21	0.95672
40	21	0.93239
42	21	0.94372
45	21	0.93494
48	21	0.94952
51	21	0.89474
54	21	0.94773
55	21	0.9278
58	21	0.96043
62	21	0.94364
63	21	0.92586
64	21	0.9231
72	21	0.90929
74	21	0.94152
75	21	0.92861
76	21	0.9645
77	21	0.9246
87	21	0.93529
88	21	0.93949
90	21	0.93024
91	21	0.92009
92	21	0.92575
94	21	0.92529
95	21	0.94614
96	21	0.92266
97	21	0.92336
100	21	0.92043
104	21	0.92719
108	21	0.95095
113	21	0.93208
114	21	0.92252
117	21	0.91919
118	21	0.92867
120	21	0.94396
132	21	0.93135
134	21	0.90353
137	21	0.95072
138	21	0.92579
139	21	0.93844
141	21	0.94854
147	21	0.90936
3	22	0.95467
5	22	0.97042
7	22	0.93007
8	22	0.92945
10	22	0.95503
15	22	0.95792
16	22	0.85006
17	22	0.93354
18	22	0.96696
20	22	0.97307
25	22	0.92979
29	22	0.95178
30	22	0.93253
33	22	0.94722
34	22	0.92605
35	22	0.96601
37	22	0.97551
41	22	0.95207
42	22	0.93605
45	22	0.94982
47	22	0.95688
48	22	0.92782
50	22	0.93955
52	22	0.97177
53	22	0.94784
56	22	0.96061
57	22	0.87873
62	22	0.94616
73	22	0.92109
74	22	0.93428
75	22	0.96972
78	22	0.96708
80	22	0.95351
81	22	0.94637
82	22	0.97881
87	22	0.94731
91	22	0.93789
93	22	0.9559
95	22	0.92843
100	22	0.95335
101	22	0.968
103	22	0.93471
104	22	0.94139
106	22	0.94702
108	22	0.94143
114	22	0.96353
116	22	0.98279
120	22	0.93045
132	22	0.93786
139	22	0.95893
142	22	0.9289
143	22	0.9537
144	22	0.98657
148	22	0.96549
2	23	0.94539
6	23	0.95763
9	23	0.92208
12	23	0.92677
13	23	0.97069
14	23	0.94322
15	23	0.9519
17	23	0.94072
21	23	0.94001
24	23	0.92545
25	23	0.95879
26	23	0.96483
27	23	0.97958
28	23	0.86061
32	23	0.95134
33	23	0.96657
36	23	0.96277
38	23	0.96798
40	23	0.95818
42	23	0.95636
45	23	0.9465
46	23	0.85305
47	23	0.93893
48	23	0.94873
54	23	0.94165
58	23	0.96269
60	23	0.94741
62	23	0.95252
63	23	0.9447
64	23	0.96281
65	23	0.916
66	23	0.94371
69	23	0.87097
70	23	0.89442
74	23	0.95101
76	23	0.97427
81	23	0.94874
84	23	0.95502
85	23	0.87621
87	23	0.9409
88	23	0.96567
92	23	0.94882
94	23	0.93664
95	23	0.96872
96	23	0.96458
97	23	0.97535
100	23	0.95135
102	23	0.82687
106	23	0.95438
107	23	0.9683
109	23	0.89854
113	23	0.96412
114	23	0.94514
115	23	0.89022
117	23	0.95715
118	23	0.93341
120	23	0.94956
126	23	0.93772
128	23	0.82667
134	23	0.90045
135	23	0.93586
138	23	0.97363
139	23	0.9478
141	23	0.95415
146	23	0.94086
4	24	0.98778
6	24	0.96491
9	24	0.98747
11	24	0.84006
12	24	0.97266
13	24	0.92357
14	24	0.95483
17	24	0.91464
19	24	0.9432
23	24	0.92545
26	24	0.97663
27	24	0.95187
28	24	0.9631
31	24	0.94612
32	24	0.97093
38	24	0.91574
39	24	0.91104
40	24	0.94713
42	24	0.91539
44	24	0.93494
46	24	0.94826
58	24	0.94085
60	24	0.91894
64	24	0.9669
65	24	0.95903
66	24	0.98527
67	24	0.98488
68	24	0.92967
70	24	0.90716
76	24	0.93692
83	24	0.95788
84	24	0.97026
85	24	0.93012
88	24	0.95029
92	24	0.9125
95	24	0.91456
96	24	0.95699
97	24	0.93894
98	24	0.93748
102	24	0.8076
109	24	0.97517
111	24	0.90083
112	24	0.86313
113	24	0.96265
115	24	0.90968
117	24	0.92356
122	24	0.90985
125	24	0.92566
128	24	0.94357
130	24	0.95218
131	24	0.93989
134	24	0.92685
135	24	0.96399
136	24	0.91983
138	24	0.96834
140	24	0.87733
141	24	0.92932
146	24	0.94629
147	24	0.9326
149	24	0.47168
2	25	0.96045
3	25	0.94871
5	25	0.98332
6	25	0.9562
7	25	0.9578
8	25	0.89908
10	25	0.96027
12	25	0.89983
13	25	0.98162
14	25	0.96912
15	25	0.95741
17	25	0.9796
18	25	0.96407
20	25	0.97346
21	25	0.92906
22	25	0.92979
23	25	0.95879
26	25	0.94695
27	25	0.95796
29	25	0.94995
30	25	0.98405
32	25	0.96162
33	25	0.98133
34	25	0.92007
35	25	0.93166
36	25	0.9841
37	25	0.95161
38	25	0.94728
40	25	0.90953
41	25	0.96711
42	25	0.98201
45	25	0.98977
47	25	0.97199
48	25	0.98548
50	25	0.95664
52	25	0.95192
54	25	0.96359
56	25	0.96337
57	25	0.91799
58	25	0.95375
61	25	0.85898
62	25	0.96496
63	25	0.98554
64	25	0.91652
73	25	0.95977
74	25	0.99609
75	25	0.97958
76	25	0.97549
78	25	0.96016
79	25	0.96264
80	25	0.97196
81	25	0.95594
82	25	0.96736
84	25	0.94264
85	25	0.84694
87	25	0.98086
88	25	0.9548
89	25	0.82101
90	25	0.95202
91	25	0.95313
92	25	0.95336
94	25	0.97381
95	25	0.99371
96	25	0.95995
97	25	0.97694
100	25	0.98285
101	25	0.95965
104	25	0.95888
106	25	0.98999
107	25	0.94553
108	25	0.94938
110	25	0.95716
113	25	0.97589
114	25	0.98513
116	25	0.96912
117	25	0.93343
120	25	0.96028
123	25	0.92036
132	25	0.97095
137	25	0.93669
138	25	0.93584
139	25	0.99087
141	25	0.98965
142	25	0.95108
143	25	0.981
144	25	0.94121
145	25	0.96359
146	25	0.94334
148	25	0.96794
150	25	0.92922
4	26	0.97519
6	26	0.96927
9	26	0.96882
11	26	0.78544
12	26	0.96376
13	26	0.96068
14	26	0.97164
17	26	0.94852
19	26	0.92797
21	26	0.94214
23	26	0.96483
24	26	0.97663
25	26	0.94695
27	26	0.96873
28	26	0.91937
31	26	0.95134
32	26	0.99037
33	26	0.94202
36	26	0.95851
38	26	0.9579
39	26	0.84159
40	26	0.96133
42	26	0.94882
44	26	0.91523
45	26	0.94869
46	26	0.9035
48	26	0.94201
54	26	0.93573
58	26	0.97506
60	26	0.94627
63	26	0.9431
64	26	0.98577
65	26	0.94574
66	26	0.9685
67	26	0.9698
68	26	0.93038
70	26	0.9046
72	26	0.90277
76	26	0.97387
83	26	0.93829
84	26	0.97942
85	26	0.90242
88	26	0.96794
90	26	0.93626
92	26	0.94704
94	26	0.93594
95	26	0.95669
96	26	0.97917
97	26	0.96647
98	26	0.94491
102	26	0.82287
107	26	0.93806
109	26	0.94387
110	26	0.93687
111	26	0.88587
112	26	0.80286
113	26	0.97435
115	26	0.90865
117	26	0.95237
122	26	0.90663
125	26	0.9325
126	26	0.94157
128	26	0.89372
130	26	0.92681
131	26	0.89931
134	26	0.9302
135	26	0.96469
136	26	0.87589
137	26	0.92935
138	26	0.98605
140	26	0.86037
141	26	0.96293
146	26	0.9488
147	26	0.93123
149	26	0.36602
2	27	0.96015
4	27	0.96146
6	27	0.98191
7	27	0.94683
9	27	0.95265
11	27	0.78073
12	27	0.94837
13	27	0.98183
14	27	0.96576
15	27	0.94583
17	27	0.95412
19	27	0.93671
21	27	0.93546
23	27	0.97958
24	27	0.95187
25	27	0.95796
26	27	0.96873
28	27	0.89152
31	27	0.94085
32	27	0.97256
33	27	0.96391
36	27	0.95695
38	27	0.97614
39	27	0.82284
40	27	0.97207
42	27	0.9673
43	27	0.89255
44	27	0.90537
45	27	0.95794
46	27	0.8988
48	27	0.95647
54	27	0.95638
55	27	0.94183
58	27	0.96945
59	27	0.89821
60	27	0.96676
62	27	0.94465
63	27	0.9669
64	27	0.95549
65	27	0.94817
66	27	0.97001
67	27	0.95843
68	27	0.93743
69	27	0.86542
70	27	0.9222
74	27	0.95005
76	27	0.97401
83	27	0.92861
84	27	0.98029
85	27	0.89455
87	27	0.95157
88	27	0.9772
89	27	0.83918
90	27	0.94201
92	27	0.95974
95	27	0.96718
96	27	0.95973
97	27	0.97582
98	27	0.95029
99	27	0.88697
102	27	0.84428
107	27	0.98645
109	27	0.93331
110	27	0.95593
111	27	0.87962
112	27	0.79762
113	27	0.98189
114	27	0.95056
115	27	0.89722
117	27	0.95984
118	27	0.92444
122	27	0.89972
123	27	0.91403
125	27	0.91648
126	27	0.93555
127	27	0.82545
128	27	0.85179
129	27	0.69926
130	27	0.92785
131	27	0.89958
133	27	0.65082
134	27	0.92669
135	27	0.96101
136	27	0.85825
138	27	0.98475
140	27	0.83432
141	27	0.9709
146	27	0.9665
4	28	0.92964
6	28	0.91871
9	28	0.93712
11	28	0.7903
12	28	0.97747
13	28	0.83737
14	28	0.86795
19	28	0.84989
23	28	0.86061
24	28	0.9631
26	28	0.91937
27	28	0.89152
31	28	0.8465
32	28	0.91057
36	28	0.83669
38	28	0.85304
39	28	0.93714
40	28	0.89866
44	28	0.91012
46	28	0.9165
58	28	0.89258
59	28	0.8447
64	28	0.9393
65	28	0.95807
66	28	0.95734
67	28	0.94179
68	28	0.84019
70	28	0.93027
76	28	0.87252
83	28	0.93418
84	28	0.90673
85	28	0.9748
88	28	0.87896
90	28	0.83045
92	28	0.84233
96	28	0.92095
97	28	0.89209
109	28	0.98421
112	28	0.80207
113	28	0.88348
115	28	0.89475
117	28	0.88866
125	28	0.85553
128	28	0.98591
130	28	0.90936
131	28	0.90128
134	28	0.83314
135	28	0.92376
136	28	0.88943
138	28	0.92723
141	28	0.84311
146	28	0.84023
149	28	0.40437
2	29	0.94031
3	29	0.96194
5	29	0.97281
7	29	0.92452
8	29	0.95666
10	29	0.96675
13	29	0.93015
15	29	0.94167
16	29	0.91642
17	29	0.9261
18	29	0.98
20	29	0.95038
22	29	0.95178
25	29	0.94995
30	29	0.96724
33	29	0.95215
34	29	0.96816
35	29	0.92124
36	29	0.92371
37	29	0.98001
41	29	0.92335
42	29	0.92816
45	29	0.93684
47	29	0.94284
48	29	0.91697
50	29	0.98369
52	29	0.95913
56	29	0.97829
57	29	0.87713
61	29	0.90304
63	29	0.93423
69	29	0.87784
73	29	0.95356
74	29	0.9569
75	29	0.96715
78	29	0.98002
79	29	0.97428
80	29	0.98184
81	29	0.94024
82	29	0.95192
87	29	0.92404
89	29	0.82552
93	29	0.90361
95	29	0.93619
100	29	0.96959
101	29	0.97335
103	29	0.92807
104	29	0.92108
106	29	0.95158
114	29	0.94231
116	29	0.95632
121	29	0.8991
132	29	0.91818
139	29	0.95561
143	29	0.96849
144	29	0.98004
148	29	0.97523
2	30	0.96908
3	30	0.96228
5	30	0.98147
6	30	0.94014
7	30	0.97028
8	30	0.93994
10	30	0.95892
13	30	0.97971
15	30	0.9375
16	30	0.85513
17	30	0.96563
18	30	0.97237
20	30	0.97055
22	30	0.93253
25	30	0.98405
29	30	0.96724
33	30	0.98114
34	30	0.96084
35	30	0.93367
36	30	0.95868
37	30	0.96788
38	30	0.94196
41	30	0.96962
42	30	0.9801
43	30	0.91952
45	30	0.98021
47	30	0.97359
48	30	0.9752
50	30	0.9693
51	30	0.92011
52	30	0.96953
54	30	0.96213
56	30	0.95335
57	30	0.89449
61	30	0.91576
63	30	0.9883
69	30	0.88363
73	30	0.95567
74	30	0.98789
75	30	0.98461
78	30	0.96802
79	30	0.98898
80	30	0.99107
81	30	0.94218
82	30	0.97179
86	30	0.96213
87	30	0.97453
89	30	0.88484
90	30	0.9494
91	30	0.95123
92	30	0.95589
94	30	0.96736
95	30	0.97926
97	30	0.94197
100	30	0.97218
101	30	0.97032
103	30	0.90558
104	30	0.96939
105	30	0.79685
106	30	0.97927
110	30	0.95725
114	30	0.97687
116	30	0.97363
117	30	0.92943
119	30	0.96215
120	30	0.96016
121	30	0.89144
123	30	0.95621
124	30	0.93843
127	30	0.88255
132	30	0.97676
133	30	0.64927
137	30	0.93966
139	30	0.98551
141	30	0.97609
142	30	0.97046
143	30	0.98292
144	30	0.95117
145	30	0.97835
148	30	0.98262
150	30	0.94809
4	31	0.96969
6	31	0.93768
9	31	0.96783
11	31	0.8801
13	31	0.94196
14	31	0.97249
19	31	0.98334
21	31	0.93909
24	31	0.94612
26	31	0.95134
27	31	0.94085
28	31	0.8465
32	31	0.94767
39	31	0.83135
40	31	0.92959
42	31	0.95476
44	31	0.92454
45	31	0.93408
46	31	0.91902
48	31	0.93861
49	31	0.96267
53	31	0.91707
54	31	0.94935
55	31	0.9635
58	31	0.93483
60	31	0.94028
62	31	0.93861
64	31	0.91038
65	31	0.91239
66	31	0.93626
67	31	0.96038
68	31	0.98345
71	31	0.97031
72	31	0.92128
76	31	0.93644
77	31	0.95979
83	31	0.93199
84	31	0.9338
87	31	0.93513
88	31	0.95894
91	31	0.94863
92	31	0.94042
94	31	0.93668
98	31	0.97194
99	31	0.91822
102	31	0.83633
108	31	0.94291
109	31	0.89082
110	31	0.9602
111	31	0.95644
112	31	0.87243
113	31	0.95945
115	31	0.88787
118	31	0.9363
120	31	0.94123
122	31	0.97444
125	31	0.95881
126	31	0.94878
128	31	0.82095
130	31	0.93915
131	31	0.93581
132	31	0.93908
134	31	0.95988
135	31	0.95185
136	31	0.90873
138	31	0.93524
140	31	0.9214
141	31	0.94789
146	31	0.95931
147	31	0.97753
149	31	0.52641
4	32	0.98025
6	32	0.97901
9	32	0.95979
11	32	0.78619
12	32	0.96098
13	32	0.96804
14	32	0.98109
17	32	0.95719
19	32	0.92093
21	32	0.94194
23	32	0.95134
24	32	0.97093
25	32	0.96162
26	32	0.99037
27	32	0.97256
28	32	0.91057
31	32	0.94767
33	32	0.94512
36	32	0.9618
38	32	0.95782
39	32	0.83268
40	32	0.9496
42	32	0.95787
44	32	0.91555
45	32	0.96085
46	32	0.88514
48	32	0.95707
54	32	0.95205
58	32	0.97448
59	32	0.87303
60	32	0.93759
63	32	0.96387
64	32	0.97262
65	32	0.9372
66	32	0.96422
67	32	0.97179
68	32	0.92381
70	32	0.90595
72	32	0.90221
74	32	0.95217
76	32	0.97258
83	32	0.93217
84	32	0.98069
85	32	0.90033
87	32	0.94783
88	32	0.96526
90	32	0.94783
92	32	0.9524
94	32	0.94393
95	32	0.96399
96	32	0.97311
97	32	0.96785
98	32	0.93419
102	32	0.79672
106	32	0.93868
107	32	0.93971
109	32	0.93762
110	32	0.95
112	32	0.79116
113	32	0.98181
114	32	0.94435
115	32	0.89697
117	32	0.9545
122	32	0.89841
125	32	0.92778
126	32	0.93479
128	32	0.87679
130	32	0.92274
131	32	0.89523
132	32	0.9423
134	32	0.91471
135	32	0.95425
136	32	0.86979
137	32	0.92417
138	32	0.97762
139	32	0.9391
140	32	0.85069
141	32	0.97848
146	32	0.95307
147	32	0.92241
2	33	0.98254
3	33	0.937
5	33	0.97856
6	33	0.94458
7	33	0.98264
8	33	0.9038
10	33	0.94919
13	33	0.98905
14	33	0.96387
15	33	0.97179
16	33	0.85413
17	33	0.97207
18	33	0.96788
20	33	0.97556
21	33	0.94368
22	33	0.94722
23	33	0.96657
25	33	0.98133
26	33	0.94202
27	33	0.96391
29	33	0.95215
30	33	0.98114
32	33	0.94512
34	33	0.93067
35	33	0.94537
36	33	0.97995
37	33	0.95989
38	33	0.9687
40	33	0.92717
41	33	0.9663
42	33	0.98938
43	33	0.91008
45	33	0.98597
47	33	0.97265
48	33	0.97954
50	33	0.94623
51	33	0.90801
52	33	0.9524
53	33	0.92743
54	33	0.96204
55	33	0.95689
56	33	0.95242
57	33	0.90969
58	33	0.9529
59	33	0.88025
60	33	0.94263
61	33	0.89981
62	33	0.97669
63	33	0.97989
69	33	0.90237
72	33	0.89141
73	33	0.93359
74	33	0.9832
75	33	0.98378
76	33	0.97659
77	33	0.92868
78	33	0.97128
79	33	0.97501
80	33	0.97675
81	33	0.96843
82	33	0.98037
84	33	0.93651
86	33	0.96172
87	33	0.98452
88	33	0.97184
89	33	0.85438
90	33	0.95642
91	33	0.97183
92	33	0.96282
93	33	0.92499
94	33	0.96802
95	33	0.98747
96	33	0.94517
97	33	0.96203
98	33	0.93675
100	33	0.97757
101	33	0.95459
103	33	0.89974
104	33	0.98475
106	33	0.98045
107	33	0.9674
108	33	0.9667
110	33	0.96477
113	33	0.9657
114	33	0.98563
116	33	0.97147
117	33	0.9325
118	33	0.93364
119	33	0.9668
120	33	0.97501
121	33	0.86534
123	33	0.95194
124	33	0.92703
126	33	0.9336
127	33	0.84813
129	33	0.69697
132	33	0.97244
133	33	0.63863
137	33	0.94483
138	33	0.93197
139	33	0.98622
141	33	0.97948
142	33	0.96462
143	33	0.97061
144	33	0.94834
145	33	0.95774
146	33	0.94542
148	33	0.96989
150	33	0.93758
2	34	0.92354
3	34	0.97004
5	34	0.93953
7	34	0.91585
8	34	0.98493
10	34	0.95277
16	34	0.8833
18	34	0.95338
20	34	0.91643
22	34	0.92605
25	34	0.92007
29	34	0.96816
30	34	0.96084
33	34	0.93067
35	34	0.91204
37	34	0.96093
41	34	0.91478
45	34	0.91575
47	34	0.91681
48	34	0.91183
50	34	0.95638
52	34	0.97412
56	34	0.93366
61	34	0.91305
63	34	0.91712
69	34	0.85741
73	34	0.95546
74	34	0.9348
75	34	0.951
78	34	0.95638
79	34	0.97457
80	34	0.96137
82	34	0.95006
86	34	0.93007
87	34	0.92196
89	34	0.85943
100	34	0.91831
101	34	0.95321
103	34	0.89562
104	34	0.92422
105	34	0.81622
106	34	0.92519
114	34	0.91974
116	34	0.94474
121	34	0.92968
123	34	0.92961
124	34	0.91311
127	34	0.85563
132	34	0.91363
139	34	0.93375
142	34	0.9319
143	34	0.95133
144	34	0.95519
145	34	0.93635
148	34	0.96111
150	34	0.93947
3	35	0.92519
5	35	0.96353
10	35	0.9233
13	35	0.92933
15	35	0.95934
17	35	0.93127
18	35	0.9682
20	35	0.97043
22	35	0.96601
25	35	0.93166
29	35	0.92124
30	35	0.93367
33	35	0.94537
34	35	0.91204
36	35	0.92311
37	35	0.94603
41	35	0.9623
42	35	0.9431
45	35	0.95549
47	35	0.9486
48	35	0.93999
52	35	0.95665
53	35	0.95879
54	35	0.92691
56	35	0.93406
60	35	0.92323
62	35	0.94013
63	35	0.94195
74	35	0.93228
75	35	0.95047
78	35	0.95058
80	35	0.93551
82	35	0.96403
87	35	0.952
91	35	0.92962
93	35	0.92101
99	35	0.87736
100	35	0.92822
101	35	0.93904
102	35	0.8066
103	35	0.88362
104	35	0.9443
106	35	0.94674
108	35	0.96232
110	35	0.93342
114	35	0.959
116	35	0.97655
120	35	0.94674
132	35	0.95846
139	35	0.9475
141	35	0.93537
142	35	0.93023
143	35	0.93604
144	35	0.95295
145	35	0.93465
148	35	0.9396
2	36	0.95295
5	36	0.96529
6	36	0.94436
9	36	0.92486
10	36	0.9436
12	36	0.90585
13	36	0.97213
14	36	0.96676
15	36	0.96349
17	36	0.95764
18	36	0.94529
20	36	0.95119
21	36	0.95919
23	36	0.96277
25	36	0.9841
26	36	0.95851
27	36	0.95695
28	36	0.83669
29	36	0.92371
30	36	0.95868
32	36	0.9618
33	36	0.97995
35	36	0.92311
38	36	0.95858
40	36	0.93705
42	36	0.97275
45	36	0.97938
48	36	0.98193
50	36	0.9258
54	36	0.95445
55	36	0.94758
56	36	0.94924
57	36	0.9251
58	36	0.98031
60	36	0.93261
62	36	0.96901
63	36	0.96139
64	36	0.93124
72	36	0.91569
73	36	0.9356
74	36	0.98641
75	36	0.96728
76	36	0.9925
77	36	0.92286
78	36	0.9518
81	36	0.9492
82	36	0.95864
84	36	0.93558
85	36	0.85061
87	36	0.97794
88	36	0.95545
90	36	0.96406
91	36	0.95042
92	36	0.95123
93	36	0.91483
94	36	0.96685
95	36	0.98879
96	36	0.97372
97	36	0.97647
100	36	0.9668
104	36	0.95337
106	36	0.96579
108	36	0.95011
113	36	0.96444
114	36	0.97085
117	36	0.92501
120	36	0.95045
126	36	0.93628
132	36	0.95135
135	36	0.93858
137	36	0.93886
138	36	0.94695
139	36	0.97928
141	36	0.98365
143	36	0.95541
3	37	0.98039
5	37	0.98539
7	37	0.94842
8	37	0.95668
10	37	0.97565
15	37	0.94165
16	37	0.88015
17	37	0.94631
18	37	0.98323
20	37	0.9727
22	37	0.97551
25	37	0.95161
29	37	0.98001
30	37	0.96788
33	37	0.95989
34	37	0.96093
35	37	0.94603
41	37	0.95924
42	37	0.94391
45	37	0.95735
47	37	0.96647
50	37	0.98192
52	37	0.9803
53	37	0.92223
56	37	0.98307
57	37	0.87546
61	37	0.86846
62	37	0.93756
63	37	0.94099
69	37	0.8682
73	37	0.95068
74	37	0.95749
75	37	0.98535
78	37	0.99215
79	37	0.96731
80	37	0.98866
81	37	0.95849
82	37	0.97993
86	37	0.93158
87	37	0.94851
93	37	0.94389
95	37	0.94411
100	37	0.97749
101	37	0.99634
103	37	0.96945
104	37	0.9506
106	37	0.96679
114	37	0.96655
116	37	0.98312
120	37	0.93951
121	37	0.87694
132	37	0.95369
137	37	0.92475
139	37	0.97223
142	37	0.93725
143	37	0.98511
144	37	0.99086
148	37	0.98634
150	37	0.93194
2	38	0.96761
6	38	0.9562
7	38	0.95682
9	38	0.92461
12	38	0.92039
13	38	0.97248
14	38	0.94726
15	38	0.94667
16	38	0.82915
17	38	0.93929
21	38	0.95672
23	38	0.96798
24	38	0.91574
25	38	0.94728
26	38	0.9579
27	38	0.97614
28	38	0.85304
30	38	0.94196
32	38	0.95782
33	38	0.9687
36	38	0.95858
40	38	0.94552
42	38	0.95219
43	38	0.92028
44	38	0.87428
45	38	0.94933
48	38	0.94979
54	38	0.93707
58	38	0.97437
59	38	0.91686
60	38	0.93069
61	38	0.91153
62	38	0.94404
63	38	0.95422
64	38	0.94073
65	38	0.92022
66	38	0.93077
69	38	0.89071
70	38	0.91407
72	38	0.89449
74	38	0.9535
76	38	0.97843
79	38	0.94235
81	38	0.93964
84	38	0.94717
85	38	0.85572
87	38	0.94972
88	38	0.97521
89	38	0.86458
90	38	0.95355
92	38	0.96225
95	38	0.96569
96	38	0.94978
97	38	0.9651
98	38	0.92961
102	38	0.79556
104	38	0.95527
107	38	0.97222
109	38	0.8911
113	38	0.9521
114	38	0.94346
115	38	0.87619
117	38	0.97025
118	38	0.93974
119	38	0.94501
120	38	0.93913
121	38	0.82879
123	38	0.95172
127	38	0.86777
128	38	0.81418
129	38	0.71352
133	38	0.70285
134	38	0.89578
135	38	0.93697
138	38	0.96231
139	38	0.94108
141	38	0.95425
4	39	0.88269
6	39	0.85658
9	39	0.87925
11	39	0.82668
12	39	0.88643
14	39	0.79454
19	39	0.85611
24	39	0.91104
26	39	0.84159
27	39	0.82284
28	39	0.93714
31	39	0.83135
32	39	0.83268
40	39	0.82957
44	39	0.95581
46	39	0.94394
49	39	0.78928
58	39	0.79027
59	39	0.78849
64	39	0.86703
65	39	0.94071
66	39	0.90919
67	39	0.9148
68	39	0.85983
70	39	0.89724
83	39	0.91874
84	39	0.83772
85	39	0.85958
88	39	0.80666
92	39	0.77519
96	39	0.78375
98	39	0.79572
109	39	0.95573
111	39	0.80706
112	39	0.91272
113	39	0.80988
115	39	0.9187
117	39	0.81589
122	39	0.85398
125	39	0.86658
128	39	0.96343
130	39	0.95073
131	39	0.94882
134	39	0.85484
135	39	0.85465
136	39	0.95952
138	39	0.8622
140	39	0.88255
146	39	0.79989
147	39	0.84019
149	39	0.664
4	40	0.93446
6	40	0.9363
9	40	0.95937
12	40	0.94165
13	40	0.9442
14	40	0.92445
15	40	0.93112
17	40	0.90975
19	40	0.94253
21	40	0.93239
23	40	0.95818
24	40	0.94713
25	40	0.90953
26	40	0.96133
27	40	0.97207
28	40	0.89866
31	40	0.92959
32	40	0.9496
33	40	0.92717
36	40	0.93705
38	40	0.94552
39	40	0.82957
42	40	0.92562
44	40	0.88529
45	40	0.91557
46	40	0.93024
54	40	0.90882
55	40	0.91519
58	40	0.95025
60	40	0.96901
63	40	0.91086
64	40	0.95637
65	40	0.93432
66	40	0.94018
67	40	0.92927
68	40	0.91435
70	40	0.88971
76	40	0.94987
84	40	0.97132
85	40	0.88896
88	40	0.93448
95	40	0.91878
96	40	0.95221
97	40	0.94839
98	40	0.93812
102	40	0.87684
107	40	0.95086
109	40	0.9238
113	40	0.93973
117	40	0.91049
128	40	0.86701
130	40	0.91648
131	40	0.88381
134	40	0.94315
135	40	0.9501
136	40	0.83987
138	40	0.96957
140	40	0.82511
141	40	0.93223
146	40	0.92754
3	41	0.94187
5	41	0.97554
7	41	0.95675
8	41	0.90697
10	41	0.93337
13	41	0.9616
14	41	0.95306
15	41	0.94101
17	41	0.96207
18	41	0.96578
20	41	0.98721
22	41	0.95207
25	41	0.96711
29	41	0.92335
30	41	0.96962
33	41	0.9663
34	41	0.91478
35	41	0.9623
37	41	0.95924
42	41	0.97779
43	41	0.88402
45	41	0.97983
47	41	0.99355
48	41	0.97686
49	41	0.92891
50	41	0.92663
51	41	0.93074
52	41	0.96724
53	41	0.96039
54	41	0.96827
55	41	0.94064
56	41	0.93519
62	41	0.97633
63	41	0.9755
69	41	0.86149
71	41	0.94468
73	41	0.91681
74	41	0.9644
75	41	0.97981
77	41	0.92105
78	41	0.95442
80	41	0.9667
82	41	0.98163
86	41	0.94966
87	41	0.97811
91	41	0.97541
93	41	0.90927
94	41	0.96535
95	41	0.96431
99	41	0.89857
100	41	0.95991
101	41	0.96715
102	41	0.79448
103	41	0.92206
104	41	0.97172
105	41	0.82675
106	41	0.98327
108	41	0.98231
110	41	0.9755
111	41	0.87642
113	41	0.95227
114	41	0.98432
116	41	0.98693
118	41	0.92992
119	41	0.96269
120	41	0.98904
121	41	0.82935
124	41	0.95183
126	41	0.93692
129	41	0.70803
132	41	0.99394
137	41	0.9327
139	41	0.98247
141	41	0.96617
142	41	0.98005
143	41	0.96609
144	41	0.94696
145	41	0.9799
146	41	0.95182
148	41	0.97135
150	41	0.94919
2	42	0.96698
3	42	0.92924
4	42	0.95113
5	42	0.97346
6	42	0.96251
7	42	0.97646
9	42	0.93102
10	42	0.94042
13	42	0.99267
14	42	0.98387
15	42	0.94978
17	42	0.97493
18	42	0.95603
19	42	0.9235
20	42	0.98244
21	42	0.94372
22	42	0.93605
23	42	0.95636
24	42	0.91539
25	42	0.98201
26	42	0.94882
27	42	0.9673
29	42	0.92816
30	42	0.9801
31	42	0.95476
32	42	0.95787
33	42	0.98938
35	42	0.9431
36	42	0.97275
37	42	0.94391
38	42	0.95219
40	42	0.92562
41	42	0.97779
43	42	0.91412
45	42	0.99095
47	42	0.98027
48	42	0.98687
49	42	0.93287
50	42	0.92969
51	42	0.91396
52	42	0.9469
53	42	0.94099
54	42	0.9816
55	42	0.96303
56	42	0.93189
57	42	0.91639
58	42	0.94768
59	42	0.87769
60	42	0.94529
61	42	0.8626
62	42	0.97573
63	42	0.98991
64	42	0.90629
66	42	0.92494
67	42	0.93219
68	42	0.9249
69	42	0.87131
71	42	0.94753
72	42	0.90127
73	42	0.9193
74	42	0.97991
75	42	0.97689
76	42	0.97056
77	42	0.94057
78	42	0.949
79	42	0.95466
80	42	0.96645
81	42	0.94718
82	42	0.97161
84	42	0.94714
86	42	0.9598
87	42	0.98597
88	42	0.97737
89	42	0.84346
90	42	0.9569
91	42	0.97887
92	42	0.96808
94	42	0.97957
95	42	0.98604
96	42	0.93858
97	42	0.95402
98	42	0.95351
99	42	0.8879
100	42	0.96736
101	42	0.94709
102	42	0.79534
103	42	0.88245
104	42	0.97842
105	42	0.79428
106	42	0.97647
107	42	0.96028
108	42	0.97094
110	42	0.98432
111	42	0.8934
113	42	0.98479
114	42	0.98594
