4	2	0.99096
7	2	0.99202
9	2	0.9936
10	2	0.98472
11	2	0.88805
12	2	0.99757
13	2	0.99404
14	2	0.99241
15	2	0.99526
16	2	0.99378
19	2	0.99536
20	2	0.99714
21	2	0.99618
22	2	0.99573
23	2	0.99657
25	2	0.99778
27	2	0.99695
28	2	0.98631
32	2	0.99464
34	2	0.99486
35	2	0.99296
36	2	0.99864
38	2	0.99649
40	2	0.96796
41	2	0.99478
42	2	0.99724
44	2	0.99609
45	2	0.99706
46	2	0.99338
49	2	0.98753
50	2	0.92587
52	2	0.99448
53	2	0.99505
60	2	0.9913
64	2	0.99892
69	2	0.9917
71	2	0.9972
72	2	0.94722
73	2	0.98556
74	2	0.99847
75	2	0.99636
76	2	0.99448
77	2	0.99637
78	2	0.99544
79	2	0.99823
80	2	0.99831
81	2	0.99541
84	2	0.99517
85	2	0.99781
93	2	0.99806
96	2	0.99922
98	2	0.99502
99	2	0.98791
100	2	0.99021
101	2	0.99499
103	2	0.99725
104	2	0.99505
105	2	0.99783
106	2	0.99552
107	2	0.99532
108	2	0.99093
109	2	0.99622
113	2	0.99384
114	2	0.99489
115	2	0.99539
121	2	0.99552
123	2	0.99716
126	2	0.99519
128	2	0.99373
129	2	0.9958
132	2	0.99746
134	2	0.98802
138	2	0.99804
141	2	0.99582
142	2	0.99665
143	2	0.99362
144	2	0.99258
150	2	0.88922
5	3	0.98853
7	3	0.98155
8	3	0.98955
9	3	0.98346
11	3	0.92887
13	3	0.97137
15	3	0.97284
16	3	0.97959
17	3	0.9745
18	3	0.98911
19	3	0.97126
20	3	0.9722
21	3	0.97981
22	3	0.97426
24	3	0.985
26	3	0.98469
28	3	0.98065
29	3	0.99179
31	3	0.9724
33	3	0.97795
34	3	0.97933
35	3	0.97209
37	3	0.9869
40	3	0.97893
41	3	0.9744
42	3	0.96926
46	3	0.98485
47	3	0.97607
49	3	0.97299
50	3	0.9464
56	3	0.62196
57	3	0.96874
60	3	0.98268
69	3	0.96938
73	3	0.99052
78	3	0.98116
81	3	0.97058
84	3	0.97589
93	3	0.96977
99	3	0.97617
100	3	0.97584
101	3	0.97202
102	3	0.98729
103	3	0.96966
111	3	0.98208
113	3	0.97027
133	3	0.98455
134	3	0.9864
140	3	0.97396
141	3	0.96828
143	3	0.97139
144	3	0.98188
148	3	0.98771
150	3	0.90282
2	4	0.99096
7	4	0.99551
8	4	0.97945
9	4	0.98967
10	4	0.99453
11	4	0.89765
12	4	0.99048
14	4	0.99399
15	4	0.99457
16	4	0.99113
17	4	0.99814
20	4	0.9968
22	4	0.9939
24	4	0.96539
26	4	0.97096
32	4	0.99777
34	4	0.99118
35	4	0.99778
36	4	0.99331
41	4	0.99294
45	4	0.99441
49	4	0.99621
50	4	0.93947
52	4	0.99703
56	4	0.50393
57	4	0.95079
64	4	0.99155
67	4	0.99418
71	4	0.99083
72	4	0.9542
74	4	0.99425
78	4	0.99065
80	4	0.99316
81	4	0.99688
84	4	0.99313
85	4	0.9957
96	4	0.99415
97	4	0.99082
98	4	0.99295
99	4	0.98917
101	4	0.99889
103	4	0.99139
104	4	0.99798
105	4	0.99231
109	4	0.99103
111	4	0.99086
113	4	0.9968
114	4	0.9947
123	4	0.9907
124	4	0.99122
126	4	0.99154
128	4	0.99685
132	4	0.99556
133	4	0.99297
138	4	0.99332
141	4	0.99618
142	4	0.99028
143	4	0.99715
144	4	0.99217
147	4	0.99102
150	4	0.897
3	5	0.98853
6	5	0.98795
7	5	0.99252
8	5	0.99584
9	5	0.99249
13	5	0.99011
16	5	0.99472
17	5	0.98923
18	5	0.99659
19	5	0.98816
20	5	0.9857
21	5	0.99373
22	5	0.99144
24	5	0.96837
25	5	0.98487
26	5	0.99078
28	5	0.99592
29	5	0.99784
31	5	0.98845
33	5	0.99258
34	5	0.99149
35	5	0.98516
37	5	0.99877
40	5	0.98196
41	5	0.992
42	5	0.98779
46	5	0.99269
47	5	0.99484
53	5	0.98457
56	5	0.51709
57	5	0.94135
60	5	0.99356
69	5	0.98594
73	5	0.99768
78	5	0.99174
80	5	0.98565
81	5	0.98684
84	5	0.98854
93	5	0.9882
99	5	0.98682
100	5	0.98712
101	5	0.98586
102	5	0.99693
103	5	0.98598
109	5	0.98573
111	5	0.99545
133	5	0.99514
134	5	0.99411
140	5	0.99211
141	5	0.98584
143	5	0.98708
144	5	0.99633
146	5	0.98473
148	5	0.9992
5	6	0.98795
12	6	0.99399
13	6	0.99834
16	6	0.99127
18	6	0.97947
19	6	0.99708
21	6	0.99514
22	6	0.99217
25	6	0.99505
26	6	0.97401
27	6	0.9949
28	6	0.98827
30	6	0.99451
31	6	0.99734
33	6	0.99171
37	6	0.99059
38	6	0.99148
39	6	0.99432
40	6	0.97559
41	6	0.99479
42	6	0.99629
43	6	0.99304
44	6	0.99586
46	6	0.99168
47	6	0.99664
51	6	0.9944
53	6	0.99776
54	6	0.99335
60	6	0.99226
63	6	0.9955
64	6	0.99229
65	6	0.99831
69	6	0.99355
75	6	0.9915
77	6	0.99081
80	6	0.99118
93	6	0.99541
100	6	0.98578
102	6	0.98707
106	6	0.99282
107	6	0.9932
109	6	0.99524
111	6	0.9934
112	6	0.99366
115	6	0.99402
121	6	0.99203
126	6	0.99208
129	6	0.99258
130	6	0.99327
131	6	0.98715
137	6	0.99069
139	6	0.99185
140	6	0.99487
141	6	0.99124
145	6	0.99593
146	6	0.99881
147	6	0.99274
148	6	0.99188
149	6	0.99481
2	7	0.99202
3	7	0.98155
4	7	0.99551
5	7	0.99252
8	7	0.99142
9	7	0.99773
10	7	0.99106
11	7	0.8965
15	7	0.99298
16	7	0.9956
17	7	0.99832
18	7	0.98425
19	7	0.99122
20	7	0.99719
21	7	0.99461
22	7	0.99579
24	7	0.97245
25	7	0.992
26	7	0.9862
28	7	0.9928
29	7	0.99046
32	7	0.99332
34	7	0.9969
35	7	0.99689
37	7	0.98963
40	7	0.97582
41	7	0.99582
46	7	0.99584
49	7	0.9951
50	7	0.93495
52	7	0.9923
56	7	0.51185
57	7	0.95223
60	7	0.99603
64	7	0.99194
73	7	0.99511
74	7	0.99261
78	7	0.9973
80	7	0.99474
81	7	0.99738
84	7	0.99781
85	7	0.99267
93	7	0.99214
96	7	0.99395
98	7	0.9916
99	7	0.99471
100	7	0.98986
101	7	0.99814
102	7	0.99529
103	7	0.99163
104	7	0.99351
109	7	0.99295
111	7	0.99761
113	7	0.99632
128	7	0.99229
132	7	0.99269
133	7	0.99895
134	7	0.99746
140	7	0.98781
141	7	0.99598
143	7	0.99642
144	7	0.99837
148	7	0.99382
150	7	0.88623
3	8	0.98955
4	8	0.97945
5	8	0.99584
7	8	0.99142
9	8	0.99141
10	8	0.9809
11	8	0.89542
13	8	0.97913
15	8	0.98275
16	8	0.99109
17	8	0.98771
18	8	0.99172
20	8	0.98548
21	8	0.98699
22	8	0.98666
24	8	0.96494
26	8	0.98693
28	8	0.98961
29	8	0.99832
33	8	0.97937
34	8	0.99208
35	8	0.98769
37	8	0.99104
40	8	0.97366
41	8	0.98513
46	8	0.98596
47	8	0.98601
49	8	0.9885
50	8	0.93034
52	8	0.97932
56	8	0.53932
57	8	0.94639
60	8	0.9868
69	8	0.97858
73	8	0.9962
74	8	0.97815
78	8	0.99056
80	8	0.9785
81	8	0.98134
84	8	0.9838
93	8	0.97999
99	8	0.98216
100	8	0.97941
101	8	0.98509
102	8	0.99197
103	8	0.98053
104	8	0.97869
111	8	0.98903
113	8	0.97853
133	8	0.99548
134	8	0.9913
140	8	0.97942
141	8	0.97939
143	8	0.98201
144	8	0.9939
148	8	0.99364
2	9	0.9936
3	9	0.98346
4	9	0.98967
5	9	0.99249
7	9	0.99773
8	9	0.99141
10	9	0.98815
11	9	0.89424
15	9	0.99081
16	9	0.99392
17	9	0.99336
18	9	0.984
19	9	0.9921
20	9	0.99632
21	9	0.99579
22	9	0.9932
24	9	0.96998
25	9	0.99168
26	9	0.98213
28	9	0.99343
29	9	0.99258
33	9	0.97737
34	9	0.99859
35	9	0.9941
36	9	0.98983
37	9	0.98897
40	9	0.98224
41	9	0.99272
42	9	0.99168
46	9	0.99718
49	9	0.99168
50	9	0.93313
52	9	0.98967
56	9	0.51097
57	9	0.94879
60	9	0.99633
64	9	0.99161
73	9	0.99659
74	9	0.99192
78	9	0.99875
80	9	0.9942
81	9	0.99393
84	9	0.99789
85	9	0.9909
93	9	0.9922
96	9	0.99353
99	9	0.99164
100	9	0.99549
101	9	0.99473
102	9	0.99584
103	9	0.99052
104	9	0.99002
105	9	0.99159
109	9	0.99078
111	9	0.99559
113	9	0.99184
133	9	0.9959
134	9	0.99807
141	9	0.99221
143	9	0.99144
144	9	0.9969
148	9	0.99246
2	10	0.98472
4	10	0.99453
7	10	0.99106
8	10	0.9809
9	10	0.98815
11	10	0.91163
14	10	0.98661
15	10	0.99079
16	10	0.98365
17	10	0.99106
20	10	0.99407
21	10	0.97898
22	10	0.98472
32	10	0.98812
34	10	0.99062
35	10	0.99605
36	10	0.98414
41	10	0.98154
45	10	0.98685
46	10	0.98028
49	10	0.99848
50	10	0.95817
52	10	0.99513
56	10	0.54188
57	10	0.95854
64	10	0.981
67	10	0.98072
72	10	0.95884
73	10	0.97929
74	10	0.98858
78	10	0.98825
80	10	0.98368
81	10	0.98711
84	10	0.98689
85	10	0.98932
96	10	0.9861
98	10	0.97977
99	10	0.98083
101	10	0.99383
103	10	0.98315
104	10	0.9938
105	10	0.99001
111	10	0.9809
113	10	0.98661
114	10	0.98312
123	10	0.97979
124	10	0.98171
128	10	0.98766
132	10	0.98548
133	10	0.98904
134	10	0.98291
138	10	0.98635
141	10	0.98525
143	10	0.98673
144	10	0.9863
150	10	0.91337
2	11	0.88805
3	11	0.92887
4	11	0.89765
7	11	0.8965
8	11	0.89542
9	11	0.89424
10	11	0.91163
14	11	0.88959
15	11	0.91773
16	11	0.89824
17	11	0.89653
20	11	0.89724
21	11	0.8887
22	11	0.89488
24	11	0.96417
29	11	0.8889
32	11	0.8932
34	11	0.89399
35	11	0.90077
36	11	0.88977
41	11	0.88972
46	11	0.90056
49	11	0.90565
50	11	0.98558
52	11	0.89726
56	11	0.82709
57	11	0.98675
59	11	0.89151
72	11	0.97795
73	11	0.88839
74	11	0.89192
78	11	0.88913
81	11	0.88932
84	11	0.88998
85	11	0.8925
96	11	0.88969
101	11	0.89638
103	11	0.90269
104	11	0.90898
105	11	0.90287
111	11	0.89176
113	11	0.89484
124	11	0.91441
128	11	0.9031
132	11	0.88775
133	11	0.89567
134	11	0.88767
143	11	0.89798
144	11	0.89171
148	11	0.89189
150	11	0.99076
2	12	0.99757
4	12	0.99048
6	12	0.99399
13	12	0.99758
14	12	0.99182
15	12	0.99366
16	12	0.99405
17	12	0.99265
19	12	0.99773
20	12	0.99375
21	12	0.99572
22	12	0.99683
23	12	0.99817
25	12	0.99944
27	12	0.99884
28	12	0.98627
30	12	0.99787
31	12	0.99185
32	12	0.99615
33	12	0.976
35	12	0.98975
36	12	0.99873
38	12	0.99765
39	12	0.99586
41	12	0.99722
42	12	0.99871
44	12	0.99889
45	12	0.99603
46	12	0.99314
47	12	0.99335
51	12	0.99568
52	12	0.99064
53	12	0.99802
59	12	0.99541
60	12	0.99132
62	12	0.99513
63	12	0.99885
64	12	0.99958
65	12	0.9952
66	12	0.99611
67	12	0.99653
69	12	0.99151
71	12	0.99859
74	12	0.99638
75	12	0.99829
76	12	0.99728
77	12	0.99805
79	12	0.99781
80	12	0.99864
81	12	0.99681
83	12	0.99439
84	12	0.99409
85	12	0.99642
93	12	0.99898
94	12	0.9951
95	12	0.99572
96	12	0.99856
97	12	0.99706
98	12	0.99763
99	12	0.98784
100	12	0.98746
101	12	0.99359
103	12	0.99756
104	12	0.99344
105	12	0.99349
106	12	0.99813
107	12	0.99717
108	12	0.99376
109	12	0.99831
110	12	0.99722
111	12	0.99387
112	12	0.99498
113	12	0.99591
114	12	0.99686
115	12	0.99676
117	12	0.9957
121	12	0.99799
122	12	0.99326
123	12	0.99765
124	12	0.99406
126	12	0.99882
128	12	0.9955
129	12	0.99707
130	12	0.99528
132	12	0.99836
135	12	0.9955
138	12	0.99595
139	12	0.99697
140	12	0.98715
141	12	0.99774
142	12	0.99827
143	12	0.99618
145	12	0.99685
146	12	0.99528
147	12	0.99699
148	12	0.98718
149	12	0.99205
2	13	0.99404
3	13	0.97137
5	13	0.99011
6	13	0.99834
8	13	0.97913
12	13	0.99758
16	13	0.9963
18	13	0.97881
19	13	0.99816
21	13	0.99774
22	13	0.99708
23	13	0.99491
24	13	0.96567
25	13	0.99761
26	13	0.97317
27	13	0.99742
28	13	0.99035
29	13	0.9814
30	13	0.99713
31	13	0.99504
33	13	0.98817
36	13	0.99467
37	13	0.99025
38	13	0.99456
39	13	0.99563
40	13	0.97185
41	13	0.99799
42	13	0.99897
44	13	0.99774
46	13	0.99427
47	13	0.99828
51	13	0.99529
53	13	0.99872
54	13	0.99145
60	13	0.99316
63	13	0.99701
64	13	0.99641
65	13	0.99689
69	13	0.99444
71	13	0.99409
73	13	0.98745
75	13	0.99513
79	13	0.99386
80	13	0.99555
93	13	0.99884
96	13	0.99429
99	13	0.98768
100	13	0.98762
102	13	0.98832
103	13	0.99658
106	13	0.99705
107	13	0.99565
108	13	0.99069
109	13	0.99706
111	13	0.99582
115	13	0.99612
121	13	0.99539
126	13	0.99632
129	13	0.99538
130	13	0.99462
132	13	0.9944
134	13	0.98737
139	13	0.9953
140	13	0.99308
141	13	0.99503
142	13	0.99421
143	13	0.99424
144	13	0.99346
145	13	0.99766
146	13	0.99837
147	13	0.99521
148	13	0.99358
149	13	0.99531
2	14	0.99241
4	14	0.99399
10	14	0.98661
11	14	0.88959
12	14	0.99182
15	14	0.99479
20	14	0.99308
23	14	0.99526
32	14	0.99635
35	14	0.9921
36	14	0.99631
45	14	0.99842
48	14	0.99506
49	14	0.98813
50	14	0.93037
52	14	0.99709
59	14	0.99448
64	14	0.9922
66	14	0.99236
67	14	0.99642
71	14	0.99617
72	14	0.95826
74	14	0.99637
82	14	0.99201
83	14	0.99549
85	14	0.99743
90	14	0.99171
91	14	0.99214
94	14	0.99755
95	14	0.99428
96	14	0.99364
97	14	0.99647
101	14	0.9929
103	14	0.99379
104	14	0.99711
105	14	0.99266
106	14	0.99393
110	14	0.99477
114	14	0.99817
117	14	0.99502
118	14	0.99237
119	14	0.99184
121	14	0.9916
123	14	0.99566
124	14	0.99544
125	14	0.99351
126	14	0.99453
128	14	0.99684
132	14	0.9966
135	14	0.99603
138	14	0.99612
139	14	0.99299
141	14	0.99224
142	14	0.99626
143	14	0.99195
150	14	0.8997
2	15	0.99526
3	15	0.97284
4	15	0.99457
7	15	0.99298
8	15	0.98275
9	15	0.99081
10	15	0.99079
11	15	0.91773
12	15	0.99366
14	15	0.99479
16	15	0.99598
17	15	0.99542
20	15	0.99703
21	15	0.99265
22	15	0.99692
23	15	0.99415
24	15	0.9729
25	15	0.99219
29	15	0.97894
32	15	0.99567
34	15	0.99403
35	15	0.99621
36	15	0.9966
41	15	0.99478
42	15	0.99203
45	15	0.99544
49	15	0.99355
50	15	0.94943
52	15	0.99702
56	15	0.54311
57	15	0.96008
64	15	0.99421
67	15	0.99285
71	15	0.99419
72	15	0.96815
74	15	0.99736
78	15	0.99236
80	15	0.9943
81	15	0.99419
85	15	0.99733
93	15	0.99452
96	15	0.99554
97	15	0.99204
101	15	0.99623
103	15	0.9983
104	15	0.99859
105	15	0.99569
106	15	0.99508
109	15	0.99192
113	15	0.99371
114	15	0.99468
123	15	0.99318
124	15	0.99749
126	15	0.9942
128	15	0.99734
132	15	0.9964
133	15	0.9912
138	15	0.99478
141	15	0.99458
142	15	0.99437
143	15	0.99566
144	15	0.99365
150	15	0.91765
2	16	0.99378
3	16	0.97959
4	16	0.99113
5	16	0.99472
6	16	0.99127
7	16	0.9956
8	16	0.99109
9	16	0.99392
10	16	0.98365
11	16	0.89824
12	16	0.99405
13	16	0.9963
15	16	0.99598
17	16	0.9966
18	16	0.98377
19	16	0.99329
20	16	0.99502
21	16	0.99732
22	16	0.99933
24	16	0.96933
25	16	0.99385
26	16	0.97917
28	16	0.99243
29	16	0.9899
30	16	0.99289
32	16	0.99296
33	16	0.98437
34	16	0.99561
35	16	0.99461
36	16	0.99435
37	16	0.99182
40	16	0.96956
41	16	0.99846
42	16	0.99522
46	16	0.99399
47	16	0.99777
49	16	0.99062
50	16	0.92891
52	16	0.99173
53	16	0.99312
56	16	0.51435
57	16	0.94776
60	16	0.99305
64	16	0.99389
69	16	0.99248
72	16	0.94788
73	16	0.99307
74	16	0.99406
78	16	0.99509
80	16	0.99451
81	16	0.99499
84	16	0.9929
85	16	0.99342
93	16	0.9968
96	16	0.99387
99	16	0.98899
100	16	0.98571
101	16	0.99508
102	16	0.99129
103	16	0.99729
104	16	0.99324
106	16	0.99521
109	16	0.99416
111	16	0.99712
113	16	0.99326
124	16	0.99274
126	16	0.99398
128	16	0.99319
132	16	0.99466
133	16	0.99604
134	16	0.99139
140	16	0.99032
141	16	0.9951
143	16	0.99624
144	16	0.99855
148	16	0.99653
150	16	0.88879
3	17	0.9745
4	17	0.99814
5	17	0.98923
7	17	0.99832
8	17	0.98771
9	17	0.99336
10	17	0.99106
11	17	0.89653
12	17	0.99265
15	17	0.99542
16	17	0.9966
18	17	0.97838
20	17	0.99703
21	17	0.99311
22	17	0.99775
24	17	0.96934
25	17	0.99251
26	17	0.98096
28	17	0.98871
29	17	0.98466
32	17	0.99688
34	17	0.99427
35	17	0.99786
36	17	0.99378
37	17	0.98622
41	17	0.99738
45	17	0.99224
46	17	0.99218
47	17	0.99209
49	17	0.99558
50	17	0.93388
52	17	0.99503
56	17	0.50645
57	17	0.95045
60	17	0.99238
64	17	0.99311
67	17	0.99299
72	17	0.94927
73	17	0.99009
74	17	0.99418
78	17	0.99438
80	17	0.99473
81	17	0.99821
84	17	0.995
85	17	0.99487
93	17	0.99313
96	17	0.99459
98	17	0.99327
99	17	0.99289
101	17	0.99911
102	17	0.9899
103	17	0.99408
104	17	0.99646
106	17	0.99264
109	17	0.99414
111	17	0.99645
113	17	0.99757
114	17	0.99349
126	17	0.99331
128	17	0.99624
132	17	0.99595
133	17	0.99759
134	17	0.99221
138	17	0.99246
140	17	0.98809
141	17	0.99766
143	17	0.9989
144	17	0.99731
147	17	0.99325
148	17	0.99202
150	17	0.88973
3	18	0.98911
5	18	0.99659
6	18	0.97947
7	18	0.98425
8	18	0.99172
9	18	0.984
13	18	0.97881
16	18	0.98377
17	18	0.97838
19	18	0.97798
20	18	0.97156
21	18	0.98392
22	18	0.97906
25	18	0.97192
26	18	0.99582
28	18	0.98962
29	18	0.996
31	18	0.98257
33	18	0.9919
34	18	0.97993
35	18	0.97165
37	18	0.9977
40	18	0.98515
41	18	0.98121
42	18	0.97497
46	18	0.98532
47	18	0.98576
56	18	0.51794
60	18	0.98823
69	18	0.97478
73	18	0.99433
78	18	0.98217
80	18	0.97194
81	18	0.97545
84	18	0.97879
93	18	0.97472
99	18	0.98121
100	18	0.98018
101	18	0.97325
102	18	0.99479
109	18	0.97386
111	18	0.98861
113	18	0.97312
133	18	0.98849
134	18	0.99001
140	18	0.98886
141	18	0.97354
143	18	0.97533
144	18	0.98748
146	18	0.97389
148	18	0.99485
2	19	0.99536
3	19	0.97126
5	19	0.98816
6	19	0.99708
7	19	0.99122
9	19	0.9921
12	19	0.99773
13	19	0.99816
16	19	0.99329
18	19	0.97798
21	19	0.99788
22	19	0.9948
24	19	0.96601
25	19	0.99902
26	19	0.97477
27	19	0.99696
28	19	0.99055
29	19	0.98084
30	19	0.99406
31	19	0.99691
33	19	0.98523
36	19	0.99412
37	19	0.9889
38	19	0.99551
40	19	0.97926
41	19	0.99644
42	19	0.99907
44	19	0.9976
46	19	0.99703
47	19	0.99449
51	19	0.99494
53	19	0.99787
60	19	0.9962
63	19	0.99765
64	19	0.99756
65	19	0.99711
69	19	0.99245
73	19	0.98859
75	19	0.99529
77	19	0.99487
78	19	0.99295
79	19	0.9966
80	19	0.99719
81	19	0.99525
84	19	0.99529
93	19	0.99813
96	19	0.99598
98	19	0.99534
99	19	0.99084
100	19	0.99383
102	19	0.9909
103	19	0.99401
106	19	0.99386
107	19	0.99689
108	19	0.99374
109	19	0.9978
111	19	0.99619
113	19	0.99409
115	19	0.99457
121	19	0.99391
126	19	0.99428
129	19	0.99394
132	19	0.99373
134	19	0.99112
140	19	0.99131
141	19	0.99562
143	19	0.99345
144	19	0.99247
145	19	0.99542
146	19	0.9958
148	19	0.99146
2	20	0.99714
3	20	0.9722
4	20	0.9968
5	20	0.9857
7	20	0.99719
8	20	0.98548
9	20	0.99632
10	20	0.99407
11	20	0.89724
12	20	0.99375
14	20	0.99308
15	20	0.99703
16	20	0.99502
17	20	0.99703
18	20	0.97156
21	20	0.9942
22	20	0.99631
24	20	0.96602
25	20	0.99392
26	20	0.97135
28	20	0.9887
29	20	0.98302
32	20	0.99618
34	20	0.99797
35	20	0.99849
36	20	0.99638
41	20	0.9949
45	20	0.99594
46	20	0.99316
49	20	0.99621
50	20	0.93881
52	20	0.99807
56	20	0.50379
57	20	0.94936
60	20	0.99168
64	20	0.99548
71	20	0.99343
72	20	0.95167
73	20	0.98918
74	20	0.9983
78	20	0.9971
80	20	0.99707
81	20	0.99704
84	20	0.99687
85	20	0.9982
93	20	0.99449
96	20	0.9977
98	20	0.99348
99	20	0.99041
100	20	0.98804
101	20	0.999
102	20	0.98782
103	20	0.9956
104	20	0.99792
105	20	0.9969
109	20	0.99373
111	20	0.99343
113	20	0.99574
114	20	0.99414
123	20	0.99358
126	20	0.99272
128	20	0.99565
132	20	0.99661
133	20	0.99452
134	20	0.99195
138	20	0.99652
141	20	0.99644
143	20	0.99583
144	20	0.99608
148	20	0.98761
150	20	0.89622
2	21	0.99618
3	21	0.97981
5	21	0.99373
6	21	0.99514
7	21	0.99461
8	21	0.98699
9	21	0.99579
10	21	0.97898
11	21	0.8887
12	21	0.99572
13	21	0.99774
15	21	0.99265
16	21	0.99732
17	21	0.99311
18	21	0.98392
19	21	0.99788
20	21	0.9942
22	21	0.99717
24	21	0.96802
25	21	0.99725
26	21	0.97888
27	21	0.99548
28	21	0.99408
29	21	0.98904
31	21	0.99576
33	21	0.98762
34	21	0.99529
35	21	0.99045
36	21	0.99406
37	21	0.99237
40	21	0.98143
41	21	0.99765
42	21	0.99817
44	21	0.99524
46	21	0.99776
47	21	0.9968
49	21	0.9852
53	21	0.99666
56	21	0.49742
57	21	0.94188
60	21	0.9974
64	21	0.99627
65	21	0.99372
69	21	0.9958
73	21	0.99449
74	21	0.9936
78	21	0.99736
79	21	0.9942
80	21	0.99649
81	21	0.99512
84	21	0.99547
93	21	0.99847
96	21	0.99558
99	21	0.99274
100	21	0.99352
101	21	0.99324
102	21	0.99386
103	21	0.99586
105	21	0.99226
106	21	0.99419
107	21	0.99348
109	21	0.99701
111	21	0.99743
113	21	0.99356
115	21	0.99474
129	21	0.99375
132	21	0.9939
133	21	0.99325
134	21	0.99424
140	21	0.99041
141	21	0.99536
143	21	0.99399
144	21	0.99686
146	21	0.99281
148	21	0.99571
2	22	0.99573
3	22	0.97426
4	22	0.9939
5	22	0.99144
6	22	0.99217
7	22	0.99579
8	22	0.98666
9	22	0.9932
10	22	0.98472
11	22	0.89488
12	22	0.99683
13	22	0.99708
15	22	0.99692
16	22	0.99933
17	22	0.99775
18	22	0.97906
19	22	0.9948
20	22	0.99631
21	22	0.99717
23	22	0.99552
24	22	0.96783
25	22	0.99631
26	22	0.97637
27	22	0.99478
28	22	0.9908
29	22	0.98526
30	22	0.9958
31	22	0.99045
32	22	0.99624
33	22	0.98085
34	22	0.99481
35	22	0.99539
36	22	0.99705
37	22	0.98892
40	22	0.96695
41	22	0.99946
42	22	0.99648
46	22	0.99396
47	22	0.99711
49	22	0.9908
50	22	0.92724
52	22	0.99383
53	22	0.99511
56	22	0.50194
57	22	0.94595
60	22	0.99309
64	22	0.9966
69	22	0.9929
71	22	0.99504
72	22	0.94928
73	22	0.99033
74	22	0.99622
78	22	0.99481
80	22	0.99682
81	22	0.99737
84	22	0.99427
85	22	0.99608
93	22	0.99811
96	22	0.9965
99	22	0.99036
100	22	0.9856
101	22	0.99685
102	22	0.98955
103	22	0.99842
104	22	0.99557
105	22	0.99246
106	22	0.9975
109	22	0.99665
111	22	0.99717
113	22	0.99608
114	22	0.99491
124	22	0.99504
126	22	0.997
128	22	0.99618
132	22	0.99763
133	22	0.99499
134	22	0.99048
139	22	0.9947
140	22	0.99031
141	22	0.99773
142	22	0.9952
143	22	0.99831
144	22	0.99772
146	22	0.99289
147	22	0.99552
148	22	0.99429
149	22	0.99127
150	22	0.88851
2	23	0.99657
12	23	0.99817
13	23	0.99491
14	23	0.99526
15	23	0.99415
22	23	0.99552
25	23	0.99658
27	23	0.99812
30	23	0.99798
32	23	0.99584
36	23	0.99884
38	23	0.99689
39	23	0.99692
41	23	0.99478
42	23	0.99588
43	23	0.99516
44	23	0.99736
45	23	0.99737
48	23	0.99801
51	23	0.99436
52	23	0.99205
53	23	0.99639
55	23	0.98956
58	23	0.98672
59	23	0.99776
61	23	0.99261
62	23	0.99694
63	23	0.99629
64	23	0.99783
65	23	0.99228
66	23	0.99751
67	23	0.99659
68	23	0.98191
69	23	0.99162
71	23	0.99939
72	23	0.94881
74	23	0.99641
75	23	0.99773
76	23	0.9969
77	23	0.99774
79	23	0.99602
80	23	0.99557
82	23	0.99679
83	23	0.99739
85	23	0.99646
86	23	0.99666
87	23	0.99503
89	23	0.99343
90	23	0.99395
91	23	0.9966
92	23	0.99464
93	23	0.99737
94	23	0.99774
95	23	0.99839
96	23	0.99672
97	23	0.99774
98	23	0.99484
103	23	0.99756
104	23	0.99399
105	23	0.99351
106	23	0.99908
107	23	0.99464
108	23	0.99105
109	23	0.99591
110	23	0.99881
112	23	0.99422
114	23	0.99778
115	23	0.99754
116	23	0.99632
117	23	0.99859
118	23	0.99791
119	23	0.99646
120	23	0.99056
121	23	0.99913
122	23	0.99329
123	23	0.99827
124	23	0.99607
125	23	0.99764
126	23	0.99859
127	23	0.99676
128	23	0.99526
129	23	0.99836
130	23	0.99621
132	23	0.99845
135	23	0.99751
136	23	0.99282
137	23	0.99642
138	23	0.9969
139	23	0.99864
141	23	0.99521
142	23	0.99977
143	23	0.99382
145	23	0.99657
146	23	0.99218
147	23	0.99603
149	23	0.9926
150	23	0.88592
3	24	0.985
4	24	0.96539
5	24	0.96837
7	24	0.97245
8	24	0.96494
9	24	0.96998
11	24	0.96417
13	24	0.96567
15	24	0.9729
16	24	0.96933
17	24	0.96934
19	24	0.96601
20	24	0.96602
21	24	0.96802
22	24	0.96783
26	24	0.96516
28	24	0.9646
29	24	0.96604
34	24	0.96513
35	24	0.96528
37	24	0.96814
41	24	0.96834
46	24	0.97794
47	24	0.96492
49	24	0.96475
50	24	0.96957
56	24	0.67932
57	24	0.99196
60	24	0.97006
72	24	0.97173
73	24	0.96909
78	24	0.96597
80	24	0.9643
81	24	0.96847
84	24	0.97032
99	24	0.96471
101	24	0.96762
102	24	0.96992
103	24	0.96771
104	24	0.96788
105	24	0.96497
111	24	0.97353
113	24	0.9715
124	24	0.96884
128	24	0.96817
133	24	0.97093
134	24	0.9715
140	24	0.9662
141	24	0.96671
143	24	0.97134
144	24	0.96868
148	24	0.97204
150	24	0.94523
2	25	0.99778
5	25	0.98487
6	25	0.99505
7	25	0.992
9	25	0.99168
12	25	0.99944
13	25	0.99761
15	25	0.99219
16	25	0.99385
17	25	0.99251
18	25	0.97192
19	25	0.99902
20	25	0.99392
21	25	0.99725
22	25	0.99631
23	25	0.99658
26	25	0.97
27	25	0.99865
28	25	0.98817
30	25	0.99638
31	25	0.99489
32	25	0.99477
33	25	0.97888
34	25	0.99101
36	25	0.99749
37	25	0.98437
38	25	0.99733
39	25	0.99482
40	25	0.97263
41	25	0.99727
42	25	0.99902
44	25	0.99875
45	25	0.99434
46	25	0.99533
47	25	0.99348
51	25	0.99527
53	25	0.99842
60	25	0.99446
63	25	0.99849
64	25	0.99957
65	25	0.99633
67	25	0.99476
69	25	0.99328
71	25	0.99716
73	25	0.98603
74	25	0.99545
75	25	0.99731
76	25	0.99587
77	25	0.99751
78	25	0.99354
79	25	0.9984
80	25	0.99881
81	25	0.99718
84	25	0.99565
85	25	0.9952
93	25	0.99906
96	25	0.99854
98	25	0.99793
99	25	0.99127
100	25	0.99105
101	25	0.99373
102	25	0.9876
103	25	0.99624
105	25	0.99393
106	25	0.99667
107	25	0.99716
108	25	0.99426
109	25	0.99919
111	25	0.99517
113	25	0.99626
115	25	0.9969
121	25	0.99684
122	25	0.99361
123	25	0.9968
126	25	0.99713
129	25	0.99687
130	25	0.99493
131	25	0.98656
132	25	0.9974
134	25	0.9893
138	25	0.99574
140	25	0.98831
141	25	0.99786
142	25	0.99659
143	25	0.99564
144	25	0.9926
145	25	0.99609
146	25	0.9948
147	25	0.99568
148	25	0.98886
3	26	0.98469
4	26	0.97096
5	26	0.99078
6	26	0.97401
7	26	0.9862
8	26	0.98693
9	26	0.98213
13	26	0.97317
16	26	0.97917
17	26	0.98096
18	26	0.99582
19	26	0.97477
20	26	0.97135
21	26	0.97888
22	26	0.97637
24	26	0.96516
25	26	0.97
28	26	0.98432
29	26	0.99007
31	26	0.98077
33	26	0.98158
34	26	0.97609
35	26	0.97297
37	26	0.99297
40	26	0.98203
41	26	0.97962
42	26	0.96937
46	26	0.98347
47	26	0.97959
49	26	0.97167
56	26	0.51163
60	26	0.98793
73	26	0.99108
78	26	0.98005
80	26	0.97071
81	26	0.9782
84	26	0.98009
93	26	0.96992
99	26	0.98581
100	26	0.97652
101	26	0.97598
102	26	0.99374
109	26	0.97349
111	26	0.98819
113	26	0.9773
133	26	0.98932
134	26	0.9908
140	26	0.9883
141	26	0.97552
143	26	0.97767
144	26	0.985
148	26	0.99051
2	27	0.99695
6	27	0.9949
12	27	0.99884
13	27	0.99742
19	27	0.99696
21	27	0.99548
22	27	0.99478
23	27	0.99812
25	27	0.99865
30	27	0.99787
31	27	0.99247
33	27	0.97712
36	27	0.99727
38	27	0.99892
39	27	0.9971
41	27	0.99536
42	27	0.9985
43	27	0.99636
44	27	0.99983
46	27	0.99085
47	27	0.99297
51	27	0.99784
53	27	0.99933
54	27	0.99127
55	27	0.98959
59	27	0.99584
61	27	0.9931
62	27	0.99596
63	27	0.99837
64	27	0.99847
65	27	0.99721
66	27	0.99629
67	27	0.99448
69	27	0.9944
70	27	0.99383
71	27	0.99824
74	27	0.99504
75	27	0.99891
76	27	0.99787
77	27	0.99898
79	27	0.99821
80	27	0.99681
82	27	0.99512
85	27	0.99441
86	27	0.99702
87	27	0.99359
88	27	0.99048
89	27	0.99192
91	27	0.99388
92	27	0.99249
93	27	0.99876
94	27	0.99454
95	27	0.9962
96	27	0.99669
97	27	0.99594
98	27	0.99595
100	27	0.98596
103	27	0.99661
105	27	0.99248
106	27	0.99809
107	27	0.99802
108	27	0.99578
109	27	0.99781
110	27	0.99715
112	27	0.9952
114	27	0.99493
115	27	0.99898
116	27	0.99582
117	27	0.99652
118	27	0.99753
119	27	0.9944
120	27	0.9902
121	27	0.99913
122	27	0.99447
123	27	0.99775
125	27	0.99572
126	27	0.99758
127	27	0.99526
129	27	0.99886
130	27	0.99649
131	27	0.98832
132	27	0.99662
137	27	0.99701
138	27	0.99574
139	27	0.99728
141	27	0.99523
142	27	0.99801
145	27	0.99857
146	27	0.9953
147	27	0.99513
149	27	0.9929
2	28	0.98631
3	28	0.98065
5	28	0.99592
6	28	0.98827
7	28	0.9928
8	28	0.98961
9	28	0.99343
12	28	0.98627
13	28	0.99035
16	28	0.99243
17	28	0.98871
18	28	0.98962
19	28	0.99055
20	28	0.9887
21	28	0.99408
22	28	0.9908
24	28	0.9646
25	28	0.98817
26	28	0.98432
29	28	0.99228
31	28	0.98938
33	28	0.98693
34	28	0.99326
37	28	0.99399
40	28	0.98126
41	28	0.99197
42	28	0.99001
46	28	0.99383
47	28	0.99309
53	28	0.98739
56	28	0.49419
60	28	0.99397
73	28	0.99424
74	28	0.98666
78	28	0.99245
80	28	0.99086
81	28	0.98922
84	28	0.99247
93	28	0.98984
96	28	0.9869
99	28	0.98719
100	28	0.9919
101	28	0.98727
102	28	0.99584
103	28	0.9875
109	28	0.9885
111	28	0.99421
113	28	0.98706
133	28	0.99275
134	28	0.99421
140	28	0.98981
141	28	0.98861
143	28	0.98723
144	28	0.99595
148	28	0.99489
3	29	0.99179
5	29	0.99784
7	29	0.99046
8	29	0.99832
9	29	0.99258
11	29	0.8889
13	29	0.9814
15	29	0.97894
16	29	0.9899
17	29	0.98466
18	29	0.996
19	29	0.98084
20	29	0.98302
21	29	0.98904
22	29	0.98526
24	29	0.96604
26	29	0.99007
28	29	0.99228
31	29	0.98096
33	29	0.98616
34	29	0.99104
35	29	0.98329
37	29	0.99498
40	29	0.98328
41	29	0.98492
42	29	0.98036
46	29	0.98933
47	29	0.98708
49	29	0.98233
56	29	0.53053
57	29	0.9423
60	29	0.99023
69	29	0.97924
73	29	0.99822
78	29	0.9908
80	29	0.97924
81	29	0.98079
84	29	0.98536
93	29	0.98102
99	29	0.98311
100	29	0.98565
101	29	0.98215
102	29	0.99567
103	29	0.97901
109	29	0.97775
111	29	0.99059
113	29	0.97773
133	29	0.9937
134	29	0.99379
140	29	0.9829
141	29	0.97866
143	29	0.9802
144	29	0.99322
148	29	0.99534
6	30	0.99451
12	30	0.99787
13	30	0.99713
16	30	0.99289
19	30	0.99406
22	30	0.9958
23	30	0.99798
25	30	0.99638
27	30	0.99787
31	30	0.99
32	30	0.99416
33	30	0.97628
36	30	0.99628
38	30	0.99491
39	30	0.99902
41	30	0.9965
42	30	0.99588
43	30	0.99717
44	30	0.99783
47	30	0.99445
48	30	0.99677
51	30	0.99471
53	30	0.99781
54	30	0.99301
55	30	0.99193
59	30	0.99647
61	30	0.99303
62	30	0.99667
63	30	0.99718
64	30	0.99623
65	30	0.99483
66	30	0.9959
67	30	0.99663
68	30	0.9835
69	30	0.99224
70	30	0.99518
71	30	0.99765
75	30	0.99605
76	30	0.99627
77	30	0.996
83	30	0.99613
86	30	0.99673
87	30	0.9941
88	30	0.99295
89	30	0.99206
90	30	0.99086
91	30	0.99547
92	30	0.99253
93	30	0.99701
94	30	0.9948
95	30	0.99709
97	30	0.99695
98	30	0.99534
103	30	0.9965
106	30	0.9993
107	30	0.99386
109	30	0.9968
110	30	0.99814
112	30	0.99767
113	30	0.99334
114	30	0.99645
115	30	0.99742
116	30	0.99695
117	30	0.99762
118	30	0.99609
119	30	0.9946
120	30	0.99133
121	30	0.99804
122	30	0.99439
123	30	0.99617
124	30	0.99548
125	30	0.99512
126	30	0.99915
127	30	0.99552
128	30	0.9951
129	30	0.99746
130	30	0.99809
131	30	0.99007
132	30	0.99691
135	30	0.9969
136	30	0.99513
137	30	0.99726
139	30	0.99956
140	30	0.98817
141	30	0.99576
142	30	0.99797
143	30	0.99481
145	30	0.99718
146	30	0.99692
147	30	0.99871
149	30	0.99728
3	31	0.9724
5	31	0.98845
6	31	0.99734
12	31	0.99185
13	31	0.99504
18	31	0.98257
19	31	0.99691
21	31	0.99576
22	31	0.99045
25	31	0.99489
26	31	0.98077
27	31	0.99247
28	31	0.98938
29	31	0.98096
30	31	0.99
33	31	0.98948
37	31	0.99118
39	31	0.99025
40	31	0.98595
41	31	0.99381
42	31	0.99415
44	31	0.99319
46	31	0.99441
47	31	0.99332
53	31	0.99566
60	31	0.9969
63	31	0.99253
64	31	0.99178
65	31	0.99634
69	31	0.99436
73	31	0.98934
78	31	0.99077
79	31	0.99056
80	31	0.99143
81	31	0.99151
84	31	0.9907
93	31	0.99364
96	31	0.98944
98	31	0.99195
99	31	0.9944
100	31	0.99049
102	31	0.99173
107	31	0.9902
109	31	0.99618
111	31	0.99462
113	31	0.991
115	31	0.99246
122	31	0.98966
129	31	0.99084
130	31	0.99148
131	31	0.9875
134	31	0.99084
140	31	0.99354
141	31	0.99224
144	31	0.98971
145	31	0.99053
146	31	0.99358
147	31	0.98984
148	31	0.99205
2	32	0.99464
4	32	0.99777
7	32	0.99332
10	32	0.98812
11	32	0.8932
12	32	0.99615
14	32	0.99635
15	32	0.99567
16	32	0.99296
17	32	0.99688
20	32	0.99618
22	32	0.99624
23	32	0.99584
25	32	0.99477
30	32	0.99416
35	32	0.99582
36	32	0.9976
41	32	0.99569
45	32	0.99782
49	32	0.99097
50	32	0.93018
52	32	0.99603
57	32	0.94497
64	32	0.9963
67	32	0.99806
71	32	0.9965
72	32	0.95354
74	32	0.99664
80	32	0.99641
81	32	0.99789
83	32	0.994
84	32	0.99347
85	32	0.99781
93	32	0.99415
94	32	0.99508
96	32	0.99735
97	32	0.99646
98	32	0.99648
99	32	0.98802
101	32	0.99771
103	32	0.99546
104	32	0.99821
105	32	0.99387
106	32	0.99542
109	32	0.99507
110	32	0.99441
111	32	0.99202
113	32	0.99767
114	32	0.99846
123	32	0.9958
124	32	0.99523
126	32	0.99705
128	32	0.99855
132	32	0.99889
133	32	0.98987
135	32	0.99594
138	32	0.99605
139	32	0.99394
141	32	0.99815
142	32	0.99624
143	32	0.99824
144	32	0.99206
147	32	0.99603
150	32	0.89322
3	33	0.97795
5	33	0.99258
6	33	0.99171
8	33	0.97937
9	33	0.97737
12	33	0.976
13	33	0.98817
16	33	0.98437
18	33	0.9919
19	33	0.98523
21	33	0.98762
22	33	0.98085
25	33	0.97888
26	33	0.98158
27	33	0.97712
28	33	0.98693
29	33	0.98616
30	33	0.97628
31	33	0.98948
37	33	0.99593
40	33	0.98188
41	33	0.9837
42	33	0.98372
44	33	0.97837
46	33	0.98455
47	33	0.99167
51	33	0.9765
53	33	0.98345
54	33	0.97723
56	33	0.49118
60	33	0.98644
63	33	0.97667
65	33	0.98442
69	33	0.9841
73	33	0.98708
78	33	0.97832
93	33	0.98213
99	33	0.9769
100	33	0.97948
102	33	0.98786
109	33	0.97954
111	33	0.98684
115	33	0.97684
133	33	0.97884
134	33	0.98144
140	33	0.99167
144	33	0.9832
145	33	0.98042
146	33	0.98721
148	33	0.99317
149	33	0.98102
2	34	0.99486
3	34	0.97933
4	34	0.99118
5	34	0.99149
7	34	0.9969
8	34	0.99208
9	34	0.99859
10	34	0.99062
11	34	0.89399
15	34	0.99403
16	34	0.99561
17	34	0.99427
18	34	0.97993
20	34	0.99797
21	34	0.99529
22	34	0.99481
24	34	0.96513
25	34	0.99101
26	34	0.97609
28	34	0.99326
29	34	0.99104
35	34	0.99635
36	34	0.99218
37	34	0.98607
40	34	0.97392
41	34	0.9932
42	34	0.99159
46	34	0.99413
49	34	0.9944
50	34	0.93482
52	34	0.99376
56	34	0.50765
57	34	0.94655
60	34	0.99285
64	34	0.99186
73	34	0.9943
74	34	0.99514
78	34	0.9983
80	34	0.99451
81	34	0.99335
84	34	0.99594
85	34	0.994
93	34	0.99302
96	34	0.99412
99	34	0.98849
100	34	0.99143
101	34	0.99564
102	34	0.99207
103	34	0.99332
104	34	0.99282
105	34	0.99282
111	34	0.99367
113	34	0.9909
132	34	0.99163
133	34	0.99572
134	34	0.99459
138	34	0.99147
141	34	0.99226
143	34	0.99168
144	34	0.99765
148	34	0.99122
150	34	0.88776
2	35	0.99296
3	35	0.97209
4	35	0.99778
5	35	0.98516
7	35	0.99689
8	35	0.98769
9	35	0.9941
10	35	0.99605
11	35	0.90077
12	35	0.98975
14	35	0.9921
15	35	0.99621
16	35	0.99461
17	35	0.99786
18	35	0.97165
20	35	0.99849
21	35	0.99045
22	35	0.99539
24	35	0.96528
26	35	0.97297
29	35	0.98329
32	35	0.99582
34	35	0.99635
36	35	0.99353
41	35	0.99327
45	35	0.99366
49	35	0.9986
50	35	0.94235
52	35	0.998
56	35	0.51258
57	35	0.95125
64	35	0.9914
67	35	0.98983
71	35	0.98946
72	35	0.95292
73	35	0.98806
74	35	0.99533
78	35	0.99452
80	35	0.9931
81	35	0.99526
84	35	0.99379
85	35	0.99572
93	35	0.99067
96	35	0.9942
99	35	0.98792
101	35	0.99874
102	35	0.9858
103	35	0.99313
104	35	0.99777
105	35	0.99344
106	35	0.9895
109	35	0.98975
111	35	0.99199
113	35	0.99389
114	35	0.99189
124	35	0.99025
126	35	0.98991
128	35	0.99432
132	35	0.99451
133	35	0.99563
134	35	0.98995
138	35	0.99278
141	35	0.99423
143	35	0.99543
144	35	0.99562
150	35	0.89772
2	36	0.99864
4	36	0.99331
9	36	0.98983
10	36	0.98414
11	36	0.88977
12	36	0.99873
13	36	0.99467
14	36	0.99631
15	36	0.9966
16	36	0.99435
17	36	0.99378
19	36	0.99412
20	36	0.99638
21	36	0.99406
22	36	0.99705
23	36	0.99884
25	36	0.99749
27	36	0.99727
30	36	0.99628
32	36	0.9976
34	36	0.99218
35	36	0.99353
38	36	0.99618
41	36	0.99599
42	36	0.99663
44	36	0.99654
45	36	0.99894
48	36	0.99554
49	36	0.98757
50	36	0.92561
52	36	0.99567
53	36	0.9952
59	36	0.99588
63	36	0.99558
64	36	0.99898
66	36	0.99567
67	36	0.99696
71	36	0.99922
72	36	0.95199
74	36	0.99888
75	36	0.99708
76	36	0.99635
77	36	0.99684
78	36	0.99183
79	36	0.99672
80	36	0.99814
81	36	0.99625
82	36	0.99424
83	36	0.99521
84	36	0.99325
85	36	0.99897
93	36	0.99794
94	36	0.99701
95	36	0.99601
96	36	0.99904
97	36	0.99765
98	36	0.99608
101	36	0.99551
103	36	0.99855
104	36	0.99693
105	36	0.99608
106	36	0.99809
107	36	0.9945
109	36	0.99631
110	36	0.99716
113	36	0.99506
114	36	0.99838
115	36	0.99564
117	36	0.99626
118	36	0.99542
121	36	0.9972
123	36	0.99836
124	36	0.99595
125	36	0.99525
126	36	0.99839
128	36	0.99707
129	36	0.99646
132	36	0.99936
135	36	0.9961
138	36	0.99807
139	36	0.99634
141	36	0.99707
142	36	0.99907
143	36	0.99598
147	36	0.9951
150	36	0.89191
3	37	0.9869
5	37	0.99877
6	37	0.99059
7	37	0.98963
8	37	0.99104
9	37	0.98897
13	37	0.99025
16	37	0.99182
17	37	0.98622
18	37	0.9977
19	37	0.9889
21	37	0.99237
22	37	0.98892
24	37	0.96814
25	37	0.98437
26	37	0.99297
28	37	0.99399
29	37	0.99498
31	37	0.99118
33	37	0.99593
34	37	0.98607
40	37	0.98475
41	37	0.99089
42	37	0.98699
46	37	0.99216
47	37	0.99445
53	37	0.98476
56	37	0.50891
60	37	0.99385
65	37	0.98262
69	37	0.9851
73	37	0.99579
78	37	0.98828
80	37	0.98344
81	37	0.98534
84	37	0.98653
93	37	0.98662
99	37	0.98705
100	37	0.98631
102	37	0.99678
103	37	0.98249
109	37	0.98551
111	37	0.99522
113	37	0.98337
133	37	0.99203
134	37	0.99281
140	37	0.9955
141	37	0.98449
143	37	0.98551
144	37	0.99324
146	37	0.98698
148	37	0.99883
2	38	0.99649
6	38	0.99148
12	38	0.99765
13	38	0.99456
19	38	0.99551
23	38	0.99689
25	38	0.99733
27	38	0.99892
30	38	0.99491
36	38	0.99618
42	38	0.99727
43	38	0.99527
44	38	0.99883
51	38	0.99852
53	38	0.99713
54	38	0.98949
55	38	0.98997
58	38	0.98971
59	38	0.99517
61	38	0.99404
62	38	0.99606
63	38	0.99796
64	38	0.99762
65	38	0.9958
66	38	0.99711
68	38	0.98108
69	38	0.99025
71	38	0.99721
75	38	0.99971
76	38	0.99777
77	38	0.99964
79	38	0.99903
80	38	0.99517
82	38	0.99636
86	38	0.99623
87	38	0.9947
89	38	0.9934
91	38	0.99398
92	38	0.9938
93	38	0.99677
95	38	0.99576
96	38	0.99568
100	38	0.98534
105	38	0.99192
106	38	0.99532
107	38	0.9991
108	38	0.99812
109	38	0.99494
110	38	0.99631
115	38	0.99674
116	38	0.99569
117	38	0.9948
118	38	0.99675
119	38	0.99477
121	38	0.99858
123	38	0.99684
125	38	0.99626
126	38	0.9951
127	38	0.99573
129	38	0.99713
137	38	0.99509
142	38	0.99686
145	38	0.99774
146	38	0.99213
6	39	0.99432
12	39	0.99586
13	39	0.99563
23	39	0.99692
25	39	0.99482
27	39	0.9971
30	39	0.99902
31	39	0.99025
43	39	0.99819
44	39	0.99688
47	39	0.9924
48	39	0.99598
51	39	0.99464
53	39	0.99748
54	39	0.99499
55	39	0.99299
59	39	0.99609
61	39	0.99417
62	39	0.99631
63	39	0.99627
65	39	0.99576
66	39	0.99515
68	39	0.98623
69	39	0.99374
70	39	0.99691
71	39	0.99589
77	39	0.99546
82	39	0.99403
83	39	0.99529
86	39	0.99824
87	39	0.99417
88	39	0.99552
89	39	0.99321
90	39	0.99112
91	39	0.99544
92	39	0.99322
93	39	0.99528
95	39	0.99671
106	39	0.998
109	39	0.9959
110	39	0.99705
112	39	0.99802
115	39	0.998
116	39	0.99695
117	39	0.99774
118	39	0.99666
119	39	0.99517
120	39	0.99449
121	39	0.99796
122	39	0.99629
124	39	0.99302
125	39	0.99512
126	39	0.9968
127	39	0.99594
129	39	0.99813
130	39	0.99934
131	39	0.99418
135	39	0.99584
136	39	0.99712
137	39	0.99867
139	39	0.99915
140	39	0.98602
142	39	0.99665
145	39	0.99706
146	39	0.996
147	39	0.99757
149	39	0.99778
2	40	0.96796
3	40	0.97893
5	40	0.98196
6	40	0.97559
7	40	0.97582
8	40	0.97366
9	40	0.98224
13	40	0.97185
16	40	0.96956
18	40	0.98515
19	40	0.97926
21	40	0.98143
22	40	0.96695
25	40	0.97263
26	40	0.98203
28	40	0.98126
29	40	0.98328
31	40	0.98595
33	40	0.98188
34	40	0.97392
37	40	0.98475
41	40	0.97099
42	40	0.97323
46	40	0.98536
47	40	0.97188
53	40	0.97052
60	40	0.98912
64	40	0.96775
65	40	0.97242
69	40	0.97431
73	40	0.98827
78	40	0.98188
79	40	0.96838
80	40	0.97021
81	40	0.9699
84	40	0.97853
93	40	0.97101
96	40	0.96699
99	40	0.98302
100	40	0.9894
102	40	0.9898
109	40	0.97312
111	40	0.97997
113	40	0.96812
133	40	0.97487
134	40	0.98838
140	40	0.9746
141	40	0.96802
144	40	0.9755
148	40	0.98114
2	41	0.99478
3	41	0.9744
4	41	0.99294
5	41	0.992
6	41	0.99479
7	41	0.99582
8	41	0.98513
9	41	0.99272
10	41	0.98154
11	41	0.88972
12	41	0.99722
13	41	0.99799
15	41	0.99478
16	41	0.99846
17	41	0.99738
18	41	0.98121
19	41	0.99644
20	41	0.9949
21	41	0.99765
22	41	0.99946
23	41	0.99478
24	41	0.96834
25	41	0.99727
26	41	0.97962
27	41	0.99536
28	41	0.99197
29	41	0.98492
30	41	0.9965
31	41	0.99381
32	41	0.99569
33	41	0.9837
34	41	0.9932
35	41	0.99327
36	41	0.99599
37	41	0.99089
40	41	0.97099
42	41	0.99693
44	41	0.99523
46	41	0.99512
47	41	0.99786
49	41	0.98812
52	41	0.99107
53	41	0.99643
56	41	0.49392
57	41	0.94354
60	41	0.99509
64	41	0.99672
65	41	0.99235
69	41	0.99376
73	41	0.99081
74	41	0.9947
78	41	0.99448
80	41	0.99709
81	41	0.99805
84	41	0.99491
85	41	0.99465
93	41	0.99817
96	41	0.99618
98	41	0.99553
99	41	0.9928
100	41	0.98705
101	41	0.99614
102	41	0.99133
103	41	0.99716
104	41	0.99363
106	41	0.99716
109	41	0.99808
111	41	0.99833
113	41	0.99714
115	41	0.9948
124	41	0.99342
126	41	0.99708
128	41	0.99553
130	41	0.99458
132	41	0.99715
133	41	0.99478
134	41	0.99172
139	41	0.99482
140	41	0.99364
141	41	0.9985
143	41	0.99855
144	41	0.99741
146	41	0.995
147	41	0.99677
148	41	0.99522
149	41	0.99252
2	42	0.99724
3	42	0.96926
5	42	0.98779
6	42	0.99629
9	42	0.99168
12	42	0.99871
13	42	0.99897
15	42	0.99203
16	42	0.99522
18	42	0.97497
19	42	0.99907
21	42	0.99817
22	42	0.99648
23	42	0.99588
25	42	0.99902
26	42	0.96937
27	42	0.9985
28	42	0.99001
29	42	0.98036
30	42	0.99588
31	42	0.99415
33	42	0.98372
34	42	0.99159
36	42	0.99663
37	42	0.98699
38	42	0.99727
40	42	0.97323
41	42	0.99693
44	42	0.99867
46	42	0.99536
47	42	0.99557
51	42	0.99647
53	42	0.9986
54	42	0.98849
60	42	0.99361
63	42	0.99782
64	42	0.99842
65	42	0.99656
69	42	0.9935
71	42	0.99575
73	42	0.98725
74	42	0.99456
75	42	0.99744
76	42	0.99484
77	42	0.99645
78	42	0.99299
79	42	0.99737
80	42	0.99766
81	42	0.99465
84	42	0.99395
93	42	0.99954
96	42	0.99693
98	42	0.99452
99	42	0.9876
100	42	0.99151
102	42	0.98805
103	42	0.99702
106	42	0.99655
107	42	0.9979
108	42	0.99389
109	42	0.99739
111	42	0.99495
115	42	0.99636
121	42	0.99638
123	42	0.99456
126	42	0.99627
129	42	0.99596
132	42	0.99549
134	42	0.98846
139	42	0.99429
140	42	0.98871
141	42	0.99542
142	42	0.99543
143	42	0.99362
144	42	0.99311
145	42	0.99763
146	42	0.99598
148	42	0.99087
149	42	0.99135
6	43	0.99304
23	43	0.99516
27	43	0.99636
30	43	0.99717
38	43	0.99527
39	43	0.99819
44	43	0.99662
48	43	0.99539
51	43	0.99745
53	43	0.99615
54	43	0.99803
55	43	0.99733
58	43	0.99134
59	43	0.99475
61	43	0.99839
62	43	0.99746
63	43	0.99626
65	43	0.99584
66	43	0.99619
68	43	0.99204
70	43	0.99892
75	43	0.99589
76	43	0.99494
77	43	0.99576
82	43	0.99525
83	43	0.99418
86	43	0.99891
87	43	0.99678
88	43	0.99829
89	43	0.99633
90	43	0.99238
91	43	0.99633
92	43	0.99547
95	43	0.99653
106	43	0.99543
107	43	0.99401
108	43	0.99342
110	43	0.99646
112	43	0.99845
115	43	0.99585
116	43	0.99909
117	43	0.99565
118	43	0.99574
119	43	0.99599
120	43	0.99666
121	43	0.99768
122	43	0.99333
125	43	0.99543
127	43	0.99711
129	43	0.99598
130	43	0.99582
131	43	0.991
136	43	0.99763
137	43	0.99774
139	43	0.99734
142	43	0.99476
145	43	0.99812
146	43	0.99559
149	43	0.99668
2	44	0.99609
6	44	0.99586
12	44	0.99889
13	44	0.99774
19	44	0.9976
21	44	0.99524
23	44	0.99736
25	44	0.99875
27	44	0.99983
30	44	0.99783
31	44	0.99319
33	44	0.97837
36	44	0.99654
38	44	0.99883
39	44	0.99688
41	44	0.99523
42	44	0.99867
43	44	0.99662
46	44	0.99119
47	44	0.99311
51	44	0.99836
53	44	0.99943
54	44	0.99216
55	44	0.99032
58	44	0.98605
60	44	0.98982
61	44	0.99337
62	44	0.9958
63	44	0.999
64	44	0.9982
65	44	0.9979
66	44	0.99609
69	44	0.99338
70	44	0.99407
71	44	0.99762
75	44	0.99889
76	44	0.99795
77	44	0.99879
79	44	0.998
80	44	0.99675
82	44	0.99447
86	44	0.99662
87	44	0.99356
88	44	0.99119
93	44	0.99849
95	44	0.99561
96	44	0.99619
97	44	0.99562
98	44	0.99606
100	44	0.98663
