9	2	0.98477
11	2	0.97729
13	2	0.98278
16	2	0.96948
18	2	0.97442
19	2	0.97978
20	2	0.98215
21	2	0.98472
22	2	0.98296
23	2	0.95497
24	2	0.97149
25	2	0.99004
26	2	0.97549
27	2	0.98317
31	2	0.98871
32	2	0.97895
33	2	0.99349
37	2	0.97875
38	2	0.97494
40	2	0.98743
42	2	0.97478
43	2	0.98994
45	2	0.97941
46	2	0.98469
47	2	0.98897
48	2	0.98082
52	2	0.97702
54	2	0.97702
58	2	0.97337
59	2	0.94802
60	2	0.98598
62	2	0.98947
64	2	0.96505
65	2	0.97532
67	2	0.98152
69	2	0.97712
71	2	0.96902
74	2	0.9772
75	2	0.97113
78	2	0.98096
79	2	0.98937
80	2	0.98138
81	2	0.98042
82	2	0.99137
83	2	0.99435
84	2	0.98364
86	2	0.97022
91	2	0.96804
93	2	0.97951
94	2	0.98706
97	2	0.9807
98	2	0.98026
99	2	0.9841
102	2	0.97953
104	2	0.95516
105	2	0.94507
106	2	0.9776
107	2	0.98444
108	2	0.98881
109	2	0.98916
111	2	0.98046
112	2	0.97833
113	2	0.98515
114	2	0.98505
120	2	0.97868
121	2	0.91891
122	2	0.95765
123	2	0.98035
126	2	0.97846
128	2	0.97663
130	2	0.98762
131	2	0.98384
132	2	0.98471
133	2	0.96036
136	2	0.98683
137	2	0.96634
139	2	0.98715
141	2	0.98341
150	2	0.96601
4	3	0.99395
5	3	0.98568
7	3	0.99165
8	3	0.99185
9	3	0.96607
10	3	0.99274
11	3	0.97585
12	3	0.98093
14	3	0.98083
16	3	0.95647
17	3	0.99249
20	3	0.96625
21	3	0.95792
26	3	0.95914
29	3	0.97729
31	3	0.95635
37	3	0.96581
40	3	0.95403
41	3	0.98785
45	3	0.95709
47	3	0.95846
48	3	0.95775
49	3	0.96918
52	3	0.97528
56	3	0.98321
57	3	0.98358
62	3	0.96415
73	3	0.99046
80	3	0.9751
81	3	0.96671
84	3	0.95279
93	3	0.96795
96	3	0.97876
97	3	0.95614
99	3	0.95609
101	3	0.99293
102	3	0.96367
103	3	0.96969
106	3	0.98174
111	3	0.97551
112	3	0.96498
113	3	0.95632
114	3	0.97618
132	3	0.967
134	3	0.97522
139	3	0.95449
141	3	0.97979
143	3	0.97139
144	3	0.98839
148	3	0.9893
3	4	0.99395
5	4	0.99242
7	4	0.99778
8	4	0.99444
9	4	0.98074
10	4	0.99528
11	4	0.98121
12	4	0.98649
14	4	0.99121
17	4	0.9917
20	4	0.98188
21	4	0.97587
29	4	0.98351
31	4	0.97515
37	4	0.97281
40	4	0.97202
41	4	0.99716
45	4	0.97282
47	4	0.97333
48	4	0.97219
49	4	0.97611
50	4	0.96383
52	4	0.98477
56	4	0.99092
57	4	0.99355
60	4	0.97126
62	4	0.97998
73	4	0.99421
80	4	0.98261
81	4	0.97781
84	4	0.97243
93	4	0.98439
96	4	0.99115
97	4	0.97252
99	4	0.97429
101	4	0.9977
102	4	0.97524
103	4	0.98078
106	4	0.9915
109	4	0.97046
111	4	0.98604
112	4	0.97641
113	4	0.97615
114	4	0.98888
132	4	0.97836
134	4	0.98889
139	4	0.97017
141	4	0.98985
143	4	0.97532
144	4	0.9939
148	4	0.99443
3	5	0.98568
4	5	0.99242
7	5	0.99501
8	5	0.98677
9	5	0.98321
10	5	0.9877
11	5	0.9694
12	5	0.99564
13	5	0.96851
14	5	0.98821
17	5	0.99491
20	5	0.98372
22	5	0.97001
29	5	0.99662
31	5	0.96867
37	5	0.97649
40	5	0.97167
41	5	0.99139
45	5	0.98156
47	5	0.98141
48	5	0.9699
49	5	0.97992
50	5	0.95462
52	5	0.97227
56	5	0.99631
57	5	0.99445
62	5	0.97316
73	5	0.99145
80	5	0.98896
81	5	0.98649
84	5	0.97542
93	5	0.99048
95	5	0.9785
96	5	0.99475
97	5	0.98158
99	5	0.96948
101	5	0.99168
102	5	0.97071
103	5	0.99436
106	5	0.97825
111	5	0.98881
113	5	0.9692
114	5	0.98664
116	5	0.97565
126	5	0.9704
132	5	0.9834
134	5	0.97819
141	5	0.98309
143	5	0.99083
144	5	0.99725
148	5	0.99729
13	6	0.97632
15	6	0.96765
22	6	0.97244
24	6	0.98059
28	6	0.99116
30	6	0.98929
32	6	0.97864
33	6	0.96583
34	6	0.98802
35	6	0.98534
36	6	0.98399
39	6	0.99121
43	6	0.97529
44	6	0.95331
45	6	0.96791
46	6	0.97575
51	6	0.86105
53	6	0.98018
55	6	0.98233
58	6	0.96457
61	6	0.98781
63	6	0.98166
66	6	0.91848
69	6	0.98915
70	6	0.99345
72	6	0.9859
74	6	0.96627
75	6	0.97754
76	6	0.99146
78	6	0.96682
79	6	0.97718
84	6	0.96717
85	6	0.97322
87	6	0.97628
88	6	0.94345
89	6	0.98373
92	6	0.97144
95	6	0.97551
97	6	0.96917
98	6	0.98385
105	6	0.95292
107	6	0.98547
110	6	0.98968
115	6	0.93786
116	6	0.97685
117	6	0.98192
118	6	0.956
123	6	0.97037
126	6	0.96368
127	6	0.98306
129	6	0.98162
130	6	0.97419
131	6	0.9658
135	6	0.97323
136	6	0.96949
142	6	0.96947
145	6	0.96299
147	6	0.98229
3	7	0.99165
4	7	0.99778
5	7	0.99501
8	7	0.99137
9	7	0.98463
10	7	0.99217
11	7	0.9811
12	7	0.99125
14	7	0.99247
17	7	0.99268
18	7	0.97173
20	7	0.98432
21	7	0.97851
26	7	0.97312
29	7	0.99044
31	7	0.97813
37	7	0.9783
40	7	0.97657
41	7	0.99711
45	7	0.97831
47	7	0.98046
48	7	0.97622
49	7	0.98043
50	7	0.96624
52	7	0.98521
56	7	0.99376
57	7	0.99554
60	7	0.97344
62	7	0.98376
73	7	0.99553
80	7	0.98882
81	7	0.98496
83	7	0.97339
84	7	0.97696
93	7	0.98949
96	7	0.99388
97	7	0.97909
99	7	0.97717
101	7	0.99807
102	7	0.97814
103	7	0.9873
106	7	0.99207
109	7	0.97453
111	7	0.98894
112	7	0.98018
113	7	0.97871
114	7	0.99199
132	7	0.98427
134	7	0.98847
141	7	0.99139
143	7	0.98279
144	7	0.99666
148	7	0.99721
3	8	0.99185
4	8	0.99444
5	8	0.98677
7	8	0.99137
9	8	0.96688
10	8	0.99407
11	8	0.96868
12	8	0.97485
14	8	0.97738
17	8	0.99035
18	8	0.95345
20	8	0.96487
21	8	0.96301
29	8	0.97606
31	8	0.96028
37	8	0.95762
40	8	0.95832
41	8	0.98776
45	8	0.9531
47	8	0.95742
48	8	0.95116
49	8	0.95895
52	8	0.96988
56	8	0.98178
57	8	0.98226
60	8	0.9521
62	8	0.96404
73	8	0.98829
80	8	0.96677
81	8	0.96346
84	8	0.95346
93	8	0.97325
96	8	0.97997
97	8	0.95459
99	8	0.96052
101	8	0.99102
102	8	0.95993
103	8	0.96976
106	8	0.9802
109	8	0.95039
111	8	0.97042
112	8	0.95705
113	8	0.95863
114	8	0.97372
132	8	0.95973
134	8	0.97969
141	8	0.97708
143	8	0.96607
144	8	0.98851
148	8	0.98946
2	9	0.98477
3	9	0.96607
4	9	0.98074
5	9	0.98321
7	9	0.98463
8	9	0.96688
10	9	0.96956
11	9	0.9736
12	9	0.98996
13	9	0.98314
14	9	0.99335
16	9	0.97343
17	9	0.97155
18	9	0.97741
19	9	0.97132
20	9	0.99331
21	9	0.98517
22	9	0.98463
24	9	0.9796
25	9	0.97749
26	9	0.97856
29	9	0.98218
30	9	0.97414
31	9	0.98852
33	9	0.98567
37	9	0.98835
40	9	0.98994
41	9	0.98911
45	9	0.9915
46	9	0.98816
47	9	0.99362
48	9	0.99285
49	9	0.98271
50	9	0.95861
52	9	0.98597
56	9	0.98908
57	9	0.99219
58	9	0.97345
60	9	0.98446
62	9	0.98636
67	9	0.97911
73	9	0.98128
74	9	0.98522
79	9	0.98295
80	9	0.99199
81	9	0.988
83	9	0.98574
84	9	0.98869
93	9	0.99178
94	9	0.98501
95	9	0.98902
96	9	0.99389
97	9	0.99154
99	9	0.98635
101	9	0.98356
102	9	0.97879
103	9	0.98942
106	9	0.98234
109	9	0.98342
110	9	0.97298
111	9	0.99294
112	9	0.98379
113	9	0.98506
114	9	0.99402
116	9	0.97908
126	9	0.98113
128	9	0.97769
130	9	0.98662
132	9	0.99149
133	9	0.94558
134	9	0.98461
141	9	0.98872
143	9	0.98208
144	9	0.98095
146	9	0.9661
148	9	0.98471
3	10	0.99274
4	10	0.99528
5	10	0.9877
7	10	0.99217
8	10	0.99407
9	10	0.96956
11	10	0.97861
12	10	0.97891
14	10	0.9821
17	10	0.98635
18	10	0.96439
20	10	0.97574
21	10	0.96766
29	10	0.97656
31	10	0.96787
37	10	0.96184
40	10	0.96736
41	10	0.99056
45	10	0.96405
47	10	0.96131
49	10	0.96933
50	10	0.95827
52	10	0.97423
56	10	0.98428
57	10	0.98728
60	10	0.96608
62	10	0.97246
73	10	0.9943
80	10	0.97426
81	10	0.97183
84	10	0.9664
93	10	0.97593
96	10	0.98319
97	10	0.96315
99	10	0.96967
101	10	0.99356
102	10	0.97442
103	10	0.97323
106	10	0.98482
109	10	0.96218
111	10	0.97927
112	10	0.96245
113	10	0.96855
114	10	0.98075
132	10	0.9701
134	10	0.98697
139	10	0.96279
141	10	0.98429
143	10	0.97326
144	10	0.98908
148	10	0.98803
2	11	0.97729
3	11	0.97585
4	11	0.98121
5	11	0.9694
7	11	0.9811
8	11	0.96868
9	11	0.9736
10	11	0.97861
12	11	0.97082
14	11	0.98034
16	11	0.96945
17	11	0.96406
19	11	0.96589
20	11	0.97894
21	11	0.97803
25	11	0.97247
31	11	0.98226
33	11	0.96958
37	11	0.97411
40	11	0.97627
41	11	0.98701
42	11	0.96083
43	11	0.97365
47	11	0.971
49	11	0.98282
50	11	0.95438
52	11	0.98253
56	11	0.97705
57	11	0.9816
60	11	0.97695
62	11	0.98642
73	11	0.98128
80	11	0.97684
81	11	0.97591
82	11	0.97192
83	11	0.97457
84	11	0.96948
93	11	0.96999
96	11	0.97595
99	11	0.97963
101	11	0.98341
102	11	0.98137
106	11	0.98627
108	11	0.97813
109	11	0.97529
111	11	0.98176
112	11	0.97516
113	11	0.97586
114	11	0.98324
120	11	0.97147
130	11	0.97019
132	11	0.97911
133	11	0.95135
134	11	0.98354
139	11	0.98273
141	11	0.98896
144	11	0.9705
148	11	0.97781
3	12	0.98093
4	12	0.98649
5	12	0.99564
7	12	0.99125
8	12	0.97485
9	12	0.98996
10	12	0.97891
11	12	0.97082
13	12	0.98174
14	12	0.99219
16	12	0.96657
17	12	0.98929
20	12	0.98866
22	12	0.97595
24	12	0.97423
26	12	0.97399
29	12	0.9961
33	12	0.97338
37	12	0.98454
40	12	0.97522
41	12	0.98913
45	12	0.99047
47	12	0.98711
48	12	0.98217
49	12	0.9872
52	12	0.9774
56	12	0.99567
57	12	0.99486
62	12	0.97528
73	12	0.98843
74	12	0.97905
80	12	0.99614
81	12	0.99121
84	12	0.98163
93	12	0.99052
95	12	0.98634
96	12	0.99599
97	12	0.98978
101	12	0.98789
103	12	0.99578
106	12	0.97675
111	12	0.99382
112	12	0.97585
114	12	0.9907
116	12	0.98189
126	12	0.97972
132	12	0.99049
134	12	0.97606
141	12	0.98505
143	12	0.99457
144	12	0.99316
146	12	0.96372
148	12	0.99409
2	13	0.98278
5	13	0.96851
6	13	0.97632
9	13	0.98314
12	13	0.98174
14	13	0.98071
16	13	0.96905
20	13	0.98671
22	13	0.98392
24	13	0.99321
26	13	0.9732
28	13	0.9789
29	13	0.97121
30	13	0.99217
32	13	0.98922
33	13	0.9882
34	13	0.96866
35	13	0.97619
36	13	0.98435
37	13	0.97683
39	13	0.96844
40	13	0.9789
43	13	0.99363
45	13	0.99252
46	13	0.98681
47	13	0.98723
48	13	0.98212
49	13	0.98803
51	13	0.78381
53	13	0.97838
56	13	0.97686
57	13	0.9792
60	13	0.97953
61	13	0.96024
63	13	0.99217
66	13	0.83879
69	13	0.98598
70	13	0.98427
72	13	0.98698
74	13	0.9908
76	13	0.96431
78	13	0.98196
79	13	0.98907
80	13	0.99139
81	13	0.98998
83	13	0.98556
84	13	0.98766
85	13	0.93343
93	13	0.97779
94	13	0.97757
95	13	0.99136
96	13	0.97946
97	13	0.99133
98	13	0.9904
100	13	0.96843
103	13	0.98257
105	13	0.94311
107	13	0.98906
108	13	0.97924
109	13	0.98042
110	13	0.98943
111	13	0.9884
114	13	0.98216
115	13	0.94446
116	13	0.99014
117	13	0.97185
126	13	0.99148
127	13	0.94418
129	13	0.97394
130	13	0.98781
132	13	0.9918
133	13	0.94427
135	13	0.97087
136	13	0.98206
139	13	0.97927
143	13	0.97876
145	13	0.96158
146	13	0.97457
147	13	0.97419
3	14	0.98083
4	14	0.99121
5	14	0.98821
7	14	0.99247
8	14	0.97738
9	14	0.99335
10	14	0.9821
11	14	0.98034
12	14	0.99219
13	14	0.98071
16	14	0.97487
17	14	0.97952
18	14	0.97598
20	14	0.99426
21	14	0.97857
26	14	0.97892
29	14	0.98358
31	14	0.98622
37	14	0.9798
40	14	0.98257
41	14	0.9953
45	14	0.99135
46	14	0.98132
47	14	0.98613
48	14	0.99281
49	14	0.98919
50	14	0.96126
52	14	0.99051
56	14	0.99001
57	14	0.99582
60	14	0.98623
62	14	0.98852
67	14	0.98304
73	14	0.9909
74	14	0.98011
80	14	0.99413
81	14	0.9887
83	14	0.98582
84	14	0.98978
93	14	0.99031
94	14	0.98042
95	14	0.98713
96	14	0.99601
97	14	0.9911
99	14	0.98618
101	14	0.99085
102	14	0.98224
103	14	0.98648
106	14	0.99083
108	14	0.98116
109	14	0.98648
111	14	0.99488
112	14	0.98953
113	14	0.98863
114	14	0.99774
116	14	0.97653
126	14	0.98493
128	14	0.98035
132	14	0.99215
134	14	0.98978
139	14	0.98601
141	14	0.99365
143	14	0.98071
144	14	0.98779
146	14	0.97164
148	14	0.98946
6	15	0.96765
23	15	0.97744
27	15	0.97434
28	15	0.96498
32	15	0.96181
34	15	0.97179
36	15	0.97044
38	15	0.9725
39	15	0.9866
42	15	0.96292
43	15	0.9597
44	15	0.9439
46	15	0.96954
51	15	0.81792
53	15	0.96681
54	15	0.95981
55	15	0.98313
58	15	0.97021
59	15	0.93825
61	15	0.97653
65	15	0.97674
66	15	0.86761
68	15	0.96751
69	15	0.97443
70	15	0.98029
72	15	0.96792
75	15	0.9891
76	15	0.95918
77	15	0.96058
79	15	0.96949
85	15	0.93643
86	15	0.97588
87	15	0.98849
88	15	0.97647
89	15	0.97758
90	15	0.94445
91	15	0.96458
92	15	0.97862
98	15	0.96766
100	15	0.97607
104	15	0.9556
107	15	0.97182
108	15	0.96292
115	15	0.94612
117	15	0.9723
118	15	0.97222
119	15	0.93495
120	15	0.96158
121	15	0.94277
123	15	0.98259
124	15	0.92556
125	15	0.95214
127	15	0.95456
129	15	0.98276
130	15	0.96181
131	15	0.96725
135	15	0.97719
136	15	0.9615
137	15	0.9667
138	15	0.96877
142	15	0.97302
145	15	0.96044
147	15	0.97527
150	15	0.96249
2	16	0.96948
3	16	0.95647
9	16	0.97343
11	16	0.96945
12	16	0.96657
13	16	0.96905
14	16	0.97487
18	16	0.97009
20	16	0.9723
21	16	0.96676
25	16	0.96697
26	16	0.99137
31	16	0.9695
37	16	0.98226
40	16	0.96646
41	16	0.97202
43	16	0.96923
45	16	0.9673
46	16	0.96433
47	16	0.96838
48	16	0.98064
49	16	0.97276
50	16	0.9576
52	16	0.97921
54	16	0.96729
57	16	0.967
60	16	0.96878
62	16	0.9774
67	16	0.96806
74	16	0.97529
80	16	0.97911
81	16	0.97302
83	16	0.96483
97	16	0.96429
99	16	0.97063
100	16	0.96745
101	16	0.96878
102	16	0.9779
106	16	0.975
108	16	0.97659
109	16	0.969
111	16	0.97763
112	16	0.97975
113	16	0.96735
114	16	0.97797
115	16	0.93914
126	16	0.97509
132	16	0.98266
134	16	0.96729
137	16	0.963
139	16	0.98243
140	16	0.96688
141	16	0.98043
146	16	0.99217
3	17	0.99249
4	17	0.9917
5	17	0.99491
7	17	0.99268
8	17	0.99035
9	17	0.97155
10	17	0.98635
11	17	0.96406
12	17	0.98929
14	17	0.97952
20	17	0.96723
21	17	0.95624
26	17	0.95336
29	17	0.99096
31	17	0.95235
37	17	0.97041
40	17	0.95433
41	17	0.98574
45	17	0.96379
47	17	0.96746
48	17	0.95675
49	17	0.96774
52	17	0.96816
56	17	0.9906
57	17	0.98671
62	17	0.95863
73	17	0.98642
80	17	0.97844
81	17	0.97143
84	17	0.95455
93	17	0.97823
95	17	0.95866
96	17	0.98561
97	17	0.96356
99	17	0.95095
101	17	0.99002
102	17	0.95533
103	17	0.98249
106	17	0.97268
111	17	0.97715
112	17	0.9595
113	17	0.95186
114	17	0.97588
116	17	0.95171
132	17	0.96827
134	17	0.96744
141	17	0.97486
143	17	0.98189
144	17	0.99497
148	17	0.99563
2	18	0.97442
7	18	0.97173
8	18	0.95345
9	18	0.97741
10	18	0.96439
14	18	0.97598
16	18	0.97009
19	18	0.97391
20	18	0.97883
21	18	0.98411
25	18	0.98018
26	18	0.98171
31	18	0.9864
33	18	0.97205
40	18	0.98546
41	18	0.97924
46	18	0.97704
47	18	0.9762
48	18	0.97739
50	18	0.98625
52	18	0.97682
54	18	0.97173
57	18	0.97259
60	18	0.9849
62	18	0.98865
64	18	0.96189
67	18	0.97774
78	18	0.98544
79	18	0.97842
80	18	0.97272
81	18	0.97829
82	18	0.97176
83	18	0.97645
84	18	0.97911
97	18	0.97151
98	18	0.9756
99	18	0.98612
101	18	0.97726
102	18	0.98086
104	18	0.95033
106	18	0.98268
108	18	0.98357
109	18	0.98589
111	18	0.97559
112	18	0.97966
113	18	0.98261
114	18	0.98254
120	18	0.97932
122	18	0.96081
128	18	0.9733
130	18	0.97605
132	18	0.98155
133	18	0.95757
134	18	0.98737
137	18	0.97041
139	18	0.98562
140	18	0.98286
141	18	0.98313
2	19	0.97978
9	19	0.97132
11	19	0.96589
18	19	0.97391
21	19	0.98866
23	19	0.95594
25	19	0.98327
27	19	0.96978
31	19	0.98497
33	19	0.97232
37	19	0.96653
38	19	0.98108
40	19	0.98385
41	19	0.9645
42	19	0.96432
46	19	0.96507
47	19	0.96673
52	19	0.96968
54	19	0.96495
58	19	0.96571
59	19	0.94746
60	19	0.97669
62	19	0.97839
64	19	0.96522
65	19	0.97248
67	19	0.96807
68	19	0.96508
71	19	0.96972
77	19	0.9691
79	19	0.96805
82	19	0.97997
83	19	0.97261
86	19	0.96786
90	19	0.94882
91	19	0.97065
94	19	0.97131
99	19	0.97603
102	19	0.96734
104	19	0.9594
106	19	0.97246
108	19	0.97906
109	19	0.9733
112	19	0.9678
113	19	0.97057
114	19	0.96745
120	19	0.98165
121	19	0.9435
122	19	0.97628
123	19	0.9653
130	19	0.97325
131	19	0.96712
133	19	0.9492
134	19	0.97597
136	19	0.964
139	19	0.9757
141	19	0.97485
2	20	0.98215
3	20	0.96625
4	20	0.98188
5	20	0.98372
7	20	0.98432
8	20	0.96487
9	20	0.99331
10	20	0.97574
11	20	0.97894
12	20	0.98866
13	20	0.98671
14	20	0.99426
16	20	0.9723
17	20	0.96723
18	20	0.97883
21	20	0.98149
22	20	0.98425
24	20	0.97888
25	20	0.97932
26	20	0.97736
29	20	0.97947
30	20	0.98259
31	20	0.99085
32	20	0.98742
33	20	0.98359
35	20	0.96185
36	20	0.97663
37	20	0.98144
40	20	0.98962
41	20	0.99067
43	20	0.98805
45	20	0.99589
46	20	0.99239
47	20	0.98737
48	20	0.9901
49	20	0.98869
50	20	0.95888
52	20	0.98246
53	20	0.98061
56	20	0.98686
57	20	0.99375
58	20	0.97558
60	20	0.99279
62	20	0.99016
67	20	0.98156
73	20	0.98554
74	20	0.98609
78	20	0.98558
79	20	0.98894
80	20	0.99329
81	20	0.99326
83	20	0.98613
84	20	0.99513
93	20	0.99025
94	20	0.98179
95	20	0.99071
96	20	0.99354
97	20	0.99497
98	20	0.98903
99	20	0.99224
101	20	0.98307
102	20	0.98927
103	20	0.98848
106	20	0.98396
107	20	0.98639
108	20	0.98827
109	20	0.99028
110	20	0.98049
111	20	0.99683
112	20	0.98243
113	20	0.99126
114	20	0.9956
116	20	0.98721
120	20	0.97631
126	20	0.99195
128	20	0.97952
130	20	0.99098
132	20	0.99533
133	20	0.93995
134	20	0.98921
136	20	0.97781
139	20	0.99026
140	20	0.96143
141	20	0.99215
143	20	0.98105
144	20	0.98003
146	20	0.97
148	20	0.98136
2	21	0.98472
3	21	0.95792
4	21	0.97587
7	21	0.97851
8	21	0.96301
9	21	0.98517
10	21	0.96766
11	21	0.97803
14	21	0.97857
16	21	0.96676
17	21	0.95624
18	21	0.98411
19	21	0.98866
20	21	0.98149
22	21	0.974
25	21	0.98288
26	21	0.97537
29	21	0.96444
31	21	0.99024
33	21	0.98046
37	21	0.98037
38	21	0.97124
40	21	0.99007
41	21	0.98584
46	21	0.97587
47	21	0.98335
48	21	0.97488
50	21	0.97333
52	21	0.98369
56	21	0.97646
57	21	0.97867
60	21	0.98423
62	21	0.99152
64	21	0.95819
73	21	0.97446
78	21	0.97404
79	21	0.97448
81	21	0.97461
82	21	0.97947
83	21	0.97877
84	21	0.97602
93	21	0.98021
96	21	0.97911
99	21	0.98551
101	21	0.98267
102	21	0.98125
106	21	0.98852
108	21	0.98169
109	21	0.98328
111	21	0.97839
112	21	0.97985
113	21	0.98165
114	21	0.98488
120	21	0.97785
122	21	0.96005
130	21	0.9783
132	21	0.9786
133	21	0.95561
134	21	0.98817
137	21	0.96179
139	21	0.98336
140	21	0.9614
141	21	0.98736
144	21	0.97059
148	21	0.97274
2	22	0.98296
5	22	0.97001
6	22	0.97244
9	22	0.98463
12	22	0.97595
13	22	0.98392
20	22	0.98425
21	22	0.974
24	22	0.98291
28	22	0.96718
29	22	0.97326
30	22	0.98521
31	22	0.97878
32	22	0.97673
33	22	0.9927
34	22	0.96534
35	22	0.97862
36	22	0.9772
40	22	0.98419
43	22	0.98408
45	22	0.98519
46	22	0.98747
47	22	0.99093
51	22	0.74966
53	22	0.97275
56	22	0.97574
57	22	0.97634
60	22	0.97656
62	22	0.97444
63	22	0.96878
66	22	0.81941
69	22	0.97944
70	22	0.97893
74	22	0.97901
76	22	0.95609
78	22	0.98033
79	22	0.98613
80	22	0.97949
81	22	0.98312
83	22	0.98178
84	22	0.98379
85	22	0.91705
93	22	0.98764
94	22	0.97494
95	22	0.99103
96	22	0.9811
97	22	0.98883
98	22	0.98601
99	22	0.97465
103	22	0.98605
105	22	0.94275
107	22	0.98723
109	22	0.97731
110	22	0.98958
111	22	0.97905
114	22	0.97739
116	22	0.98741
126	22	0.97345
130	22	0.98736
132	22	0.98195
133	22	0.95909
143	22	0.979
2	23	0.95497
15	23	0.97744
19	23	0.95594
25	23	0.966
27	23	0.97854
38	23	0.9829
39	23	0.95852
42	23	0.97056
54	23	0.96712
55	23	0.96422
58	23	0.9533
59	23	0.97413
64	23	0.96727
65	23	0.99219
68	23	0.98252
71	23	0.96986
75	23	0.97694
77	23	0.97357
79	23	0.95417
82	23	0.97059
86	23	0.9925
87	23	0.97045
88	23	0.96748
89	23	0.96624
90	23	0.96516
91	23	0.97998
92	23	0.95808
100	23	0.95646
104	23	0.97627
108	23	0.96351
117	23	0.96162
118	23	0.96123
119	23	0.96374
120	23	0.9657
121	23	0.98048
122	23	0.96741
123	23	0.97965
124	23	0.95687
125	23	0.96722
129	23	0.96246
131	23	0.97277
135	23	0.95951
136	23	0.96408
137	23	0.97438
138	23	0.98038
139	23	0.95419
140	23	0.95374
142	23	0.95646
147	23	0.95752
149	23	0.75323
150	23	0.96879
2	24	0.97149
6	24	0.98059
9	24	0.9796
12	24	0.97423
13	24	0.99321
20	24	0.97888
22	24	0.98291
28	24	0.98981
30	24	0.99216
32	24	0.98536
33	24	0.98166
34	24	0.97776
35	24	0.9809
36	24	0.99298
39	24	0.97127
43	24	0.98286
44	24	0.89584
45	24	0.98913
46	24	0.98667
47	24	0.9826
48	24	0.97799
49	24	0.97324
51	24	0.81595
53	24	0.97293
61	24	0.96641
63	24	0.98948
66	24	0.86227
69	24	0.98281
70	24	0.9883
72	24	0.98332
74	24	0.99034
76	24	0.97399
78	24	0.97518
79	24	0.98321
80	24	0.9823
81	24	0.98036
83	24	0.97415
84	24	0.9813
85	24	0.95363
87	24	0.9768
94	24	0.97306
95	24	0.98841
97	24	0.98819
98	24	0.98847
100	24	0.97183
103	24	0.9776
107	24	0.98476
110	24	0.99115
111	24	0.97883
114	24	0.97151
115	24	0.94846
116	24	0.98791
126	24	0.98247
127	24	0.95877
130	24	0.98214
132	24	0.98405
135	24	0.96428
143	24	0.97168
145	24	0.96383
146	24	0.96585
147	24	0.97074
2	25	0.99004
9	25	0.97749
11	25	0.97247
16	25	0.96697
18	25	0.98018
19	25	0.98327
20	25	0.97932
21	25	0.98288
23	25	0.966
27	25	0.9823
31	25	0.98914
32	25	0.9803
38	25	0.98751
40	25	0.98303
42	25	0.97505
43	25	0.98106
46	25	0.9845
48	25	0.98293
50	25	0.95985
52	25	0.9811
54	25	0.97943
55	25	0.97015
58	25	0.98203
59	25	0.96654
60	25	0.99183
62	25	0.9901
64	25	0.98421
65	25	0.98538
67	25	0.993
68	25	0.98694
71	25	0.98902
75	25	0.97165
77	25	0.97609
78	25	0.97819
79	25	0.98616
82	25	0.99665
83	25	0.99169
84	25	0.98479
86	25	0.97584
87	25	0.97326
90	25	0.96602
91	25	0.9869
94	25	0.9899
99	25	0.9872
102	25	0.97944
104	25	0.96497
106	25	0.98122
107	25	0.97905
108	25	0.99392
109	25	0.99325
112	25	0.98248
113	25	0.99138
114	25	0.98383
119	25	0.92207
120	25	0.99086
121	25	0.94407
122	25	0.98166
123	25	0.98863
124	25	0.93006
125	25	0.94966
128	25	0.99072
130	25	0.98209
131	25	0.99034
133	25	0.94267
134	25	0.98284
136	25	0.98858
137	25	0.97503
138	25	0.9743
139	25	0.99229
140	25	0.97182
141	25	0.98183
149	25	0.70094
150	25	0.97405
2	26	0.97549
3	26	0.95914
7	26	0.97312
9	26	0.97856
12	26	0.97399
13	26	0.9732
14	26	0.97892
16	26	0.99137
17	26	0.95336
18	26	0.98171
20	26	0.97736
21	26	0.97537
29	26	0.96684
31	26	0.97395
37	26	0.98064
40	26	0.97394
41	26	0.97765
43	26	0.97472
45	26	0.97399
46	26	0.97277
47	26	0.97987
48	26	0.98272
49	26	0.97554
50	26	0.97693
52	26	0.97953
57	26	0.97427
60	26	0.97484
62	26	0.98479
67	26	0.97289
74	26	0.97971
78	26	0.97428
80	26	0.9838
81	26	0.9807
83	26	0.97297
84	26	0.97373
97	26	0.97284
99	26	0.97701
100	26	0.9636
101	26	0.97633
102	26	0.98252
106	26	0.98109
108	26	0.97832
109	26	0.97839
111	26	0.98068
112	26	0.98287
113	26	0.97524
114	26	0.98386
126	26	0.97833
132	26	0.98912
134	26	0.97423
137	26	0.97154
139	26	0.98393
140	26	0.97532
141	26	0.98107
146	26	0.98413
2	27	0.98317
15	27	0.97434
19	27	0.96978
23	27	0.97854
25	27	0.9823
31	27	0.97237
32	27	0.97032
33	27	0.97467
34	27	0.95582
38	27	0.98073
39	27	0.97147
40	27	0.97223
42	27	0.96946
43	27	0.97737
44	27	0.89445
46	27	0.97849
54	27	0.97179
55	27	0.97901
58	27	0.97474
59	27	0.96321
60	27	0.97479
61	27	0.95933
62	27	0.96964
64	27	0.96419
65	27	0.98852
67	27	0.97492
68	27	0.97712
69	27	0.97692
70	27	0.97848
71	27	0.97188
75	27	0.98426
77	27	0.96357
78	27	0.97102
79	27	0.98141
82	27	0.98483
83	27	0.97851
86	27	0.98716
87	27	0.98124
88	27	0.94799
89	27	0.97679
90	27	0.95389
91	27	0.97869
92	27	0.96879
94	27	0.97749
98	27	0.9729
99	27	0.96998
100	27	0.96196
104	27	0.96513
105	27	0.94437
107	27	0.97912
108	27	0.98042
109	27	0.97816
117	27	0.9745
118	27	0.94536
119	27	0.93172
120	27	0.97577
121	27	0.94847
122	27	0.95863
123	27	0.98922
124	27	0.92349
125	27	0.95198
129	27	0.97698
130	27	0.97852
131	27	0.98825
135	27	0.96612
136	27	0.98321
137	27	0.97569
138	27	0.97404
139	27	0.97277
142	27	0.95412
149	27	0.71141
150	27	0.97082
6	28	0.99116
13	28	0.9789
15	28	0.96498
22	28	0.96718
24	28	0.98981
30	28	0.98849
32	28	0.97645
33	28	0.96167
34	28	0.9912
35	28	0.98232
36	28	0.99149
39	28	0.98273
43	28	0.9691
44	28	0.94373
45	28	0.97083
46	28	0.97437
51	28	0.87536
53	28	0.96988
55	28	0.97663
61	28	0.98145
63	28	0.98762
66	28	0.91731
69	28	0.98348
70	28	0.99026
72	28	0.98355
74	28	0.97757
75	28	0.97017
76	28	0.99228
78	28	0.96268
79	28	0.97246
84	28	0.96304
85	28	0.98146
87	28	0.97948
88	28	0.9369
89	28	0.96971
92	28	0.9675
95	28	0.97251
97	28	0.96874
98	28	0.98094
100	28	0.97215
107	28	0.97904
110	28	0.98772
115	28	0.94898
116	28	0.9762
117	28	0.97464
118	28	0.94425
123	28	0.95962
126	28	0.96709
127	28	0.98073
129	28	0.971
130	28	0.96594
132	28	0.95994
135	28	0.97033
142	28	0.95992
145	28	0.9712
147	28	0.97666
3	29	0.97729
4	29	0.98351
5	29	0.99662
7	29	0.99044
8	29	0.97606
9	29	0.98218
10	29	0.97656
12	29	0.9961
13	29	0.97121
14	29	0.98358
17	29	0.99096
20	29	0.97947
21	29	0.96444
22	29	0.97326
26	29	0.96684
33	29	0.96873
37	29	0.97862
40	29	0.97005
41	29	0.98445
45	29	0.98125
47	29	0.98346
48	29	0.96919
49	29	0.97635
52	29	0.96741
56	29	0.99383
57	29	0.98956
62	29	0.96862
73	29	0.98534
74	29	0.96684
80	29	0.98964
81	29	0.98774
84	29	0.97348
93	29	0.98942
95	29	0.97956
96	29	0.99201
97	29	0.98294
101	29	0.98619
103	29	0.99557
106	29	0.97123
111	29	0.98596
112	29	0.96655
114	29	0.98327
116	29	0.97699
126	29	0.96766
132	29	0.98291
134	29	0.96993
141	29	0.97826
143	29	0.99381
144	29	0.99543
148	29	0.99444
6	30	0.98929
9	30	0.97414
13	30	0.99217
20	30	0.98259
22	30	0.98521
24	30	0.99216
28	30	0.98849
32	30	0.98818
33	30	0.9786
34	30	0.98046
35	30	0.98861
36	30	0.9904
39	30	0.97717
43	30	0.98628
44	30	0.90999
45	30	0.99128
46	30	0.98756
47	30	0.9773
48	30	0.97364
49	30	0.97755
51	30	0.81365
53	30	0.98308
55	30	0.97021
60	30	0.97265
61	30	0.96649
63	30	0.98725
66	30	0.87368
69	30	0.98709
70	30	0.98984
72	30	0.98777
74	30	0.98604
76	30	0.98208
78	30	0.98027
79	30	0.98687
80	30	0.98041
81	30	0.98255
83	30	0.97673
84	30	0.98602
85	30	0.95531
89	30	0.97034
93	30	0.97412
95	30	0.9934
96	30	0.9727
97	30	0.98998
98	30	0.99248
100	30	0.96082
103	30	0.97775
107	30	0.99059
109	30	0.97453
110	30	0.99762
111	30	0.97789
115	30	0.93177
116	30	0.99577
117	30	0.97158
126	30	0.98667
127	30	0.95843
129	30	0.97492
130	30	0.98431
132	30	0.98281
135	30	0.97048
136	30	0.97509
142	30	0.94922
143	30	0.97212
145	30	0.95366
147	30	0.97454
2	31	0.98871
3	31	0.95635
4	31	0.97515
5	31	0.96867
7	31	0.97813
8	31	0.96028
9	31	0.98852
10	31	0.96787
11	31	0.98226
14	31	0.98622
16	31	0.9695
17	31	0.95235
18	31	0.9864
19	31	0.98497
20	31	0.99085
21	31	0.99024
22	31	0.97878
25	31	0.98914
26	31	0.97395
27	31	0.97237
33	31	0.98575
37	31	0.97827
38	31	0.97955
40	31	0.9954
41	31	0.98679
42	31	0.96843
43	31	0.98565
45	31	0.98156
46	31	0.98686
47	31	0.98454
48	31	0.98368
50	31	0.96203
52	31	0.9812
53	31	0.97581
54	31	0.97655
56	31	0.97605
57	31	0.98318
58	31	0.97951
59	31	0.93612
60	31	0.99512
62	31	0.99375
64	31	0.96678
65	31	0.97163
67	31	0.98636
68	31	0.97103
71	31	0.97575
73	31	0.97547
77	31	0.96902
78	31	0.98571
79	31	0.98871
80	31	0.98169
81	31	0.98499
82	31	0.98533
83	31	0.99001
84	31	0.98882
90	31	0.94241
91	31	0.96865
93	31	0.9832
94	31	0.98378
95	31	0.97891
96	31	0.98219
97	31	0.98452
98	31	0.98366
99	31	0.99512
101	31	0.9784
102	31	0.98574
103	31	0.97592
104	31	0.95849
105	31	0.93945
106	31	0.98653
107	31	0.98264
108	31	0.99362
109	31	0.99341
111	31	0.98745
112	31	0.9861
113	31	0.99352
114	31	0.98936
120	31	0.99005
121	31	0.92269
122	31	0.96805
128	31	0.98008
129	31	0.97251
130	31	0.99121
131	31	0.9818
132	31	0.98705
133	31	0.95831
134	31	0.99238
136	31	0.98218
137	31	0.96291
139	31	0.99304
140	31	0.97195
141	31	0.99151
144	31	0.96805
146	31	0.96278
148	31	0.97346
2	32	0.97895
6	32	0.97864
13	32	0.98922
15	32	0.96181
20	32	0.98742
22	32	0.97673
24	32	0.98536
25	32	0.9803
27	32	0.97032
28	32	0.97645
30	32	0.98818
34	32	0.97371
35	32	0.9675
36	32	0.98838
39	32	0.97589
43	32	0.98922
44	32	0.8998
45	32	0.99105
46	32	0.99344
48	32	0.98717
49	32	0.97975
51	32	0.77868
53	32	0.98689
54	32	0.97158
55	32	0.9794
58	32	0.9811
60	32	0.98766
61	32	0.96788
63	32	0.98333
66	32	0.8425
67	32	0.98869
68	32	0.96818
69	32	0.98367
70	32	0.98996
71	32	0.9684
72	32	0.98689
74	32	0.98845
75	32	0.97625
76	32	0.96312
78	32	0.98373
79	32	0.99126
80	32	0.98155
81	32	0.98111
82	32	0.97742
83	32	0.9878
84	32	0.99278
85	32	0.93525
87	32	0.98156
89	32	0.98149
92	32	0.97178
94	32	0.98618
95	32	0.98822
97	32	0.99064
98	32	0.99416
99	32	0.98008
100	32	0.97415
105	32	0.9473
107	32	0.99294
108	32	0.9857
109	32	0.98899
110	32	0.98601
111	32	0.9814
113	32	0.98649
114	32	0.9818
115	32	0.95021
116	32	0.98447
117	32	0.98028
118	32	0.94191
123	32	0.98523
125	32	0.93589
126	32	0.98857
127	32	0.95026
128	32	0.98883
129	32	0.98384
130	32	0.98583
131	32	0.98309
132	32	0.98628
135	32	0.97569
136	32	0.98724
137	32	0.9613
138	32	0.96468
139	32	0.98544
142	32	0.96006
145	32	0.96531
146	32	0.97072
147	32	0.98407
150	32	0.964
2	33	0.99349
6	33	0.96583
9	33	0.98567
11	33	0.96958
12	33	0.97338
13	33	0.9882
18	33	0.97205
19	33	0.97232
20	33	0.98359
21	33	0.98046
22	33	0.9927
24	33	0.98166
27	33	0.97467
28	33	0.96167
29	33	0.96873
30	33	0.9786
31	33	0.98575
34	33	0.95661
35	33	0.97106
36	33	0.97107
37	33	0.98332
40	33	0.9904
42	33	0.96444
43	33	0.99
45	33	0.98235
46	33	0.98676
47	33	0.99344
53	33	0.97303
54	33	0.96964
56	33	0.97779
60	33	0.98228
62	33	0.98198
63	33	0.97083
69	33	0.98498
70	33	0.97746
74	33	0.97842
78	33	0.98521
79	33	0.9907
80	33	0.98267
81	33	0.98594
82	33	0.97735
83	33	0.98752
84	33	0.98366
93	33	0.98157
94	33	0.97757
95	33	0.98376
96	33	0.97794
97	33	0.98465
98	33	0.98549
99	33	0.9808
102	33	0.97625
103	33	0.9817
105	33	0.94689
107	33	0.9882
108	33	0.98144
109	33	0.98257
110	33	0.98099
111	33	0.98316
113	33	0.97754
114	33	0.98019
116	33	0.9814
126	33	0.97822
130	33	0.99196
132	33	0.98619
133	33	0.97012
136	33	0.98036
139	33	0.97919
141	33	0.97926
143	33	0.97331
148	33	0.96935
6	34	0.98802
13	34	0.96866
15	34	0.97179
22	34	0.96534
24	34	0.97776
27	34	0.95582
28	34	0.9912
30	34	0.98046
32	34	0.97371
33	34	0.95661
35	34	0.98054
36	34	0.98617
39	34	0.97938
43	34	0.96264
44	34	0.94719
45	34	0.96063
46	34	0.97275
51	34	0.87253
53	34	0.9718
55	34	0.97651
61	34	0.98207
63	34	0.97805
66	34	0.91625
69	34	0.98165
70	34	0.98748
72	34	0.97535
74	34	0.97257
75	34	0.97354
76	34	0.98934
78	34	0.95782
79	34	0.96962
84	34	0.95759
85	34	0.97855
87	34	0.9758
88	34	0.94159
89	34	0.97016
92	34	0.96668
95	34	0.96575
97	34	0.96187
98	34	0.97701
100	34	0.96682
107	34	0.97829
110	34	0.98154
115	34	0.94218
116	34	0.96796
117	34	0.97213
118	34	0.94975
123	34	0.96128
126	34	0.95782
127	34	0.97764
129	34	0.97522
130	34	0.95902
135	34	0.96821
142	34	0.96291
145	34	0.96704
147	34	0.97204
6	35	0.98534
13	35	0.97619
20	35	0.96185
22	35	0.97862
24	35	0.9809
28	35	0.98232
30	35	0.98861
32	35	0.9675
33	35	0.97106
34	35	0.98054
36	35	0.97728
39	35	0.96499
43	35	0.96677
44	35	0.91294
45	35	0.97221
46	35	0.97261
47	35	0.96159
51	35	0.83333
53	35	0.97393
55	35	0.9556
61	35	0.95904
63	35	0.97282
66	35	0.89071
69	35	0.98282
70	35	0.97711
72	35	0.96986
74	35	0.96554
75	35	0.95626
76	35	0.98562
78	35	0.96535
79	35	0.97223
80	35	0.95649
81	35	0.9642
84	35	0.96599
85	35	0.96053
93	35	0.95605
95	35	0.97638
97	35	0.97055
98	35	0.9768
103	35	0.96376
107	35	0.97892
110	35	0.99035
111	35	0.95658
116	35	0.98672
117	35	0.95486
126	35	0.96379
127	35	0.95425
129	35	0.95812
130	35	0.96969
132	35	0.95982
135	35	0.95558
143	35	0.955
147	35	0.95468
6	36	0.98399
13	36	0.98435
15	36	0.97044
20	36	0.97663
22	36	0.9772
24	36	0.99298
28	36	0.99149
30	36	0.9904
32	36	0.98838
33	36	0.97107
34	36	0.98617
35	36	0.97728
39	36	0.98
43	36	0.97796
44	36	0.92049
45	36	0.9846
46	36	0.98966
48	36	0.975
51	36	0.82611
53	36	0.97968
55	36	0.9784
58	36	0.97657
61	36	0.97421
63	36	0.98353
66	36	0.8748
69	36	0.98274
70	36	0.99184
72	36	0.9861
74	36	0.98947
75	36	0.97383
76	36	0.97911
78	36	0.97639
79	36	0.98478
80	36	0.97111
81	36	0.97279
84	36	0.98073
85	36	0.96115
87	36	0.98458
89	36	0.97134
92	36	0.97159
94	36	0.97459
95	36	0.98297
97	36	0.98419
98	36	0.99035
100	36	0.97882
107	36	0.98747
110	36	0.99001
115	36	0.95267
116	36	0.98309
117	36	0.97106
123	36	0.97317
126	36	0.98057
127	36	0.96468
129	36	0.97847
130	36	0.97861
132	36	0.97621
135	36	0.9709
142	36	0.95348
145	36	0.96632
147	36	0.97671
2	37	0.97875
3	37	0.96581
4	37	0.97281
5	37	0.97649
7	37	0.9783
8	37	0.95762
9	37	0.98835
10	37	0.96184
11	37	0.97411
12	37	0.98454
13	37	0.97683
14	37	0.9798
16	37	0.98226
17	37	0.97041
19	37	0.96653
20	37	0.98144
21	37	0.98037
26	37	0.98064
29	37	0.97862
31	37	0.97827
33	37	0.98332
40	37	0.98224
41	37	0.9824
43	37	0.97253
45	37	0.97777
47	37	0.98807
48	37	0.97692
49	37	0.97327
52	37	0.97603
56	37	0.98602
57	37	0.98262
62	37	0.97752
73	37	0.97254
74	37	0.9745
80	37	0.98818
81	37	0.98413
93	37	0.97655
96	37	0.98107
97	37	0.9769
99	37	0.97237
101	37	0.98004
102	37	0.97642
103	37	0.98329
106	37	0.97457
111	37	0.98879
112	37	0.97608
114	37	0.98307
130	37	0.9745
132	37	0.98698
133	37	0.94643
134	37	0.9727
139	37	0.97437
141	37	0.98636
143	37	0.97737
144	37	0.97447
146	37	0.97141
148	37	0.98068
2	38	0.97494
15	38	0.9725
19	38	0.98108
21	38	0.97124
23	38	0.9829
25	38	0.98751
27	38	0.98073
31	38	0.97955
40	38	0.97168
42	38	0.98398
43	38	0.97018
46	38	0.97382
54	38	0.98166
58	38	0.98152
59	38	0.97058
60	38	0.98124
62	38	0.97579
64	38	0.98118
65	38	0.99108
67	38	0.98061
68	38	0.99067
71	38	0.98927
75	38	0.97184
77	38	0.9909
79	38	0.97533
82	38	0.9869
83	38	0.9717
86	38	0.98466
87	38	0.97399
88	38	0.94396
90	38	0.97801
91	38	0.99225
92	38	0.96357
94	38	0.98022
99	38	0.97726
100	38	0.96018
104	38	0.98104
105	38	0.94056
108	38	0.98814
109	38	0.97816
113	38	0.97257
115	38	0.93278
118	38	0.94115
119	38	0.94072
120	38	0.99303
121	38	0.97169
122	38	0.98348
123	38	0.98946
124	38	0.9488
125	38	0.96549
128	38	0.97474
129	38	0.9749
130	38	0.97372
131	38	0.9841
136	38	0.97527
137	38	0.97863
138	38	0.97146
139	38	0.984
140	38	0.96775
149	38	0.70553
150	38	0.97658
6	39	0.99121
13	39	0.96844
15	39	0.9866
23	39	0.95852
24	39	0.97127
27	39	0.97147
28	39	0.98273
30	39	0.97717
32	39	0.97589
34	39	0.97938
35	39	0.96499
36	39	0.98
43	39	0.97536
44	39	0.95906
46	39	0.97597
51	39	0.84345
53	39	0.97962
55	39	0.99116
58	39	0.97422
61	39	0.98913
63	39	0.97193
65	39	0.97
66	39	0.90128
68	39	0.96577
69	39	0.98737
70	39	0.99361
72	39	0.98514
75	39	0.98901
76	39	0.97986
78	39	0.96727
79	39	0.97872
85	39	0.95789
86	39	0.96605
87	39	0.98833
88	39	0.97124
89	39	0.9913
92	39	0.98381
94	39	0.96581
98	39	0.98152
100	39	0.96966
105	39	0.95316
107	39	0.98319
108	39	0.9665
110	39	0.97452
115	39	0.95063
117	39	0.98666
118	39	0.9745
119	39	0.92233
121	39	0.91784
123	39	0.98431
125	39	0.94556
127	39	0.97666
129	39	0.98991
130	39	0.97533
131	39	0.97737
135	39	0.9838
136	39	0.97715
138	39	0.96497
142	39	0.97835
145	39	0.96855
147	39	0.99052
149	39	0.68518
150	39	0.96044
2	40	0.98743
3	40	0.95403
4	40	0.97202
5	40	0.97167
7	40	0.97657
8	40	0.95832
9	40	0.98994
10	40	0.96736
11	40	0.97627
12	40	0.97522
13	40	0.9789
14	40	0.98257
16	40	0.96646
17	40	0.95433
18	40	0.98546
19	40	0.98385
20	40	0.98962
21	40	0.99007
22	40	0.98419
25	40	0.98303
26	40	0.97394
27	40	0.97223
29	40	0.97005
31	40	0.9954
33	40	0.9904
37	40	0.98224
38	40	0.97168
41	40	0.98323
42	40	0.96113
43	40	0.98385
45	40	0.98186
46	40	0.98771
47	40	0.98725
48	40	0.97902
50	40	0.96073
52	40	0.97613
53	40	0.97443
54	40	0.96969
56	40	0.97999
57	40	0.98366
58	40	0.97244
60	40	0.99223
62	40	0.9892
67	40	0.97711
73	40	0.97467
77	40	0.95973
78	40	0.98926
79	40	0.99049
80	40	0.98275
81	40	0.98708
82	40	0.97883
83	40	0.98583
84	40	0.98917
93	40	0.98432
94	40	0.97787
95	40	0.9795
96	40	0.98259
97	40	0.98456
98	40	0.98431
99	40	0.99183
101	40	0.97731
102	40	0.98523
103	40	0.98076
106	40	0.98071
107	40	0.98318
108	40	0.98934
109	40	0.98865
111	40	0.98804
112	40	0.97645
113	40	0.9872
114	40	0.98701
120	40	0.98137
122	40	0.95444
130	40	0.99221
132	40	0.98705
133	40	0.96251
134	40	0.98921
136	40	0.97871
139	40	0.98655
140	40	0.96631
141	40	0.98883
143	40	0.97161
144	40	0.96982
148	40	0.97482
3	41	0.98785
4	41	0.99716
5	41	0.99139
7	41	0.99711
8	41	0.98776
9	41	0.98911
10	41	0.99056
11	41	0.98701
12	41	0.98913
14	41	0.9953
16	41	0.97202
17	41	0.98574
18	41	0.97924
19	41	0.9645
20	41	0.99067
21	41	0.98584
26	41	0.97765
29	41	0.98445
31	41	0.98679
37	41	0.9824
40	41	0.98323
45	41	0.98177
47	41	0.98345
48	41	0.98252
49	41	0.984
50	41	0.97089
52	41	0.98991
56	41	0.99229
57	41	0.99586
60	41	0.98256
62	41	0.99069
73	41	0.99348
80	41	0.9893
81	41	0.98722
84	41	0.98181
93	41	0.9884
96	41	0.99383
97	41	0.98221
99	41	0.98634
101	41	0.99752
102	41	0.98531
103	41	0.98623
106	41	0.99542
109	41	0.98213
111	41	0.99271
112	41	0.98536
113	41	0.9851
114	41	0.99521
132	41	0.98894
133	41	0.94003
134	41	0.9938
139	41	0.98337
141	41	0.99581
143	41	0.97825
144	41	0.99124
146	41	0.96243
148	41	0.99355
2	42	0.97478
11	42	0.96083
15	42	0.96292
19	42	0.96432
23	42	0.97056
25	42	0.97505
27	42	0.96946
31	42	0.96843
33	42	0.96444
38	42	0.98398
40	42	0.96113
43	42	0.97044
46	42	0.96016
54	42	0.98516
58	42	0.96619
59	42	0.96284
60	42	0.96485
62	42	0.96546
64	42	0.97131
65	42	0.97446
67	42	0.96489
68	42	0.97679
69	42	0.96005
71	42	0.97183
72	42	0.96686
75	42	0.96998
77	42	0.96607
79	42	0.96971
82	42	0.97946
83	42	0.96784
86	42	0.97218
87	42	0.96647
89	42	0.96961
90	42	0.9553
91	42	0.9717
94	42	0.97298
99	42	0.96494
104	42	0.98224
105	42	0.95806
107	42	0.96557
108	42	0.97619
109	42	0.96525
119	42	0.93895
120	42	0.98243
121	42	0.95212
122	42	0.96358
123	42	0.97872
124	42	0.95877
125	42	0.94918
129	42	0.96859
130	42	0.96459
131	42	0.97701
133	42	0.94988
136	42	0.97
139	42	0.97088
142	42	0.95844
147	42	0.95929
149	42	0.69953
150	42	0.98757
2	43	0.98994
6	43	0.97529
11	43	0.97365
13	43	0.99363
15	43	0.9597
16	43	0.96923
20	43	0.98805
22	43	0.98408
24	43	0.98286
25	43	0.98106
26	43	0.97472
27	43	0.97737
28	43	0.9691
30	43	0.98628
31	43	0.98565
32	43	0.98922
33	43	0.99
34	43	0.96264
35	43	0.96677
36	43	0.97796
37	43	0.97253
38	43	0.97018
39	43	0.97536
40	43	0.98385
42	43	0.97044
45	43	0.987
46	43	0.98872
47	43	0.98544
48	43	0.98046
49	43	0.9856
51	43	0.75795
53	43	0.98546
54	43	0.97926
55	43	0.96914
58	43	0.97304
60	43	0.9883
61	43	0.96058
62	43	0.98495
63	43	0.98327
65	43	0.97076
66	43	0.82392
67	43	0.9809
69	43	0.98878
70	43	0.98604
71	43	0.96698
72	43	0.9858
74	43	0.98461
75	43	0.97543
76	43	0.95725
77	43	0.95907
78	43	0.98733
79	43	0.99275
80	43	0.98496
81	43	0.98601
82	43	0.98203
83	43	0.99095
84	43	0.98833
85	43	0.91666
87	43	0.97487
89	43	0.97859
94	43	0.98203
95	43	0.98568
97	43	0.98644
98	43	0.99138
99	43	0.98488
100	43	0.96835
102	43	0.98273
105	43	0.95487
107	43	0.99352
108	43	0.99014
109	43	0.99015
110	43	0.98372
111	43	0.9856
113	43	0.98438
114	43	0.98311
115	43	0.93936
116	43	0.98337
117	43	0.97742
120	43	0.97816
123	43	0.98399
124	43	0.91444
126	43	0.99085
127	43	0.93687
128	43	0.97465
129	43	0.98218
130	43	0.99356
131	43	0.98713
132	43	0.9906
133	43	0.95084
135	43	0.97967
136	43	0.99153
137	43	0.9621
139	43	0.98977
140	43	0.96717
142	43	0.95799
143	43	0.9666
145	43	0.95523
146	43	0.97129
147	43	0.98057
150	43	0.96319
6	44	0.95331
15	44	0.9439
24	44	0.89584
27	44	0.89445
28	44	0.94373
30	44	0.90999
32	44	0.8998
34	44	0.94719
35	44	0.91294
36	44	0.92049
39	44	0.95906
51	44	0.92696
53	44	0.91082
55	44	0.94517
58	44	0.89453
61	44	0.96585
63	44	0.91034
66	44	0.9677
69	44	0.92708
70	44	0.93762
72	44	0.92684
75	44	0.94146
76	44	0.96
79	44	0.89409
85	44	0.9651
86	44	0.89343
87	44	0.93273
88	44	0.95463
89	44	0.94464
92	44	0.94115
98	44	0.90357
100	44	0.90699
105	44	0.89635
107	44	0.9092
110	44	0.90902
115	44	0.89648
117	44	0.94306
118	44	0.95907
123	44	0.91303
125	44	0.89349
127	44	0.97065
129	44	0.92679
131	44	0.89624
135	44	0.9301
136	44	0.89286
138	44	0.90763
142	44	0.95318
145	44	0.92592
147	44	0.93927
150	44	0.8937
2	45	0.97941
3	45	0.95709
4	45	0.97282
5	45	0.98156
6	45	0.96791
7	45	0.97831
8	45	0.9531
9	45	0.9915
10	45	0.96405
12	45	0.99047
13	45	0.99252
14	45	0.99135
16	45	0.9673
17	45	0.96379
20	45	0.99589
22	45	0.98519
24	45	0.98913
26	45	0.97399
28	45	0.97083
29	45	0.98125
30	45	0.99128
31	45	0.98156
32	45	0.99105
33	45	0.98235
34	45	0.96063
35	45	0.97221
36	45	0.9846
37	45	0.97777
40	45	0.98186
41	45	0.98177
43	45	0.987
46	45	0.99204
47	45	0.98805
48	45	0.99091
49	45	0.9884
53	45	0.97763
56	45	0.98485
57	45	0.99027
58	45	0.97428
60	45	0.98526
63	45	0.9775
67	45	0.97857
69	45	0.97485
70	45	0.979
72	45	0.9781
73	45	0.97872
74	45	0.99094
76	45	0.95393
78	45	0.9822
79	45	0.98843
80	45	0.9948
81	45	0.99204
83	45	0.98606
84	45	0.99489
85	45	0.91986
93	45	0.98923
94	45	0.98219
95	45	0.99588
96	45	0.99212
97	45	0.99762
98	45	0.99056
99	45	0.9829
101	45	0.97409
102	45	0.97879
103	45	0.98952
107	45	0.98683
109	45	0.98505
110	45	0.98863
111	45	0.99415
112	45	0.97769
113	45	0.9855
114	45	0.99237
116	45	0.99371
126	45	0.99288
128	45	0.97919
130	45	0.98747
132	45	0.99442
134	45	0.97718
139	45	0.98241
141	45	0.98375
143	45	0.98448
144	45	0.97716
146	45	0.96917
148	45	0.97816
2	46	0.98469
6	46	0.97575
9	46	0.98816
13	46	0.98681
14	46	0.98132
15	46	0.96954
16	46	0.96433
18	46	0.97704
19	46	0.96507
20	46	0.99239
21	46	0.97587
22	46	0.98747
24	46	0.98667
25	46	0.9845
26	46	0.97277
27	46	0.97849
28	46	0.97437
30	46	0.98756
31	46	0.98686
32	46	0.99344
33	46	0.98676
34	46	0.97275
35	46	0.97261
36	46	0.98966
38	46	0.97382
39	46	0.97597
40	46	0.98771
42	46	0.96016
43	46	0.98872
45	46	0.99204
47	46	0.98466
48	46	0.98816
49	46	0.9769
51	46	0.7571
53	46	0.98706
55	46	0.98039
58	46	0.98651
60	46	0.99204
61	46	0.95927
62	46	0.98421
63	46	0.97277
65	46	0.97193
66	46	0.82525
67	46	0.98527
69	46	0.98532
70	46	0.98993
71	46	0.96957
72	46	0.98116
74	46	0.98967
75	46	0.97775
76	46	0.96092
77	46	0.9619
78	46	0.98966
79	46	0.99629
80	46	0.98246
81	46	0.98501
82	46	0.98018
83	46	0.98776
84	46	0.99506
85	46	0.92569
87	46	0.98251
89	46	0.97351
91	46	0.9664
92	46	0.96693
93	46	0.98089
94	46	0.9884
95	46	0.9899
96	46	0.98051
97	46	0.99241
98	46	0.99632
