13	2	0.96591
14	2	0.96092
15	2	0.96712
16	2	0.95998
17	2	0.96623
18	2	0.95178
19	2	0.98868
20	2	0.98729
21	2	0.97377
23	2	0.97334
25	2	0.97194
26	2	0.97522
27	2	0.98617
29	2	0.93552
32	2	0.97801
33	2	0.95123
38	2	0.98417
44	2	0.95787
53	2	0.96686
55	2	0.9329
58	2	0.96461
61	2	0.98559
63	2	0.97131
64	2	0.96685
65	2	0.97557
67	2	0.98452
68	2	0.97798
70	2	0.98727
71	2	0.97749
75	2	0.96945
77	2	0.95924
78	2	0.99023
81	2	0.97416
86	2	0.9444
91	2	0.98608
92	2	0.96784
95	2	0.95953
98	2	0.97915
99	2	0.97952
104	2	0.94796
106	2	0.9868
108	2	0.96213
109	2	0.9767
110	2	0.96096
111	2	0.93718
114	2	0.95792
117	2	0.97941
121	2	0.97156
123	2	0.98086
124	2	0.95404
126	2	0.94361
127	2	0.97163
130	2	0.95861
132	2	0.97854
133	2	0.95867
135	2	0.9494
138	2	0.97004
141	2	0.98514
142	2	0.96129
143	2	0.98617
147	2	0.95745
4	3	0.89972
5	3	0.79015
7	3	0.81419
8	3	0.97689
10	3	0.85356
11	3	0.87511
22	3	0.82541
28	3	0.85521
29	3	0.76298
33	3	0.77776
34	3	0.83674
36	3	0.89195
37	3	0.88993
41	3	0.79425
42	3	0.86125
45	3	0.90513
46	3	0.81452
48	3	0.89402
49	3	0.84185
50	3	0.89511
52	3	0.83227
53	3	0.76775
55	3	0.8211
56	3	0.9277
57	3	0.87833
62	3	0.80721
73	3	0.86617
74	3	0.86306
76	3	0.88022
83	3	0.76823
84	3	0.8075
85	3	0.86557
87	3	0.7933
94	3	0.86463
96	3	0.90304
97	3	0.88218
100	3	0.86639
101	3	0.83503
102	3	0.79618
104	3	0.77793
113	3	0.85469
114	3	0.79217
116	3	0.76735
120	3	0.78187
124	3	0.77167
128	3	0.91985
133	3	0.78506
134	3	0.8901
140	3	0.80672
144	3	0.894
3	4	0.89972
5	4	0.96812
7	4	0.97322
8	4	0.90298
9	4	0.89508
10	4	0.95747
11	4	0.93823
12	4	0.94593
14	4	0.93116
22	4	0.76898
25	4	0.92364
28	4	0.99057
29	4	0.93208
33	4	0.93566
34	4	0.9172
36	4	0.95672
37	4	0.93528
40	4	0.93117
41	4	0.96921
42	4	0.98269
45	4	0.96459
46	4	0.97987
48	4	0.96806
49	4	0.98031
50	4	0.78966
52	4	0.89026
53	4	0.91529
55	4	0.95409
56	4	0.95046
57	4	0.91355
62	4	0.93753
73	4	0.81845
74	4	0.9627
75	4	0.91581
76	4	0.9624
80	4	0.93653
83	4	0.95486
84	4	0.96399
85	4	0.97437
87	4	0.95302
93	4	0.93554
94	4	0.97825
96	4	0.97422
97	4	0.98539
100	4	0.9767
101	4	0.93267
102	4	0.91518
104	4	0.94095
113	4	0.9819
114	4	0.9381
116	4	0.9537
120	4	0.96596
124	4	0.93106
128	4	0.9805
133	4	0.92694
134	4	0.952
140	4	0.91878
144	4	0.9453
3	5	0.79015
4	5	0.96812
7	5	0.9837
8	5	0.78337
9	5	0.93725
10	5	0.92655
11	5	0.90588
12	5	0.97147
14	5	0.93968
18	5	0.96452
22	5	0.73193
24	5	0.95361
25	5	0.93603
28	5	0.98658
29	5	0.96066
33	5	0.95827
34	5	0.93394
36	5	0.92532
37	5	0.91105
40	5	0.96556
41	5	0.99674
42	5	0.98337
45	5	0.93453
46	5	0.99427
48	5	0.93821
49	5	0.98894
52	5	0.87887
54	5	0.93598
55	5	0.94176
56	5	0.91936
57	5	0.88372
58	5	0.93586
62	5	0.94149
74	5	0.94315
75	5	0.95128
76	5	0.93687
80	5	0.96976
83	5	0.98492
84	5	0.98687
85	5	0.9689
87	5	0.9572
92	5	0.9337
93	5	0.96761
94	5	0.96463
96	5	0.95449
97	5	0.96645
100	5	0.97519
101	5	0.93561
102	5	0.94791
104	5	0.96249
113	5	0.98352
114	5	0.94292
116	5	0.99421
120	5	0.98658
128	5	0.94648
133	5	0.93378
134	5	0.9355
140	5	0.94091
144	5	0.9098
146	5	0.97246
148	5	0.94065
149	5	0.8958
13	6	0.98847
17	6	0.98237
26	6	0.9619
27	6	0.96708
30	6	0.99219
31	6	0.98689
32	6	0.96671
35	6	0.97322
39	6	0.99953
43	6	0.97313
44	6	0.96289
47	6	0.98555
51	6	0.97228
59	6	0.9812
60	6	0.99266
61	6	0.96478
63	6	0.96606
65	6	0.97288
66	6	0.86514
67	6	0.97679
68	6	0.98297
69	6	0.96202
70	6	0.96783
71	6	0.97471
72	6	0.94901
79	6	0.98426
82	6	0.96011
86	6	0.95308
88	6	0.9568
89	6	0.98203
90	6	0.96864
95	6	0.99425
98	6	0.97389
103	6	0.9858
105	6	0.9061
106	6	0.96125
107	6	0.98478
108	6	0.99289
109	6	0.97335
110	6	0.99428
111	6	0.94438
115	6	0.98619
117	6	0.96976
118	6	0.91276
119	6	0.97212
121	6	0.96742
122	6	0.94103
123	6	0.97748
125	6	0.98612
127	6	0.98702
129	6	0.92751
130	6	0.97446
131	6	0.97757
136	6	0.9909
137	6	0.96638
138	6	0.96807
139	6	0.9874
141	6	0.96398
142	6	0.97584
145	6	0.99168
147	6	0.98606
149	6	0.91865
150	6	0.93583
3	7	0.81419
4	7	0.97322
5	7	0.9837
8	7	0.81801
9	7	0.89045
10	7	0.95567
11	7	0.88508
12	7	0.97915
14	7	0.96859
15	7	0.92791
18	7	0.9808
19	7	0.93606
20	7	0.92929
22	7	0.77546
24	7	0.96088
25	7	0.97086
28	7	0.97344
29	7	0.96663
33	7	0.97745
34	7	0.89635
36	7	0.95095
37	7	0.92657
40	7	0.97123
41	7	0.97754
42	7	0.96723
45	7	0.90802
46	7	0.9909
48	7	0.92005
49	7	0.97126
50	7	0.75955
52	7	0.87362
53	7	0.96659
55	7	0.97424
56	7	0.91041
57	7	0.89062
58	7	0.95079
62	7	0.9794
73	7	0.81464
74	7	0.92835
75	7	0.96952
76	7	0.96768
80	7	0.97245
83	7	0.98949
84	7	0.98973
85	7	0.9726
87	7	0.98133
92	7	0.9507
93	7	0.97754
94	7	0.95181
96	7	0.96185
97	7	0.97992
100	7	0.97311
101	7	0.87946
102	7	0.95212
104	7	0.9762
113	7	0.99129
114	7	0.97776
116	7	0.96726
120	7	0.9845
124	7	0.9667
126	7	0.9276
128	7	0.94595
132	7	0.96271
133	7	0.96888
134	7	0.92675
140	7	0.90946
144	7	0.93298
146	7	0.96324
148	7	0.94861
3	8	0.97689
4	8	0.90298
5	8	0.78337
7	8	0.81801
10	8	0.88482
11	8	0.88412
14	8	0.77536
22	8	0.80136
28	8	0.85919
29	8	0.7831
33	8	0.78954
34	8	0.81592
36	8	0.91054
37	8	0.89324
41	8	0.78415
42	8	0.85299
45	8	0.89905
46	8	0.82194
48	8	0.90535
49	8	0.82616
50	8	0.90678
52	8	0.85327
53	8	0.78576
55	8	0.85063
56	8	0.91178
57	8	0.8339
62	8	0.81745
73	8	0.8826
74	8	0.86925
76	8	0.88344
84	8	0.81203
85	8	0.87896
87	8	0.80985
93	8	0.77753
94	8	0.87642
96	8	0.89947
97	8	0.89368
100	8	0.86745
101	8	0.8173
102	8	0.7835
104	8	0.78939
113	8	0.8535
114	8	0.80524
120	8	0.79314
124	8	0.80382
128	8	0.92294
133	8	0.79373
134	8	0.88066
140	8	0.78386
144	8	0.90864
4	9	0.89508
5	9	0.93725
7	9	0.89045
10	9	0.8332
11	9	0.94073
12	9	0.83868
18	9	0.85035
22	9	0.77159
24	9	0.85453
28	9	0.92855
29	9	0.85072
33	9	0.83572
34	9	0.93011
36	9	0.86201
37	9	0.88452
40	9	0.85307
41	9	0.92607
42	9	0.91376
45	9	0.94474
46	9	0.91846
48	9	0.91813
49	9	0.94353
52	9	0.84113
55	9	0.82212
56	9	0.92834
57	9	0.84453
62	9	0.82106
74	9	0.88038
75	9	0.80955
76	9	0.82099
80	9	0.83712
83	9	0.88542
84	9	0.91146
85	9	0.90526
87	9	0.81437
93	9	0.90993
94	9	0.90106
96	9	0.92532
97	9	0.88622
100	9	0.91314
101	9	0.94531
102	9	0.94526
104	9	0.8439
113	9	0.89827
116	9	0.94467
120	9	0.87632
128	9	0.9147
134	9	0.95993
140	9	0.98625
144	9	0.86931
146	9	0.84871
3	10	0.85356
4	10	0.95747
5	10	0.92655
7	10	0.95567
8	10	0.88482
9	10	0.8332
11	10	0.89362
12	10	0.94741
14	10	0.94365
15	10	0.93188
18	10	0.91843
21	10	0.9054
22	10	0.73692
25	10	0.94884
28	10	0.9517
29	10	0.9487
33	10	0.95306
34	10	0.89294
36	10	0.96737
37	10	0.96394
38	10	0.90632
40	10	0.94221
41	10	0.909
42	10	0.93142
45	10	0.90041
46	10	0.95734
48	10	0.92877
49	10	0.90701
50	10	0.81524
52	10	0.92961
53	10	0.94725
55	10	0.98941
56	10	0.90174
57	10	0.88851
58	10	0.92652
62	10	0.94658
73	10	0.89479
74	10	0.92638
75	10	0.93717
76	10	0.94775
80	10	0.93855
83	10	0.91764
84	10	0.95929
85	10	0.96883
87	10	0.95661
92	10	0.91571
93	10	0.95374
94	10	0.94493
96	10	0.93802
97	10	0.97121
100	10	0.97077
101	10	0.86346
102	10	0.90336
104	10	0.96465
113	10	0.95676
114	10	0.96147
120	10	0.94817
124	10	0.97988
128	10	0.94399
132	10	0.9311
133	10	0.95064
134	10	0.90183
140	10	0.83693
144	10	0.9795
3	11	0.87511
4	11	0.93823
5	11	0.90588
7	11	0.88508
8	11	0.88412
9	11	0.94073
10	11	0.89362
12	11	0.82935
22	11	0.75683
28	11	0.94154
29	11	0.83211
33	11	0.82073
34	11	0.9009
36	11	0.89299
37	11	0.91091
40	11	0.8216
41	11	0.89805
42	11	0.91269
45	11	0.97307
46	11	0.91192
48	11	0.95226
49	11	0.92952
52	11	0.85468
55	11	0.85467
56	11	0.94189
57	11	0.8771
62	11	0.8159
74	11	0.90631
76	11	0.84356
80	11	0.82676
83	11	0.85499
84	11	0.88935
85	11	0.91987
87	11	0.82209
93	11	0.88297
94	11	0.9221
96	11	0.93439
97	11	0.91061
100	11	0.91979
101	11	0.94107
102	11	0.89184
104	11	0.83275
113	11	0.89582
114	11	0.80582
116	11	0.91064
120	11	0.86921
124	11	0.82012
128	11	0.94545
134	11	0.96127
140	11	0.9411
144	11	0.91627
4	12	0.94593
5	12	0.97147
7	12	0.97915
9	12	0.83868
10	12	0.94741
11	12	0.82935
14	12	0.98841
15	12	0.94035
18	12	0.97942
19	12	0.9633
20	12	0.96863
24	12	0.95472
25	12	0.98523
28	12	0.95625
29	12	0.97667
32	12	0.96119
33	12	0.98392
34	12	0.89118
36	12	0.91538
37	12	0.89782
38	12	0.95222
40	12	0.98405
41	12	0.96522
42	12	0.95694
44	12	0.96113
45	12	0.86238
46	12	0.97772
48	12	0.8873
49	12	0.94042
52	12	0.87201
53	12	0.96834
54	12	0.96988
55	12	0.97126
57	12	0.8558
58	12	0.98608
62	12	0.9614
63	12	0.95791
66	12	0.86879
74	12	0.92628
75	12	0.98706
76	12	0.94836
80	12	0.99542
83	12	0.97359
84	12	0.97786
85	12	0.95336
87	12	0.98616
91	12	0.96645
92	12	0.98515
93	12	0.95434
94	12	0.93737
96	12	0.90993
97	12	0.95587
99	12	0.95194
100	12	0.96291
101	12	0.86663
102	12	0.90016
104	12	0.99017
111	12	0.96777
112	12	0.97126
113	12	0.97321
114	12	0.98157
116	12	0.95271
120	12	0.99017
124	12	0.97203
126	12	0.91454
128	12	0.90386
130	12	0.95219
132	12	0.97563
133	12	0.97939
134	12	0.85881
140	12	0.84072
141	12	0.95777
144	12	0.90421
146	12	0.98252
148	12	0.97232
149	12	0.92619
2	13	0.96591
6	13	0.98847
16	13	0.94148
17	13	0.98615
19	13	0.96989
20	13	0.97914
23	13	0.93147
26	13	0.976
27	13	0.98422
30	13	0.97622
31	13	0.9723
32	13	0.98576
35	13	0.95173
38	13	0.95283
39	13	0.99007
43	13	0.97664
44	13	0.97582
47	13	0.98203
51	13	0.94336
54	13	0.94415
59	13	0.96956
60	13	0.97873
61	13	0.99022
63	13	0.98974
65	13	0.99127
66	13	0.8672
67	13	0.99215
68	13	0.99669
69	13	0.93653
70	13	0.99163
71	13	0.9927
72	13	0.92752
77	13	0.96586
78	13	0.9859
79	13	0.96668
81	13	0.98221
82	13	0.96427
86	13	0.9666
88	13	0.9627
89	13	0.96863
90	13	0.95763
91	13	0.97709
95	13	0.99599
98	13	0.9906
99	13	0.97537
103	13	0.98259
105	13	0.86714
106	13	0.97693
107	13	0.97669
108	13	0.99498
109	13	0.98812
110	13	0.99555
111	13	0.95666
112	13	0.94835
115	13	0.95715
117	13	0.99356
118	13	0.87167
119	13	0.94587
121	13	0.9864
122	13	0.90286
123	13	0.99295
125	13	0.97353
127	13	0.99817
129	13	0.88731
130	13	0.98566
131	13	0.95878
135	13	0.96049
136	13	0.97439
137	13	0.96105
138	13	0.98175
139	13	0.98036
141	13	0.98914
142	13	0.98967
143	13	0.95746
145	13	0.98446
147	13	0.99094
148	13	0.95851
149	13	0.91252
150	13	0.90518
2	14	0.96092
4	14	0.93116
5	14	0.93968
7	14	0.96859
8	14	0.77536
10	14	0.94365
12	14	0.98841
15	14	0.96763
16	14	0.93064
18	14	0.97167
19	14	0.98174
20	14	0.97638
21	14	0.96091
23	14	0.94057
24	14	0.93536
25	14	0.9975
28	14	0.92919
29	14	0.97228
32	14	0.96788
33	14	0.98489
36	14	0.91896
38	14	0.98223
40	14	0.97698
41	14	0.93622
42	14	0.93479
44	14	0.96217
46	14	0.95632
49	14	0.90895
52	14	0.85927
53	14	0.98775
54	14	0.95765
55	14	0.97691
58	14	0.9911
61	14	0.9597
62	14	0.97448
63	14	0.96957
64	14	0.94381
65	14	0.95938
70	14	0.96479
71	14	0.96254
73	14	0.80187
74	14	0.90143
75	14	0.98945
76	14	0.96222
78	14	0.96669
80	14	0.98031
81	14	0.95292
83	14	0.96286
84	14	0.96064
85	14	0.94042
87	14	0.99438
91	14	0.98415
92	14	0.9923
93	14	0.93535
94	14	0.92056
97	14	0.95139
98	14	0.95972
100	14	0.94162
104	14	0.98387
109	14	0.95549
111	14	0.9534
112	14	0.95881
113	14	0.96318
114	14	0.99205
116	14	0.91208
117	14	0.96621
120	14	0.97651
124	14	0.97881
126	14	0.95387
130	14	0.955
132	14	0.99237
133	14	0.99091
141	14	0.97121
143	14	0.96373
144	14	0.89078
146	14	0.96434
148	14	0.96662
149	14	0.89886
2	15	0.96712
7	15	0.92791
10	15	0.93188
12	15	0.94035
14	15	0.96763
18	15	0.94657
19	15	0.96566
20	15	0.94614
21	15	0.99547
22	15	0.73465
23	15	0.97453
25	15	0.9751
27	15	0.9283
29	15	0.96402
33	15	0.97764
36	15	0.93325
37	15	0.89386
38	15	0.98659
40	15	0.96495
50	15	0.8066
52	15	0.8934
53	15	0.98729
55	15	0.96825
58	15	0.95348
61	15	0.9414
62	15	0.97635
64	15	0.98963
67	15	0.92505
70	15	0.93911
71	15	0.92456
73	15	0.86638
75	15	0.97254
76	15	0.9538
78	15	0.94946
81	15	0.93417
84	15	0.93751
85	15	0.92688
87	15	0.96697
91	15	0.9577
92	15	0.95447
93	15	0.92515
97	15	0.93019
99	15	0.92605
104	15	0.96779
106	15	0.92976
113	15	0.93159
114	15	0.98223
117	15	0.93191
120	15	0.92514
124	15	0.96217
126	15	0.97877
132	15	0.97558
133	15	0.98219
141	15	0.93965
143	15	0.96202
144	15	0.89925
2	16	0.95998
13	16	0.94148
14	16	0.93064
17	16	0.94516
18	16	0.96642
19	16	0.96818
20	16	0.96434
23	16	0.9478
24	16	0.97325
25	16	0.94824
26	16	0.94107
27	16	0.97228
32	16	0.96051
38	16	0.93718
44	16	0.93127
47	16	0.95014
53	16	0.94348
58	16	0.9285
61	16	0.96849
62	16	0.92905
63	16	0.95437
64	16	0.92004
65	16	0.96411
66	16	0.86376
67	16	0.9552
68	16	0.95803
70	16	0.96485
71	16	0.94352
75	16	0.94658
77	16	0.94063
78	16	0.97442
81	16	0.97626
91	16	0.94866
92	16	0.93578
93	16	0.92292
98	16	0.95856
99	16	0.98343
106	16	0.93748
109	16	0.96791
110	16	0.93743
114	16	0.93166
117	16	0.95889
123	16	0.94679
124	16	0.93035
126	16	0.92563
127	16	0.93596
130	16	0.9415
132	16	0.95973
138	16	0.93078
141	16	0.96289
143	16	0.94098
146	16	0.93234
147	16	0.93534
148	16	0.95911
2	17	0.96623
6	17	0.98237
13	17	0.98615
16	17	0.94516
20	17	0.96651
26	17	0.98681
27	17	0.98352
30	17	0.97826
31	17	0.97976
32	17	0.97275
35	17	0.97135
39	17	0.98135
43	17	0.98463
44	17	0.95268
47	17	0.98455
51	17	0.95241
59	17	0.98027
60	17	0.98716
61	17	0.97593
63	17	0.96879
65	17	0.97351
66	17	0.86126
67	17	0.98107
68	17	0.98458
69	17	0.96001
70	17	0.97777
71	17	0.97391
72	17	0.94762
77	17	0.96804
78	17	0.97476
79	17	0.97518
81	17	0.96909
82	17	0.96641
86	17	0.96893
88	17	0.97364
89	17	0.97646
90	17	0.96527
95	17	0.98534
98	17	0.97869
99	17	0.9741
103	17	0.99335
105	17	0.89474
106	17	0.98147
107	17	0.987
108	17	0.98954
109	17	0.98026
110	17	0.99386
111	17	0.93711
115	17	0.9591
117	17	0.97479
118	17	0.89727
119	17	0.95692
121	17	0.97771
122	17	0.92424
123	17	0.9901
125	17	0.97468
127	17	0.98681
129	17	0.91089
130	17	0.96731
131	17	0.9725
135	17	0.96575
136	17	0.98036
137	17	0.97613
138	17	0.98548
139	17	0.98884
141	17	0.97479
142	17	0.98676
143	17	0.95707
145	17	0.97092
147	17	0.97513
150	17	0.93023
2	18	0.95178
5	18	0.96452
7	18	0.9808
9	18	0.85035
10	18	0.91843
12	18	0.97942
14	18	0.97167
15	18	0.94657
16	18	0.96642
19	18	0.9715
20	18	0.9704
21	18	0.93066
22	18	0.72504
24	18	0.9859
25	18	0.9783
27	18	0.95798
28	18	0.92867
29	18	0.97271
32	18	0.95943
33	18	0.98358
34	18	0.86356
36	18	0.91053
38	18	0.95288
40	18	0.98097
41	18	0.95422
42	18	0.92954
44	18	0.94525
46	18	0.9667
49	18	0.92829
53	18	0.97311
54	18	0.95176
55	18	0.95675
58	18	0.96653
61	18	0.95524
62	18	0.97539
63	18	0.95718
64	18	0.9208
65	18	0.95652
66	18	0.8724
75	18	0.9877
76	18	0.93843
78	18	0.96075
80	18	0.9752
81	18	0.96009
83	18	0.98249
84	18	0.97825
85	18	0.94069
87	18	0.97494
91	18	0.95917
92	18	0.97039
93	18	0.97291
96	18	0.91112
97	18	0.9414
98	18	0.95523
99	18	0.974
100	18	0.94101
101	18	0.81913
102	18	0.93728
104	18	0.97855
109	18	0.95757
111	18	0.95181
112	18	0.94863
113	18	0.96508
114	18	0.97735
116	18	0.94659
117	18	0.95272
120	18	0.97291
124	18	0.95888
126	18	0.93708
132	18	0.9781
133	18	0.97245
134	18	0.86285
140	18	0.85984
141	18	0.96115
146	18	0.97923
148	18	0.98036
149	18	0.90105
2	19	0.98868
7	19	0.93606
12	19	0.9633
13	19	0.96989
14	19	0.98174
15	19	0.96566
16	19	0.96818
18	19	0.9715
20	19	0.9941
21	19	0.96617
23	19	0.971
24	19	0.94872
25	19	0.987
27	19	0.98503
29	19	0.95723
32	19	0.98711
33	19	0.96796
38	19	0.9872
40	19	0.95909
44	19	0.97504
53	19	0.97677
54	19	0.95404
55	19	0.9464
58	19	0.98496
61	19	0.99175
62	19	0.95585
63	19	0.98517
64	19	0.96142
65	19	0.98838
66	19	0.86489
67	19	0.98687
68	19	0.98331
70	19	0.99256
71	19	0.98534
75	19	0.9861
77	19	0.94486
78	19	0.99408
80	19	0.96133
81	19	0.98293
83	19	0.943
87	19	0.97139
91	19	0.99575
92	19	0.98902
98	19	0.98585
99	19	0.98426
104	19	0.96002
106	19	0.97223
109	19	0.98384
111	19	0.9573
112	19	0.95963
114	19	0.97182
117	19	0.98928
120	19	0.94625
121	19	0.96137
123	19	0.97212
124	19	0.95902
126	19	0.95159
127	19	0.97068
130	19	0.97329
132	19	0.98923
133	19	0.96904
141	19	0.992
143	19	0.97182
146	19	0.9587
147	19	0.96817
148	19	0.97562
149	19	0.90412
2	20	0.98729
7	20	0.92929
12	20	0.96863
13	20	0.97914
14	20	0.97638
15	20	0.94614
16	20	0.96434
17	20	0.96651
18	20	0.9704
19	20	0.9941
21	20	0.94844
23	20	0.94696
24	20	0.95387
25	20	0.98017
26	20	0.96481
27	20	0.99275
29	20	0.94739
32	20	0.99746
33	20	0.95955
38	20	0.97613
40	20	0.95506
44	20	0.98906
53	20	0.9631
54	20	0.96969
58	20	0.98451
61	20	0.9919
62	20	0.93608
63	20	0.99348
64	20	0.9342
65	20	0.99392
66	20	0.88626
67	20	0.99222
68	20	0.9903
70	20	0.99479
71	20	0.9937
75	20	0.98122
78	20	0.99346
80	20	0.97034
81	20	0.98185
83	20	0.93502
87	20	0.95957
91	20	0.99572
92	20	0.98867
95	20	0.97149
98	20	0.99635
99	20	0.99236
104	20	0.95851
106	20	0.98475
108	20	0.96757
109	20	0.99512
110	20	0.97429
111	20	0.97903
112	20	0.97718
114	20	0.96139
117	20	0.99391
120	20	0.94395
123	20	0.97659
124	20	0.95228
126	20	0.92482
127	20	0.97887
130	20	0.98915
132	20	0.98265
133	20	0.9619
141	20	0.9978
143	20	0.97366
145	20	0.96465
146	20	0.96609
147	20	0.98471
148	20	0.98386
149	20	0.93289
2	21	0.97377
10	21	0.9054
14	21	0.96091
15	21	0.99547
18	21	0.93066
19	21	0.96617
20	21	0.94844
23	21	0.98218
25	21	0.96804
26	21	0.92571
27	21	0.93545
29	21	0.94089
32	21	0.92842
33	21	0.96077
38	21	0.99181
40	21	0.9454
50	21	0.78076
52	21	0.85439
53	21	0.98095
55	21	0.94828
58	21	0.94551
61	21	0.95129
62	21	0.95998
63	21	0.93174
64	21	0.99225
65	21	0.93007
67	21	0.93677
68	21	0.92776
70	21	0.94918
71	21	0.93528
73	21	0.85105
75	21	0.96002
76	21	0.93359
77	21	0.92993
78	21	0.95787
81	21	0.94372
87	21	0.95158
91	21	0.96198
92	21	0.94888
98	21	0.92987
99	21	0.92806
104	21	0.95018
106	21	0.94138
114	21	0.97086
117	21	0.94221
121	21	0.9418
123	21	0.93582
124	21	0.94959
126	21	0.97897
132	21	0.97347
133	21	0.97473
138	21	0.92662
141	21	0.94712
143	21	0.97343
3	22	0.82541
4	22	0.76898
5	22	0.73193
7	22	0.77546
8	22	0.80136
9	22	0.77159
10	22	0.73692
11	22	0.75683
15	22	0.73465
18	22	0.72504
28	22	0.73973
29	22	0.7207
33	22	0.74601
34	22	0.75933
36	22	0.85527
37	22	0.83972
40	22	0.72749
41	22	0.72125
42	22	0.75337
45	22	0.79039
46	22	0.7434
48	22	0.7754
49	22	0.76839
50	22	0.91526
52	22	0.76168
53	22	0.7451
55	22	0.74367
56	22	0.87953
57	22	0.72864
62	22	0.81256
73	22	0.83449
74	22	0.72682
76	22	0.82411
83	22	0.74403
84	22	0.77716
85	22	0.80109
93	22	0.77469
94	22	0.74474
96	22	0.87876
97	22	0.80807
100	22	0.78074
102	22	0.87935
113	22	0.7984
114	22	0.74399
126	22	0.78194
128	22	0.83809
133	22	0.7354
134	22	0.87795
140	22	0.83079
144	22	0.8222
2	23	0.97334
13	23	0.93147
14	23	0.94057
15	23	0.97453
16	23	0.9478
19	23	0.971
20	23	0.94696
21	23	0.98218
25	23	0.95451
26	23	0.93952
27	23	0.9474
32	23	0.93096
33	23	0.93459
38	23	0.9812
50	23	0.73752
53	23	0.96808
61	23	0.96496
62	23	0.94796
63	23	0.93444
64	23	0.99275
65	23	0.94232
67	23	0.94686
68	23	0.94225
70	23	0.95934
71	23	0.93562
73	23	0.80109
75	23	0.94433
77	23	0.96495
78	23	0.96991
81	23	0.96396
86	23	0.94253
87	23	0.93229
91	23	0.95608
92	23	0.93373
98	23	0.9341
99	23	0.94142
106	23	0.93505
109	23	0.93045
114	23	0.94856
117	23	0.94956
121	23	0.9572
123	23	0.95241
124	23	0.93001
126	23	0.98082
127	23	0.93549
132	23	0.96684
133	23	0.94641
135	23	0.95204
138	23	0.94993
141	23	0.95022
142	23	0.94107
143	23	0.96187
5	24	0.95361
7	24	0.96088
9	24	0.85453
12	24	0.95472
14	24	0.93536
16	24	0.97325
18	24	0.9859
19	24	0.94872
20	24	0.95387
25	24	0.94538
27	24	0.9489
29	24	0.93809
32	24	0.94967
33	24	0.9443
40	24	0.94348
41	24	0.94338
44	24	0.93661
46	24	0.94875
49	24	0.91371
53	24	0.93002
54	24	0.94868
58	24	0.94018
61	24	0.93707
62	24	0.93343
63	24	0.94177
65	24	0.94645
66	24	0.89487
70	24	0.93408
75	24	0.95886
78	24	0.94169
80	24	0.96288
81	24	0.94395
83	24	0.97158
84	24	0.95082
87	24	0.93979
91	24	0.93192
92	24	0.94416
93	24	0.96024
98	24	0.94384
99	24	0.97016
102	24	0.91591
104	24	0.94032
109	24	0.9533
111	24	0.95011
112	24	0.94381
114	24	0.93508
116	24	0.94804
117	24	0.93507
120	24	0.95253
130	24	0.93892
132	24	0.94532
140	24	0.85817
141	24	0.94352
146	24	0.97671
148	24	0.97724
149	24	0.91463
2	25	0.97194
4	25	0.92364
5	25	0.93603
7	25	0.97086
10	25	0.94884
12	25	0.98523
14	25	0.9975
15	25	0.9751
16	25	0.94824
18	25	0.9783
19	25	0.987
20	25	0.98017
21	25	0.96804
23	25	0.95451
24	25	0.94538
29	25	0.97344
32	25	0.97008
33	25	0.98724
36	25	0.92257
37	25	0.88477
38	25	0.98601
40	25	0.97693
41	25	0.92841
42	25	0.92325
44	25	0.95825
46	25	0.95483
50	25	0.73316
52	25	0.85893
53	25	0.99349
54	25	0.94873
55	25	0.98155
58	25	0.98837
61	25	0.96542
62	25	0.97994
63	25	0.96912
64	25	0.95641
65	25	0.96197
70	25	0.96961
71	25	0.96223
73	25	0.8147
74	25	0.88809
75	25	0.99213
76	25	0.95823
78	25	0.97394
80	25	0.97823
81	25	0.96031
83	25	0.96225
84	25	0.96279
85	25	0.94017
87	25	0.99293
91	25	0.98491
92	25	0.98935
93	25	0.94732
94	25	0.9118
97	25	0.9495
98	25	0.96225
99	25	0.96398
100	25	0.93894
104	25	0.98508
109	25	0.96015
111	25	0.94843
112	25	0.95216
113	25	0.96025
114	25	0.99496
117	25	0.96801
120	25	0.97214
124	25	0.98657
126	25	0.96324
130	25	0.95284
132	25	0.99704
133	25	0.99207
141	25	0.97433
143	25	0.97198
144	25	0.89708
146	25	0.96139
148	25	0.96602
2	26	0.97522
6	26	0.9619
13	26	0.976
16	26	0.94107
17	26	0.98681
20	26	0.96481
21	26	0.92571
23	26	0.93952
27	26	0.97858
30	26	0.95862
31	26	0.96448
32	26	0.965
35	26	0.94994
39	26	0.96165
43	26	0.97746
44	26	0.94378
47	26	0.9682
51	26	0.92791
59	26	0.96928
60	26	0.96907
61	26	0.97509
63	26	0.96102
64	26	0.91602
65	26	0.96676
67	26	0.97757
68	26	0.97737
69	26	0.93997
70	26	0.97604
71	26	0.96876
72	26	0.93106
77	26	0.9706
78	26	0.97532
79	26	0.95628
81	26	0.96609
82	26	0.96593
86	26	0.96925
88	26	0.97088
89	26	0.95981
90	26	0.95363
95	26	0.97394
98	26	0.97095
99	26	0.96675
103	26	0.97845
105	26	0.87091
106	26	0.98049
107	26	0.97388
108	26	0.97964
109	26	0.97007
110	26	0.97856
115	26	0.9314
117	26	0.97023
118	26	0.87265
119	26	0.93646
121	26	0.97995
122	26	0.89931
123	26	0.98722
125	26	0.96082
127	26	0.97977
129	26	0.88529
130	26	0.95325
131	26	0.95448
135	26	0.969
136	26	0.9598
137	26	0.96447
138	26	0.98469
139	26	0.97315
141	26	0.97125
142	26	0.9812
143	26	0.96448
147	26	0.96034
150	26	0.91139
2	27	0.98617
6	27	0.96708
13	27	0.98422
15	27	0.9283
16	27	0.97228
17	27	0.98352
18	27	0.95798
19	27	0.98503
20	27	0.99275
21	27	0.93545
23	27	0.9474
24	27	0.9489
26	27	0.97858
31	27	0.94746
32	27	0.99099
35	27	0.92303
38	27	0.96207
39	27	0.96812
43	27	0.95951
44	27	0.97638
47	27	0.97458
54	27	0.94941
58	27	0.95856
59	27	0.94896
60	27	0.95725
61	27	0.9943
63	27	0.98679
64	27	0.92572
65	27	0.99362
66	27	0.88935
67	27	0.99174
68	27	0.99344
69	27	0.90689
70	27	0.99298
71	27	0.98844
75	27	0.96133
77	27	0.95361
78	27	0.99308
81	27	0.98713
86	27	0.94512
88	27	0.9442
91	27	0.9823
92	27	0.96574
95	27	0.97751
98	27	0.99502
99	27	0.99612
103	27	0.96595
105	27	0.81537
106	27	0.99089
107	27	0.95465
108	27	0.97765
109	27	0.99535
110	27	0.98348
111	27	0.96494
112	27	0.95771
117	27	0.99068
118	27	0.82128
121	27	0.97214
122	27	0.8586
123	27	0.98421
126	27	0.91044
127	27	0.98281
129	27	0.8387
130	27	0.98236
131	27	0.93068
132	27	0.96519
135	27	0.94437
137	27	0.93327
138	27	0.96894
139	27	0.9578
141	27	0.99347
142	27	0.96889
143	27	0.96583
145	27	0.96866
146	27	0.94485
147	27	0.98293
148	27	0.97418
149	27	0.91705
3	28	0.85521
4	28	0.99057
5	28	0.98658
7	28	0.97344
8	28	0.85919
9	28	0.92855
10	28	0.9517
11	28	0.94154
12	28	0.95625
14	28	0.92919
18	28	0.92867
22	28	0.73973
29	28	0.95199
33	28	0.9444
34	28	0.94372
36	28	0.95048
37	28	0.93297
40	28	0.94897
41	28	0.98495
42	28	0.9915
45	28	0.96987
46	28	0.99221
48	28	0.97675
49	28	0.98739
50	28	0.73994
52	28	0.91023
55	28	0.95124
56	28	0.94756
57	28	0.90518
62	28	0.93086
74	28	0.9701
75	28	0.9299
76	28	0.94671
80	28	0.95231
83	28	0.96497
84	28	0.97808
85	28	0.98205
87	28	0.95316
93	28	0.95481
94	28	0.98924
96	28	0.97023
97	28	0.98279
100	28	0.98502
101	28	0.95844
102	28	0.92886
104	28	0.95226
113	28	0.98341
114	28	0.93426
116	28	0.97643
120	28	0.98005
124	28	0.92637
128	28	0.97746
134	28	0.95453
140	28	0.93732
144	28	0.93791
146	28	0.94056
2	29	0.93552
3	29	0.76298
4	29	0.93208
5	29	0.96066
7	29	0.96663
8	29	0.7831
9	29	0.85072
10	29	0.9487
11	29	0.83211
12	29	0.97667
14	29	0.97228
15	29	0.96402
18	29	0.97271
19	29	0.95723
20	29	0.94739
21	29	0.94089
22	29	0.7207
24	29	0.93809
25	29	0.97344
28	29	0.95199
33	29	0.99311
34	29	0.91431
36	29	0.95204
37	29	0.91646
38	29	0.94905
40	29	0.99551
41	29	0.95207
42	29	0.95717
45	29	0.87602
46	29	0.97427
48	29	0.9165
49	29	0.92697
50	29	0.74399
52	29	0.93237
53	29	0.96598
55	29	0.97642
56	29	0.88316
57	29	0.84272
58	29	0.97613
62	29	0.9725
64	29	0.92967
73	29	0.79636
74	29	0.92972
75	29	0.99017
76	29	0.9582
80	29	0.96856
83	29	0.96898
84	29	0.98592
85	29	0.9772
87	29	0.98446
91	29	0.9495
92	29	0.97268
93	29	0.97177
94	29	0.95779
96	29	0.93216
97	29	0.97001
100	29	0.96941
101	29	0.8695
102	29	0.92368
104	29	0.9898
112	29	0.93655
113	29	0.97503
114	29	0.9785
116	29	0.93811
120	29	0.98369
124	29	0.95922
126	29	0.92262
128	29	0.92667
132	29	0.95982
133	29	0.97132
134	29	0.88263
140	29	0.8573
144	29	0.91758
146	29	0.96617
148	29	0.94432
6	30	0.99219
13	30	0.97622
17	30	0.97826
26	30	0.95862
31	30	0.99773
35	30	0.9922
39	30	0.98987
43	30	0.98464
47	30	0.98074
51	30	0.99253
59	30	0.9918
60	30	0.99801
67	30	0.95795
68	30	0.96439
69	30	0.98644
71	30	0.95102
72	30	0.98004
77	30	0.94802
79	30	0.99816
82	30	0.97807
86	30	0.96908
88	30	0.9746
89	30	0.99733
90	30	0.99043
95	30	0.98514
98	30	0.94765
103	30	0.99053
105	30	0.95029
107	30	0.99539
108	30	0.98846
110	30	0.9837
115	30	0.99314
118	30	0.95438
119	30	0.99286
121	30	0.9687
122	30	0.97344
123	30	0.97254
125	30	0.99749
127	30	0.97754
129	30	0.96456
131	30	0.99483
135	30	0.95012
136	30	0.99963
137	30	0.98724
138	30	0.97416
139	30	0.99603
142	30	0.97997
145	30	0.96966
147	30	0.96095
150	30	0.97112
6	31	0.98689
13	31	0.9723
17	31	0.97976
26	31	0.96448
27	31	0.94746
30	31	0.99773
35	31	0.99401
39	31	0.98371
43	31	0.99029
47	31	0.98199
51	31	0.99051
59	31	0.99614
60	31	0.99787
67	31	0.95824
68	31	0.96281
69	31	0.99094
72	31	0.98425
77	31	0.95581
79	31	0.99874
82	31	0.98548
86	31	0.97721
88	31	0.9838
89	31	0.99804
90	31	0.99417
95	31	0.98205
103	31	0.99188
105	31	0.95471
106	31	0.94945
107	31	0.9981
108	31	0.98776
110	31	0.98016
115	31	0.98609
118	31	0.9585
119	31	0.9943
121	31	0.97366
122	31	0.976
123	31	0.97523
125	31	0.99869
127	31	0.97565
129	31	0.9671
131	31	0.99778
135	31	0.95852
136	31	0.9979
137	31	0.99204
138	31	0.98048
139	31	0.99715
142	31	0.98156
145	31	0.95906
147	31	0.95343
150	31	0.97661
2	32	0.97801
6	32	0.96671
12	32	0.96119
13	32	0.98576
14	32	0.96788
16	32	0.96051
17	32	0.97275
18	32	0.95943
19	32	0.98711
20	32	0.99746
21	32	0.92842
23	32	0.93096
24	32	0.94967
25	32	0.97008
26	32	0.965
27	32	0.99099
38	32	0.96399
39	32	0.9709
44	32	0.99389
53	32	0.94765
54	32	0.97523
58	32	0.97788
61	32	0.98987
63	32	0.99649
65	32	0.9956
66	32	0.89281
67	32	0.9938
68	32	0.99364
70	32	0.99455
71	32	0.99606
75	32	0.96814
78	32	0.99058
80	32	0.96669
81	32	0.97998
91	32	0.99185
92	32	0.98298
95	32	0.98013
98	32	0.99829
99	32	0.99108
104	32	0.94218
106	32	0.98099
108	32	0.9751
109	32	0.99829
110	32	0.9836
111	32	0.98516
112	32	0.98131
114	32	0.94572
117	32	0.99532
123	32	0.97895
124	32	0.93949
127	32	0.98441
130	32	0.99622
132	32	0.97349
133	32	0.94696
141	32	0.99751
143	32	0.9667
145	32	0.97852
146	32	0.96289
147	32	0.99311
148	32	0.98462
149	32	0.94477
2	33	0.95123
3	33	0.77776
4	33	0.93566
5	33	0.95827
7	33	0.97745
8	33	0.78954
9	33	0.83572
10	33	0.95306
11	33	0.82073
12	33	0.98392
14	33	0.98489
15	33	0.97764
18	33	0.98358
19	33	0.96796
20	33	0.95955
21	33	0.96077
22	33	0.74601
23	33	0.93459
24	33	0.9443
25	33	0.98724
28	33	0.9444
29	33	0.99311
34	33	0.90278
36	33	0.95203
37	33	0.92466
38	33	0.96953
40	33	0.99677
41	33	0.94887
42	33	0.95249
45	33	0.86202
46	33	0.97107
48	33	0.89615
49	33	0.92673
50	33	0.76792
52	33	0.9132
53	33	0.98624
54	33	0.93422
55	33	0.98249
56	33	0.88182
57	33	0.84547
58	33	0.97701
62	33	0.98827
64	33	0.94623
73	33	0.82892
74	33	0.91807
75	33	0.99442
76	33	0.97235
78	33	0.94617
80	33	0.97123
83	33	0.97148
84	33	0.98634
85	33	0.9715
87	33	0.99062
91	33	0.96123
92	33	0.9769
93	33	0.96854
94	33	0.94109
96	33	0.93383
97	33	0.97023
99	33	0.9444
100	33	0.96921
101	33	0.84778
102	33	0.93047
104	33	0.9957
112	33	0.93622
113	33	0.98053
114	33	0.99365
116	33	0.93239
120	33	0.98003
124	33	0.97228
126	33	0.95255
128	33	0.92093
132	33	0.98065
133	33	0.99102
134	33	0.87839
140	33	0.84758
141	33	0.94799
144	33	0.92587
146	33	0.963
148	33	0.95451
3	34	0.83674
4	34	0.9172
5	34	0.93394
7	34	0.89635
8	34	0.81592
9	34	0.93011
10	34	0.89294
11	34	0.9009
12	34	0.89118
18	34	0.86356
22	34	0.75933
28	34	0.94372
29	34	0.91431
33	34	0.90278
36	34	0.91847
37	34	0.94764
40	34	0.92201
41	34	0.92347
42	34	0.95656
45	34	0.94841
46	34	0.92855
48	34	0.94776
49	34	0.92954
50	34	0.74295
52	34	0.95275
55	34	0.8845
56	34	0.95801
57	34	0.84099
62	34	0.87034
74	34	0.93983
75	34	0.8693
76	34	0.89785
80	34	0.87159
83	34	0.88146
84	34	0.93868
85	34	0.95016
87	34	0.8746
93	34	0.90136
94	34	0.9442
96	34	0.93651
97	34	0.92999
100	34	0.9671
101	34	0.96833
102	34	0.92117
104	34	0.9149
113	34	0.9349
114	34	0.87164
116	34	0.9182
120	34	0.90973
128	34	0.94664
133	34	0.87052
134	34	0.93431
140	34	0.91273
144	34	0.9283
146	34	0.86251
6	35	0.97322
13	35	0.95173
17	35	0.97135
26	35	0.94994
27	35	0.92303
30	35	0.9922
31	35	0.99401
39	35	0.96815
43	35	0.98376
47	35	0.96968
51	35	0.99444
59	35	0.98692
60	35	0.99233
67	35	0.92929
68	35	0.93704
69	35	0.99711
72	35	0.99055
77	35	0.94071
79	35	0.99695
82	35	0.97338
86	35	0.96594
88	35	0.97571
89	35	0.99558
90	35	0.99087
95	35	0.96159
103	35	0.98518
105	35	0.97348
106	35	0.92789
107	35	0.99266
108	35	0.97007
110	35	0.96515
115	35	0.98475
118	35	0.97525
119	35	0.99584
121	35	0.95338
122	35	0.98747
123	35	0.95494
125	35	0.98985
127	35	0.95377
129	35	0.98218
131	35	0.99784
135	35	0.94973
136	35	0.99466
137	35	0.99254
138	35	0.965
139	35	0.99245
142	35	0.96837
145	35	0.94099
147	35	0.92864
150	35	0.98626
3	36	0.89195
4	36	0.95672
5	36	0.92532
7	36	0.95095
8	36	0.91054
9	36	0.86201
10	36	0.96737
11	36	0.89299
12	36	0.91538
14	36	0.91896
15	36	0.93325
18	36	0.91053
22	36	0.85527
25	36	0.92257
28	36	0.95048
29	36	0.95204
33	36	0.95203
34	36	0.91847
37	36	0.96967
40	36	0.94342
41	36	0.91496
42	36	0.94791
45	36	0.93153
46	36	0.95267
48	36	0.95869
49	36	0.92358
50	36	0.89606
52	36	0.95684
53	36	0.93735
55	36	0.97009
56	36	0.95659
57	36	0.88178
62	36	0.96365
73	36	0.90255
74	36	0.94087
75	36	0.92353
76	36	0.97566
83	36	0.92754
84	36	0.96401
85	36	0.98543
87	36	0.94916
93	36	0.95264
94	36	0.96386
96	36	0.98163
97	36	0.98802
100	36	0.97236
101	36	0.87645
102	36	0.94125
104	36	0.94693
113	36	0.97059
114	36	0.95033
120	36	0.93582
124	36	0.93572
126	36	0.91552
128	36	0.98007
133	36	0.93779
134	36	0.9498
140	36	0.88962
144	36	0.97369
3	37	0.88993
4	37	0.93528
5	37	0.91105
7	37	0.92657
8	37	0.89324
9	37	0.88452
10	37	0.96394
11	37	0.91091
12	37	0.89782
15	37	0.89386
22	37	0.83972
25	37	0.88477
28	37	0.93297
29	37	0.91646
33	37	0.92466
34	37	0.94764
36	37	0.96967
40	37	0.92056
41	37	0.88859
42	37	0.92588
45	37	0.92654
46	37	0.92991
48	37	0.93371
49	37	0.90393
50	37	0.86755
52	37	0.95573
53	37	0.90134
55	37	0.94515
56	37	0.95785
57	37	0.87495
62	37	0.9226
73	37	0.91743
74	37	0.91786
75	37	0.88643
76	37	0.93497
84	37	0.94734
85	37	0.96314
87	37	0.90274
93	37	0.93453
94	37	0.92641
96	37	0.95877
97	37	0.95565
100	37	0.97339
101	37	0.89236
102	37	0.94487
104	37	0.93477
113	37	0.94535
114	37	0.92056
120	37	0.90194
124	37	0.91723
128	37	0.95769
133	37	0.91555
134	37	0.94457
140	37	0.88178
144	37	0.9963
2	38	0.98417
10	38	0.90632
12	38	0.95222
13	38	0.95283
14	38	0.98223
15	38	0.98659
16	38	0.93718
18	38	0.95288
19	38	0.9872
20	38	0.97613
21	38	0.99181
23	38	0.9812
25	38	0.98601
27	38	0.96207
29	38	0.94905
32	38	0.96399
33	38	0.96953
40	38	0.95566
44	38	0.94655
50	38	0.7323
53	38	0.98817
55	38	0.95281
58	38	0.97098
61	38	0.97745
62	38	0.96514
63	38	0.96851
64	38	0.98115
65	38	0.96481
67	38	0.96669
68	38	0.96154
70	38	0.97756
71	38	0.96837
73	38	0.81115
75	38	0.97628
76	38	0.93763
77	38	0.9462
78	38	0.98213
81	38	0.97105
87	38	0.96922
91	38	0.9864
92	38	0.97572
98	38	0.96361
99	38	0.95846
104	38	0.96053
106	38	0.95991
109	38	0.95663
114	38	0.98026
117	38	0.97454
121	38	0.96026
123	38	0.96128
124	38	0.96065
126	38	0.97672
127	38	0.95586
132	38	0.99097
133	38	0.98361
135	38	0.93722
141	38	0.97705
143	38	0.98462
6	39	0.99953
13	39	0.99007
17	39	0.98135
26	39	0.96165
27	39	0.96812
30	39	0.98987
31	39	0.98371
32	39	0.9709
35	39	0.96815
43	39	0.96984
44	39	0.96866
47	39	0.98206
51	39	0.96786
59	39	0.97942
60	39	0.99035
61	39	0.96681
63	39	0.97034
65	39	0.97549
66	39	0.86891
67	39	0.9797
68	39	0.985
69	39	0.95614
70	39	0.97097
71	39	0.97887
72	39	0.94422
79	39	0.98048
82	39	0.95855
86	39	0.9505
88	39	0.95338
89	39	0.97899
90	39	0.96531
95	39	0.99581
98	39	0.97695
99	39	0.95509
103	39	0.98407
105	39	0.89779
106	39	0.96319
107	39	0.9824
108	39	0.99355
109	39	0.97592
110	39	0.99504
111	39	0.95039
112	39	0.94174
115	39	0.98425
117	39	0.97321
118	39	0.90443
119	39	0.96727
121	39	0.96776
122	39	0.93393
123	39	0.97861
125	39	0.9838
127	39	0.9891
129	39	0.91999
130	39	0.97881
131	39	0.97286
136	39	0.98805
137	39	0.96252
138	39	0.9676
139	39	0.98455
141	39	0.96781
142	39	0.97552
145	39	0.9936
147	39	0.9893
149	39	0.92501
150	39	0.9297
4	40	0.93117
5	40	0.96556
7	40	0.97123
9	40	0.85307
10	40	0.94221
11	40	0.8216
12	40	0.98405
14	40	0.97698
15	40	0.96495
18	40	0.98097
19	40	0.95909
20	40	0.95506
21	40	0.9454
22	40	0.72749
24	40	0.94348
25	40	0.97693
28	40	0.94897
29	40	0.99551
33	40	0.99677
34	40	0.92201
36	40	0.94342
37	40	0.92056
38	40	0.95566
41	40	0.95656
42	40	0.95967
45	40	0.86963
46	40	0.9731
48	40	0.90236
49	40	0.93205
50	40	0.73936
52	40	0.92136
53	40	0.97165
54	40	0.94106
55	40	0.97197
56	40	0.88459
57	40	0.84035
58	40	0.97567
62	40	0.97605
64	40	0.92626
73	40	0.79943
74	40	0.92476
75	40	0.99213
76	40	0.96191
80	40	0.97275
83	40	0.97052
84	40	0.98794
85	40	0.97107
87	40	0.98388
91	40	0.95444
92	40	0.97494
93	40	0.96686
94	40	0.94672
96	40	0.93006
97	40	0.96539
100	40	0.97209
101	40	0.86985
102	40	0.93041
104	40	0.99508
112	40	0.94361
113	40	0.9787
114	40	0.98361
116	40	0.94199
120	40	0.98272
124	40	0.95835
126	40	0.92871
128	40	0.92022
132	40	0.9675
133	40	0.9816
134	40	0.87948
140	40	0.85726
141	40	0.94091
144	40	0.91761
146	40	0.96987
148	40	0.95508
149	40	0.89008
3	41	0.79425
4	41	0.96921
5	41	0.99674
7	41	0.97754
8	41	0.78415
9	41	0.92607
10	41	0.909
11	41	0.89805
12	41	0.96522
14	41	0.93622
18	41	0.95422
22	41	0.72125
24	41	0.94338
25	41	0.92841
28	41	0.98495
29	41	0.95207
33	41	0.94887
34	41	0.92347
36	41	0.91496
37	41	0.88859
40	41	0.95656
42	41	0.98669
45	41	0.93474
46	41	0.98906
48	41	0.93747
49	41	0.9928
52	41	0.86141
54	41	0.94021
55	41	0.92846
56	41	0.91504
57	41	0.87847
58	41	0.93212
62	41	0.93398
74	41	0.94461
75	41	0.94285
76	41	0.93682
80	41	0.96325
83	41	0.98581
84	41	0.97679
85	41	0.96142
87	41	0.95435
92	41	0.9312
93	41	0.9498
94	41	0.96606
96	41	0.95002
97	41	0.96252
100	41	0.96513
101	41	0.93613
102	41	0.93024
104	41	0.95002
112	41	0.92548
113	41	0.98046
114	41	0.93349
116	41	0.99435
120	41	0.98478
128	41	0.94425
133	41	0.9245
134	41	0.92844
140	41	0.93808
144	41	0.88789
146	41	0.97129
148	41	0.9398
149	41	0.90084
3	42	0.86125
4	42	0.98269
5	42	0.98337
7	42	0.96723
8	42	0.85299
9	42	0.91376
10	42	0.93142
11	42	0.91269
12	42	0.95694
14	42	0.93479
18	42	0.92954
22	42	0.75337
25	42	0.92325
28	42	0.9915
29	42	0.95717
33	42	0.95249
34	42	0.95656
36	42	0.94791
37	42	0.92588
40	42	0.95967
41	42	0.98669
45	42	0.96174
46	42	0.9841
48	42	0.96934
49	42	0.98674
50	42	0.75169
52	42	0.915
55	42	0.94136
56	42	0.95259
57	42	0.88814
58	42	0.92406
62	42	0.93792
74	42	0.97249
75	42	0.93493
76	42	0.96133
80	42	0.94543
83	42	0.96593
84	42	0.97635
85	42	0.98075
87	42	0.95633
93	42	0.93784
94	42	0.98769
96	42	0.96913
97	42	0.98133
100	42	0.98449
101	42	0.95797
102	42	0.92463
104	42	0.95492
113	42	0.98773
114	42	0.93827
116	42	0.97221
120	42	0.97857
128	42	0.97495
133	42	0.93178
134	42	0.94448
140	42	0.92844
144	42	0.92371
146	42	0.94183
6	43	0.97313
13	43	0.97664
17	43	0.98463
26	43	0.97746
27	43	0.95951
30	43	0.98464
31	43	0.99029
35	43	0.98376
39	43	0.96984
47	43	0.98326
51	43	0.97005
59	43	0.9856
60	43	0.98738
61	43	0.96248
67	43	0.96208
68	43	0.96779
69	43	0.97774
70	43	0.95902
72	43	0.97208
77	43	0.98149
78	43	0.95654
79	43	0.98781
81	43	0.95627
82	43	0.98996
86	43	0.99377
88	43	0.99475
89	43	0.98944
90	43	0.98818
95	43	0.97613
103	43	0.99042
105	43	0.93467
106	43	0.95968
107	43	0.9936
108	43	0.98484
110	43	0.97686
115	43	0.95959
117	43	0.95506
118	43	0.93594
119	43	0.97716
121	43	0.98895
122	43	0.95302
123	43	0.98446
125	43	0.98816
127	43	0.97821
129	43	0.94365
131	43	0.98797
135	43	0.98729
136	43	0.98593
137	43	0.9943
138	43	0.99203
139	43	0.99466
142	43	0.99349
150	43	0.95858
2	44	0.95787
6	44	0.96289
12	44	0.96113
13	44	0.97582
14	44	0.96217
16	44	0.93127
17	44	0.95268
18	44	0.94525
19	44	0.97504
20	44	0.98906
24	44	0.93661
25	44	0.95825
26	44	0.94378
27	44	0.97638
32	44	0.99389
38	44	0.94655
39	44	0.96866
54	44	0.98836
58	44	0.9808
61	44	0.97514
63	44	0.99011
65	44	0.98799
66	44	0.89617
67	44	0.98484
68	44	0.98404
70	44	0.98202
71	44	0.99236
75	44	0.9615
78	44	0.97283
80	44	0.96955
81	44	0.95856
91	44	0.98565
92	44	0.98432
95	44	0.97437
98	44	0.99154
99	44	0.97483
106	44	0.96959
108	44	0.96518
109	44	0.98935
110	44	0.97396
111	44	0.99317
112	44	0.99404
117	44	0.98569
120	44	0.93916
123	44	0.96095
127	44	0.97448
130	44	0.99715
132	44	0.9557
141	44	0.98734
145	44	0.98248
146	44	0.96975
147	44	0.99388
148	44	0.98272
149	44	0.97018
3	45	0.90513
4	45	0.96459
5	45	0.93453
7	45	0.90802
8	45	0.89905
9	45	0.94474
10	45	0.90041
11	45	0.97307
12	45	0.86238
22	45	0.79039
28	45	0.96987
29	45	0.87602
33	45	0.86202
34	45	0.94841
36	45	0.93153
37	45	0.92654
40	45	0.86963
41	45	0.93474
42	45	0.96174
46	45	0.93857
48	45	0.98914
49	45	0.96199
50	45	0.77428
52	45	0.90417
55	45	0.87915
56	45	0.98106
57	45	0.88894
62	45	0.85763
74	45	0.9549
76	45	0.89989
80	45	0.85061
83	45	0.89193
84	45	0.92167
85	45	0.9512
87	45	0.86685
93	45	0.89424
94	45	0.96785
96	45	0.96827
97	45	0.94832
100	45	0.95204
101	45	0.97659
102	45	0.90792
104	45	0.86983
113	45	0.93653
114	45	0.84526
116	45	0.92837
120	45	0.90561
128	45	0.98376
134	45	0.98056
140	45	0.95752
144	45	0.92482
146	45	0.83761
3	46	0.81452
4	46	0.97987
5	46	0.99427
7	46	0.9909
8	46	0.82194
9	46	0.91846
10	46	0.95734
11	46	0.91192
12	46	0.97772
14	46	0.95632
18	46	0.9667
22	46	0.7434
24	46	0.94875
25	46	0.95483
28	46	0.99221
29	46	0.97427
33	46	0.97107
34	46	0.92855
36	46	0.95267
37	46	0.92991
40	46	0.9731
41	46	0.98906
42	46	0.9841
45	46	0.93857
48	46	0.95266
49	46	0.98172
50	46	0.73272
52	46	0.90364
53	46	0.94172
55	46	0.96902
56	46	0.92524
57	46	0.89526
58	46	0.9504
62	46	0.95905
73	46	0.78355
74	46	0.9543
75	46	0.96353
76	46	0.95562
80	46	0.97502
83	46	0.98592
84	46	0.99345
85	46	0.98403
87	46	0.97478
92	46	0.94592
93	46	0.97908
94	46	0.97795
96	46	0.96522
97	46	0.98428
100	46	0.98458
101	46	0.92561
102	46	0.94635
104	46	0.97489
113	46	0.99112
114	46	0.96186
116	46	0.98169
120	46	0.99317
124	46	0.95316
128	46	0.96126
132	46	0.93729
133	46	0.95016
134	46	0.93954
140	46	0.9271
144	46	0.93476
146	46	0.96831
148	46	0.93585
6	47	0.98555
13	47	0.98203
16	47	0.95014
17	47	0.98455
26	47	0.9682
27	47	0.97458
30	47	0.98074
31	47	0.98199
35	47	0.96968
39	47	0.98206
43	47	0.98326
51	47	0.95835
59	47	0.97245
60	47	0.9835
61	47	0.97256
63	47	0.95875
65	47	0.97232
66	47	0.86113
67	47	0.97124
68	47	0.98028
69	47	0.96196
70	47	0.96868
71	47	0.96163
72	47	0.94355
77	47	0.96435
78	47	0.9657
79	47	0.9791
81	47	0.96984
82	47	0.96042
86	47	0.96907
88	47	0.97228
89	47	0.97569
90	47	0.96553
95	47	0.97988
98	47	0.96765
99	47	0.96537
103	47	0.9832
105	47	0.90151
106	47	0.95592
107	47	0.98015
108	47	0.98302
109	47	0.97103
110	47	0.98437
115	47	0.9589
117	47	0.96706
118	47	0.90781
119	47	0.96426
121	47	0.97102
122	47	0.9337
123	47	0.97844
125	47	0.97826
127	47	0.97783
129	47	0.91882
130	47	0.95671
131	47	0.97715
135	47	0.95658
136	47	0.98173
137	47	0.97055
138	47	0.97479
139	47	0.98752
141	47	0.96153
142	47	0.9795
145	47	0.96838
147	47	0.96745
150	47	0.92993
3	48	0.89402
4	48	0.96806
5	48	0.93821
7	48	0.92005
8	48	0.90535
9	48	0.91813
10	48	0.92877
11	48	0.95226
12	48	0.8873
22	48	0.7754
28	48	0.97675
29	48	0.9165
33	48	0.89615
34	48	0.94776
36	48	0.95869
37	48	0.93371
40	48	0.90236
41	48	0.93747
